rank: 30, ratio of 0 vs 1: 3, lambda:8, learning_rate: 0.05
iter time objective_function precision@K = 1, 5, 10
[0,30272.721302510203, 0.009708737864077669 0.004368932038834952 0.0036407766990291263],
[1, 0.024981, 30076.10956984751, 0.007281553398058253, 0.004368932038834952, 0.0036407766990291263],
[2, 0.051237699, 29979.596002520302, 0.007281553398058253, 0.0038834951456310682, 0.0036407766990291263],
[3, 0.076922599, 29923.854425802077, 0.007281553398058253, 0.004368932038834952, 0.0038834951456310682],
[4, 0.102075399, 29889.124549432785, 0.007281553398058253, 0.002912621359223301, 0.0038834951456310682],
[5, 0.135328998, 29864.58137365507, 0.007281553398058253, 0.002912621359223301, 0.0038834951456310682],
[6, 0.160474198, 29848.449198066846, 0.007281553398058253, 0.0038834951456310682, 0.004368932038834952],
[7, 0.18961139800000001, 29835.974183443468, 0.007281553398058253, 0.0038834951456310682, 0.004368932038834952],
[8, 0.21476909800000002, 29827.93181587936, 0.007281553398058253, 0.0038834951456310682, 0.004611650485436893],
[9, 0.23941069800000003, 29820.530730820494, 0.007281553398058253, 0.0033980582524271844, 0.0048543689320388345],
[10, 0.268053397, 29816.06909919034, 0.007281553398058253, 0.0038834951456310682, 0.0048543689320388345],
[11, 0.294157298, 29813.129495157445, 0.007281553398058253, 0.0038834951456310682, 0.0048543689320388345],
[12, 0.32082129800000003, 29810.439924071194, 0.007281553398058253, 0.0038834951456310682, 0.004611650485436893],
[13, 0.34805409800000003, 29807.870648626144, 0.007281553398058253, 0.0038834951456310682, 0.0048543689320388345],
[14, 0.37466629900000004, 29807.28089051255, 0.007281553398058253, 0.0038834951456310682, 0.0048543689320388345],
[15, 0.39832289800000004, 29805.731110862227, 0.007281553398058253, 0.0038834951456310682, 0.0048543689320388345],
[16, 0.42387699700000003, 29805.433676919678, 0.007281553398058253, 0.0038834951456310682, 0.0048543689320388345],
[17, 0.44892669700000004, 29804.545862977135, 0.007281553398058253, 0.0038834951456310682, 0.0048543689320388345],
[18, 0.475189497, 29804.03403728865, 0.007281553398058253, 0.0038834951456310682, 0.0048543689320388345],
[19, 0.500249896, 29803.914150456847, 0.007281553398058253, 0.0038834951456310682, 0.0048543689320388345],
[20, 0.5267480950000001, 29803.762119377523, 0.007281553398058253, 0.0038834951456310682, 0.0048543689320388345],
[21, 0.5543655940000001, 29803.521179459673, 0.007281553398058253, 0.0038834951456310682, 0.0048543689320388345],
[22, 0.579940894, 29803.572314701683, 0.007281553398058253, 0.0038834951456310682, 0.0048543689320388345],
[23, 0.605724193, 29803.219716516498, 0.007281553398058253, 0.0038834951456310682, 0.0048543689320388345],
[24, 0.6336022920000001, 29802.605216488122, 0.007281553398058253, 0.0038834951456310682, 0.0048543689320388345],
[25, 0.658641392, 29803.134372257766, 0.007281553398058253, 0.0038834951456310682, 0.0048543689320388345],
[26, 0.6850146920000001, 29803.001488470432, 0.007281553398058253, 0.0038834951456310682, 0.0048543689320388345],
[27, 0.7118391920000001, 29802.953072984736, 0.007281553398058253, 0.0038834951456310682, 0.0048543689320388345],
[28, 0.7381748910000001, 29802.97298750217, 0.007281553398058253, 0.0038834951456310682, 0.0048543689320388345],
[29, 0.7631053920000002, 29802.962339160877, 0.007281553398058253, 0.0038834951456310682, 0.0048543689320388345],
[30, 0.7880175910000001, 29802.95979861999, 0.007281553398058253, 0.0038834951456310682, 0.0048543689320388345],
[31, 0.8138480910000001, 29802.449137847834, 0.007281553398058253, 0.0038834951456310682, 0.0048543689320388345],
[32, 0.8403855910000001, 29802.503692382063, 0.007281553398058253, 0.0038834951456310682, 0.0048543689320388345],
[33, 0.8669066920000001, 29802.99359897458, 0.007281553398058253, 0.0038834951456310682, 0.0048543689320388345],
[34, 0.8926723920000001, 29802.34852033969, 0.007281553398058253, 0.0038834951456310682, 0.0048543689320388345],
[35, 0.9194744910000001, 29802.84255277303, 0.007281553398058253, 0.0038834951456310682, 0.0048543689320388345],
[36, 0.9449603910000001, 29802.755375504472, 0.007281553398058253, 0.0038834951456310682, 0.0048543689320388345],
[37, 0.971877991, 29802.645151715093, 0.007281553398058253, 0.0038834951456310682, 0.0048543689320388345],
[38, 0.998431291, 29802.406907970242, 0.007281553398058253, 0.0038834951456310682, 0.0048543689320388345],
[39, 1.023589292, 29802.625267699994, 0.007281553398058253, 0.0038834951456310682, 0.0048543689320388345],
[40, 1.048470891, 29802.93689424508, 0.007281553398058253, 0.0038834951456310682, 0.0048543689320388345],
[41, 1.079051291, 29803.06988071251, 0.007281553398058253, 0.0038834951456310682, 0.0048543689320388345],
[42, 1.1046130900000002, 29803.216297345847, 0.007281553398058253, 0.0038834951456310682, 0.0048543689320388345],
[43, 1.1303431900000003, 29802.874315644898, 0.007281553398058253, 0.0038834951456310682, 0.0048543689320388345],
[44, 1.1550050900000002, 29802.929014946283, 0.007281553398058253, 0.0038834951456310682, 0.0048543689320388345],
[45, 1.1826550890000003, 29802.993067961565, 0.007281553398058253, 0.0038834951456310682, 0.0048543689320388345],
[46, 1.2091638890000003, 29802.483053160857, 0.007281553398058253, 0.0038834951456310682, 0.0048543689320388345],
[47, 1.2346824890000003, 29802.591707228927, 0.007281553398058253, 0.0038834951456310682, 0.0048543689320388345],
[48, 1.2595376890000003, 29802.399335837927, 0.007281553398058253, 0.0038834951456310682, 0.0048543689320388345],
[49, 1.2854799890000004, 29803.00319528971, 0.007281553398058253, 0.0038834951456310682, 0.0048543689320388345],
[50, 1.3099255880000005, 29802.74259284213, 0.007281553398058253, 0.0038834951456310682, 0.0048543689320388345],
[51, 1.3359225890000004, 29803.166313207694, 0.007281553398058253, 0.0038834951456310682, 0.0048543689320388345],
[52, 1.3622603890000005, 29802.81367789564, 0.007281553398058253, 0.0038834951456310682, 0.0048543689320388345],
[53, 1.3874571890000005, 29802.839276708903, 0.007281553398058253, 0.0038834951456310682, 0.0048543689320388345],
[54, 1.4134764900000005, 29802.753748241143, 0.007281553398058253, 0.0038834951456310682, 0.0048543689320388345],
[55, 1.4396505900000005, 29802.377748272356, 0.007281553398058253, 0.0038834951456310682, 0.0048543689320388345],
[56, 1.4638803910000004, 29802.452492313707, 0.007281553398058253, 0.0038834951456310682, 0.0048543689320388345],
[57, 1.4897151920000005, 29803.081823476972, 0.007281553398058253, 0.0038834951456310682, 0.0048543689320388345],
[58, 1.5194619910000005, 29802.793337935684, 0.007281553398058253, 0.0038834951456310682, 0.0048543689320388345],
[59, 1.5451069920000005, 29802.407353213082, 0.007281553398058253, 0.0038834951456310682, 0.0048543689320388345],
[60, 1.5728165930000004, 29802.757188737705, 0.007281553398058253, 0.0038834951456310682, 0.0048543689320388345],
[61, 1.5991427940000005, 29802.799330933292, 0.007281553398058253, 0.0038834951456310682, 0.0048543689320388345],
[62, 1.6267832940000004, 29802.875833111553, 0.007281553398058253, 0.0038834951456310682, 0.0048543689320388345],
[63, 1.6519226930000004, 29802.566606387838, 0.007281553398058253, 0.0038834951456310682, 0.0048543689320388345],
[64, 1.6768280920000005, 29802.702064335852, 0.007281553398058253, 0.0038834951456310682, 0.0048543689320388345],
[65, 1.7032246920000005, 29802.322467401304, 0.007281553398058253, 0.0038834951456310682, 0.0048543689320388345],
[66, 1.7344181920000006, 29802.939605530722, 0.007281553398058253, 0.0038834951456310682, 0.0048543689320388345],
[67, 1.7624448920000007, 29802.904815972925, 0.007281553398058253, 0.0038834951456310682, 0.0048543689320388345],
[68, 1.7892867930000007, 29802.645300222335, 0.007281553398058253, 0.0038834951456310682, 0.0048543689320388345],
[69, 1.8168754930000006, 29803.022506054032, 0.007281553398058253, 0.0038834951456310682, 0.0048543689320388345],
[70, 1.8424221930000007, 29802.911194116867, 0.007281553398058253, 0.0038834951456310682, 0.0048543689320388345],
[71, 1.8673369920000007, 29802.33724722399, 0.007281553398058253, 0.0038834951456310682, 0.0048543689320388345],
[72, 1.8936099920000007, 29802.933047121613, 0.007281553398058253, 0.0038834951456310682, 0.0048543689320388345],
[73, 1.9196319920000007, 29802.61346204028, 0.007281553398058253, 0.0038834951456310682, 0.0048543689320388345],
[74, 1.9472488920000006, 29802.342528463647, 0.007281553398058253, 0.0038834951456310682, 0.0048543689320388345],
[75, 1.9731141910000005, 29802.217857209198, 0.007281553398058253, 0.0038834951456310682, 0.0048543689320388345],
[76, 2.0016037900000003, 29803.118468004654, 0.007281553398058253, 0.0038834951456310682, 0.0048543689320388345],
[77, 2.0282600910000004, 29802.701619338168, 0.007281553398058253, 0.0038834951456310682, 0.0048543689320388345],
[78, 2.0545710900000005, 29802.778576587112, 0.007281553398058253, 0.0038834951456310682, 0.0048543689320388345],
[79, 2.0806469890000003, 29802.321607433016, 0.007281553398058253, 0.0038834951456310682, 0.0048543689320388345],
[80, 2.1070698890000004, 29803.126561203917, 0.007281553398058253, 0.0038834951456310682, 0.0048543689320388345],
[81, 2.1326009880000005, 29802.68547148307, 0.007281553398058253, 0.0038834951456310682, 0.0048543689320388345],
[82, 2.1598215870000006, 29802.802004961133, 0.007281553398058253, 0.0038834951456310682, 0.0048543689320388345],
[83, 2.1866101880000004, 29802.83119325632, 0.007281553398058253, 0.0038834951456310682, 0.0048543689320388345],
[84, 2.2136288880000006, 29802.94324715016, 0.007281553398058253, 0.0038834951456310682, 0.0048543689320388345],
[85, 2.2397970880000004, 29802.619721834842, 0.007281553398058253, 0.0038834951456310682, 0.0048543689320388345],
[86, 2.2686361880000003, 29802.666516633228, 0.007281553398058253, 0.0038834951456310682, 0.0048543689320388345],
[87, 2.2948543880000005, 29802.99067991215, 0.007281553398058253, 0.0038834951456310682, 0.0048543689320388345],
[88, 2.3204052880000003, 29802.47261174141, 0.007281553398058253, 0.0038834951456310682, 0.0048543689320388345],
[89, 2.3465153890000003, 29802.6428638778, 0.007281553398058253, 0.0038834951456310682, 0.0048543689320388345],
[90, 2.3757893890000004, 29802.917237206962, 0.007281553398058253, 0.0038834951456310682, 0.0048543689320388345],
[91, 2.4008455890000002, 29802.928058948743, 0.007281553398058253, 0.0038834951456310682, 0.0048543689320388345],
[92, 2.427177288, 29802.901195201255, 0.007281553398058253, 0.0038834951456310682, 0.0048543689320388345],
[93, 2.453022288, 29802.87576002941, 0.007281553398058253, 0.0038834951456310682, 0.0048543689320388345],
[94, 2.479433088, 29802.760701436262, 0.007281553398058253, 0.0038834951456310682, 0.0048543689320388345],
[95, 2.504547189, 29802.318902654806, 0.007281553398058253, 0.0038834951456310682, 0.0048543689320388345],
[96, 2.530220389, 29803.32176105319, 0.007281553398058253, 0.0038834951456310682, 0.0048543689320388345],
[97, 2.55700459, 29802.213318245726, 0.007281553398058253, 0.0038834951456310682, 0.0048543689320388345],
[98, 2.5829858900000002, 29802.833547439917, 0.007281553398058253, 0.0038834951456310682, 0.0048543689320388345],
[99, 2.611426191, 29802.70742501699, 0.007281553398058253, 0.0038834951456310682, 0.0048543689320388345],
[100, 2.637732792, 29803.03740471923, 0.007281553398058253, 0.0038834951456310682, 0.0048543689320388345],
[101, 2.665498591, 29802.619246166396, 0.007281553398058253, 0.0038834951456310682, 0.0048543689320388345],
[102, 2.692012191, 29802.38835911182, 0.007281553398058253, 0.0038834951456310682, 0.0048543689320388345],
[103, 2.7177551909999997, 29802.371621354076, 0.007281553398058253, 0.0038834951456310682, 0.0048543689320388345],
[104, 2.7445406899999996, 29802.789307723306, 0.007281553398058253, 0.0038834951456310682, 0.0048543689320388345],
[105, 2.7740406899999996, 29803.009518633167, 0.007281553398058253, 0.0038834951456310682, 0.0048543689320388345],
[106, 2.80418699, 29803.34657797398, 0.007281553398058253, 0.0038834951456310682, 0.0048543689320388345],
[107, 2.831300189, 29802.34577610349, 0.007281553398058253, 0.0038834951456310682, 0.0048543689320388345],
[108, 2.858442389, 29802.97575895817, 0.007281553398058253, 0.0038834951456310682, 0.0048543689320388345],
[109, 2.884512789, 29803.300910330378, 0.007281553398058253, 0.0038834951456310682, 0.0048543689320388345],
[110, 2.910854889, 29802.661145405098, 0.007281553398058253, 0.0038834951456310682, 0.0048543689320388345],
[111, 2.935985488, 29802.238870099874, 0.007281553398058253, 0.0038834951456310682, 0.0048543689320388345],
[112, 2.960768288, 29802.84472211015, 0.007281553398058253, 0.0038834951456310682, 0.0048543689320388345],
[113, 2.985826288, 29802.479210964993, 0.007281553398058253, 0.0038834951456310682, 0.0048543689320388345],
[114, 3.012332588, 29802.91301403, 0.007281553398058253, 0.0038834951456310682, 0.0048543689320388345],
[115, 3.038559688, 29802.756247785, 0.007281553398058253, 0.0038834951456310682, 0.0048543689320388345],
[116, 3.062723588, 29802.91071144892, 0.007281553398058253, 0.0038834951456310682, 0.0048543689320388345],
[117, 3.088754587, 29802.90196373377, 0.007281553398058253, 0.0038834951456310682, 0.0048543689320388345],
[118, 3.114097587, 29803.17506918456, 0.007281553398058253, 0.0038834951456310682, 0.0048543689320388345],
[119, 3.1402663879999997, 29802.454489998665, 0.007281553398058253, 0.0038834951456310682, 0.0048543689320388345],
[120, 3.1649504879999997, 29802.351189095563, 0.007281553398058253, 0.0038834951456310682, 0.0048543689320388345],
[121, 3.1902640879999997, 29802.651646712326, 0.007281553398058253, 0.0038834951456310682, 0.0048543689320388345],
