rank: 30, ratio of 0 vs 1: 3, lambda:6, learning_rate: 0.05
iter time objective_function precision@K = 1, 5, 10
[0,29998.27345456926, 0.009708737864077669 0.004368932038834952 0.0036407766990291263],
[1, 0.0273474, 29883.481242873037, 0.007281553398058253, 0.004368932038834952, 0.0036407766990291263],
[2, 0.059179701, 29805.23314543594, 0.007281553398058253, 0.0038834951456310682, 0.0033980582524271844],
[3, 0.0872064, 29749.337041109906, 0.007281553398058253, 0.0038834951456310682, 0.0036407766990291263],
[4, 0.1147393, 29707.95006911994, 0.007281553398058253, 0.002912621359223301, 0.004611650485436893],
[5, 0.1444976, 29673.947882280045, 0.007281553398058253, 0.002912621359223301, 0.004368932038834952],
[6, 0.181311001, 29646.906045925803, 0.0048543689320388345, 0.0033980582524271844, 0.004126213592233009],
[7, 0.209439201, 29623.04764277816, 0.009708737864077669, 0.0048543689320388345, 0.004611650485436893],
[8, 0.238371001, 29602.60152937581, 0.012135922330097087, 0.004368932038834952, 0.0038834951456310682],
[9, 0.267977601, 29583.208997542817, 0.007281553398058253, 0.0048543689320388345, 0.004126213592233009],
[10, 0.302931402, 29566.520620729116, 0.009708737864077669, 0.004368932038834952, 0.0036407766990291263],
[11, 0.33100000100000004, 29551.29217379741, 0.012135922330097087, 0.0048543689320388345, 0.0033980582524271844],
[12, 0.36617430100000004, 29536.739416087406, 0.009708737864077669, 0.0048543689320388345, 0.004126213592233009],
[13, 0.395934202, 29523.022900506716, 0.0048543689320388345, 0.0038834951456310682, 0.004368932038834952],
[14, 0.42326790200000003, 29510.562637989202, 0.0048543689320388345, 0.004368932038834952, 0.004126213592233009],
[15, 0.452687302, 29498.52727162036, 0.0048543689320388345, 0.004368932038834952, 0.0036407766990291263],
[16, 0.48399020200000004, 29487.31483670311, 0.0048543689320388345, 0.004368932038834952, 0.0036407766990291263],
[17, 0.5147644020000001, 29476.65946042853, 0.0048543689320388345, 0.004368932038834952, 0.004368932038834952],
[18, 0.541872702, 29466.622030675142, 0.009708737864077669, 0.0048543689320388345, 0.004611650485436893],
[19, 0.567424402, 29457.112323587888, 0.009708737864077669, 0.0048543689320388345, 0.005339805825242719],
[20, 0.594514902, 29448.061881942365, 0.007281553398058253, 0.0048543689320388345, 0.0048543689320388345],
[21, 0.6201212030000001, 29439.575180956366, 0.009708737864077669, 0.005339805825242719, 0.004611650485436893],
[22, 0.6473636020000001, 29431.497721518404, 0.012135922330097087, 0.005825242718446602, 0.0048543689320388345],
[23, 0.6737085020000001, 29423.770163625588, 0.009708737864077669, 0.005825242718446602, 0.004611650485436893],
[24, 0.7017698030000001, 29416.27628979068, 0.009708737864077669, 0.006310679611650486, 0.0048543689320388345],
[25, 0.7287207030000001, 29409.4354445198, 0.0024271844660194173, 0.006310679611650486, 0.005097087378640777],
[26, 0.7583412040000002, 29402.855739035997, 0.0024271844660194173, 0.008252427184466019, 0.0048543689320388345],
[27, 0.7866837030000001, 29396.57330807619, 0.0048543689320388345, 0.0077669902912621365, 0.005339805825242719],
[28, 0.8128053030000001, 29390.65358081489, 0.007281553398058253, 0.008252427184466019, 0.005339805825242719],
[29, 0.8394526030000001, 29385.053319420887, 0.007281553398058253, 0.0077669902912621365, 0.00558252427184466],
[30, 0.8671099040000001, 29379.63547402897, 0.007281553398058253, 0.008737864077669903, 0.00558252427184466],
[31, 0.8955204040000001, 29374.506611031506, 0.007281553398058253, 0.008737864077669903, 0.005097087378640777],
[32, 0.922162404, 29369.72755207153, 0.009708737864077669, 0.008252427184466019, 0.00558252427184466],
[33, 0.948094705, 29365.16392063777, 0.007281553398058253, 0.0077669902912621365, 0.00558252427184466],
[34, 0.976390305, 29360.74413131685, 0.007281553398058253, 0.007281553398058253, 0.005339805825242719],
[35, 1.003692805, 29356.58009033562, 0.007281553398058253, 0.008252427184466019, 0.005339805825242719],
[36, 1.030217205, 29352.71088047714, 0.007281553398058253, 0.008252427184466019, 0.00558252427184466],
[37, 1.0571251050000001, 29348.98231166246, 0.007281553398058253, 0.008252427184466019, 0.00558252427184466],
[38, 1.0827221050000002, 29345.366571799495, 0.007281553398058253, 0.008252427184466019, 0.005339805825242719],
[39, 1.1117999060000001, 29342.036196157802, 0.0048543689320388345, 0.008252427184466019, 0.00558252427184466],
[40, 1.137240806, 29338.809437391723, 0.0048543689320388345, 0.008252427184466019, 0.005825242718446602],
[41, 1.1648560060000002, 29335.805253984207, 0.0048543689320388345, 0.0077669902912621365, 0.005825242718446602],
[42, 1.1927317060000002, 29332.926323085598, 0.0048543689320388345, 0.008252427184466019, 0.005825242718446602],
[43, 1.2229959050000003, 29330.168312100024, 0.0048543689320388345, 0.008252427184466019, 0.00558252427184466],
[44, 1.2496916050000004, 29327.559139615092, 0.007281553398058253, 0.0077669902912621365, 0.005825242718446602],
[45, 1.2768078040000004, 29325.027024152092, 0.007281553398058253, 0.0077669902912621365, 0.005825242718446602],
[46, 1.3026015030000004, 29322.726689842097, 0.0048543689320388345, 0.008252427184466019, 0.005825242718446602],
[47, 1.3306667030000003, 29320.45116302386, 0.0048543689320388345, 0.0077669902912621365, 0.00558252427184466],
[48, 1.3577698030000003, 29318.302659902354, 0.0048543689320388345, 0.008252427184466019, 0.00558252427184466],
[49, 1.3839614020000002, 29316.327196461287, 0.0024271844660194173, 0.0077669902912621365, 0.005825242718446602],
[50, 1.4133466020000003, 29314.427345793556, 0.0024271844660194173, 0.0077669902912621365, 0.006067961165048544],
[51, 1.4392869020000003, 29312.59361234841, 0.0048543689320388345, 0.007281553398058253, 0.006067961165048544],
[52, 1.4657619010000003, 29310.8532827862, 0.0048543689320388345, 0.0077669902912621365, 0.005825242718446602],
[53, 1.4917017000000004, 29309.217733536545, 0.0048543689320388345, 0.0077669902912621365, 0.005825242718446602],
[54, 1.5189173990000004, 29307.66129856921, 0.0048543689320388345, 0.0077669902912621365, 0.005825242718446602],
[55, 1.5470072990000006, 29306.135371886146, 0.0024271844660194173, 0.0077669902912621365, 0.005825242718446602],
[56, 1.5728878990000006, 29304.726094967617, 0.0048543689320388345, 0.007281553398058253, 0.005825242718446602],
[57, 1.6009358990000007, 29303.372234283444, 0.0024271844660194173, 0.007281553398058253, 0.005825242718446602],
[58, 1.6285881990000006, 29302.112960904713, 0.0048543689320388345, 0.007281553398058253, 0.00558252427184466],
[59, 1.6550163990000006, 29300.905668275464, 0.0024271844660194173, 0.007281553398058253, 0.00558252427184466],
[60, 1.6821034990000006, 29299.740214588866, 0.0024271844660194173, 0.007281553398058253, 0.00558252427184466],
[61, 1.7099672990000006, 29298.670455059862, 0.0024271844660194173, 0.007281553398058253, 0.00558252427184466],
[62, 1.7358674990000005, 29297.60347521192, 0.0024271844660194173, 0.0077669902912621365, 0.00558252427184466],
[63, 1.7630817990000005, 29296.609334444034, 0.0024271844660194173, 0.007281553398058253, 0.00558252427184466],
[64, 1.7903484990000005, 29295.708503880436, 0.0024271844660194173, 0.007281553398058253, 0.00558252427184466],
[65, 1.8164049990000004, 29294.785734769317, 0.0024271844660194173, 0.007281553398058253, 0.00558252427184466],
[66, 1.8439632990000003, 29293.972740558576, 0.0024271844660194173, 0.007281553398058253, 0.00558252427184466],
[67, 1.8698713000000002, 29293.165664070402, 0.0024271844660194173, 0.007281553398058253, 0.00558252427184466],
[68, 1.8957531010000002, 29292.36892227744, 0.0024271844660194173, 0.007281553398058253, 0.00558252427184466],
[69, 1.9235378020000002, 29291.66915661616, 0.0024271844660194173, 0.007281553398058253, 0.00558252427184466],
[70, 1.9484263020000003, 29290.964475852652, 0.0024271844660194173, 0.007281553398058253, 0.00558252427184466],
[71, 1.9767518020000003, 29290.320503982777, 0.0024271844660194173, 0.007281553398058253, 0.005825242718446602],
[72, 2.003082302, 29289.70085683986, 0.0024271844660194173, 0.007281553398058253, 0.005825242718446602],
[73, 2.029284302, 29289.11600162544, 0.0024271844660194173, 0.007281553398058253, 0.005825242718446602],
[74, 2.056182403, 29288.551952215974, 0.0024271844660194173, 0.007281553398058253, 0.005825242718446602],
[75, 2.082800803, 29287.996200049845, 0.0024271844660194173, 0.007281553398058253, 0.00558252427184466],
[76, 2.110687203, 29287.513903458075, 0.0024271844660194173, 0.007281553398058253, 0.00558252427184466],
[77, 2.136539803, 29287.026710358423, 0.0024271844660194173, 0.007281553398058253, 0.00558252427184466],
[78, 2.163058702, 29286.551605099423, 0.0024271844660194173, 0.007281553398058253, 0.00558252427184466],
[79, 2.1888125019999998, 29286.139349332512, 0.0024271844660194173, 0.007281553398058253, 0.00558252427184466],
[80, 2.2157280019999996, 29285.720772428802, 0.0024271844660194173, 0.007281553398058253, 0.00558252427184466],
[81, 2.246607803, 29285.36077368211, 0.0024271844660194173, 0.007281553398058253, 0.00558252427184466],
[82, 2.274715003, 29284.95864222973, 0.0024271844660194173, 0.006796116504854369, 0.00558252427184466],
[83, 2.3017529029999997, 29284.602162952582, 0.0024271844660194173, 0.006796116504854369, 0.00558252427184466],
[84, 2.3291191029999996, 29284.27824577154, 0.0024271844660194173, 0.006796116504854369, 0.00558252427184466],
[85, 2.3553405039999995, 29283.93852879766, 0.0024271844660194173, 0.006796116504854369, 0.00558252427184466],
[86, 2.3832735039999995, 29283.638647357584, 0.0024271844660194173, 0.006796116504854369, 0.00558252427184466],
[87, 2.4098574039999994, 29283.362210341893, 0.0024271844660194173, 0.006796116504854369, 0.00558252427184466],
[88, 2.4341612039999996, 29283.08175463585, 0.0024271844660194173, 0.006796116504854369, 0.00558252427184466],
[89, 2.4603138029999996, 29282.82195395052, 0.0024271844660194173, 0.006796116504854369, 0.00558252427184466],
[90, 2.4875933019999996, 29282.589515609223, 0.0024271844660194173, 0.006796116504854369, 0.00558252427184466],
[91, 2.5142843019999996, 29282.341183731718, 0.0024271844660194173, 0.006796116504854369, 0.00558252427184466],
[92, 2.540002402, 29282.125811268874, 0.0024271844660194173, 0.006796116504854369, 0.00558252427184466],
[93, 2.566603802, 29281.914772757907, 0.0024271844660194173, 0.006796116504854369, 0.00558252427184466],
[94, 2.5913214019999997, 29281.69766950479, 0.0024271844660194173, 0.006796116504854369, 0.00558252427184466],
[95, 2.6184635029999996, 29281.492901705107, 0.0024271844660194173, 0.006796116504854369, 0.00558252427184466],
[96, 2.6487961029999996, 29281.352997739174, 0.0024271844660194173, 0.006796116504854369, 0.00558252427184466],
[97, 2.6745392029999997, 29281.15788866203, 0.0024271844660194173, 0.006796116504854369, 0.00558252427184466],
[98, 2.701769604, 29281.014268172756, 0.0024271844660194173, 0.006796116504854369, 0.00558252427184466],
[99, 2.729316805, 29280.842054728295, 0.0024271844660194173, 0.006796116504854369, 0.00558252427184466],
[100, 2.756947706, 29280.71830969802, 0.0024271844660194173, 0.006796116504854369, 0.00558252427184466],
[101, 2.785995806, 29280.572996850366, 0.0024271844660194173, 0.006796116504854369, 0.00558252427184466],
[102, 2.8137800069999996, 29280.405574438246, 0.0024271844660194173, 0.006796116504854369, 0.00558252427184466],
[103, 2.840347208, 29280.26893799671, 0.0024271844660194173, 0.006796116504854369, 0.00558252427184466],
[104, 2.868110507, 29280.15973324278, 0.0024271844660194173, 0.006796116504854369, 0.00558252427184466],
[105, 2.8944985069999998, 29280.05745636034, 0.0024271844660194173, 0.006796116504854369, 0.00558252427184466],
[106, 2.928670408, 29279.971457810465, 0.0024271844660194173, 0.006796116504854369, 0.00558252427184466],
[107, 2.957511308, 29279.842062608124, 0.0024271844660194173, 0.006796116504854369, 0.00558252427184466],
[108, 2.986032608, 29279.745254401998, 0.0024271844660194173, 0.006796116504854369, 0.00558252427184466],
[109, 3.012314608, 29279.683278161272, 0.0024271844660194173, 0.006796116504854369, 0.00558252427184466],
[110, 3.039845808, 29279.548972114673, 0.0024271844660194173, 0.006796116504854369, 0.00558252427184466],
[111, 3.067279308, 29279.456769103428, 0.0024271844660194173, 0.006796116504854369, 0.00558252427184466],
[112, 3.0934082079999996, 29279.39822087008, 0.0024271844660194173, 0.006796116504854369, 0.00558252427184466],
[113, 3.1210214089999995, 29279.309879225857, 0.0024271844660194173, 0.006796116504854369, 0.00558252427184466],
[114, 3.1484381089999993, 29279.233765495304, 0.0024271844660194173, 0.006796116504854369, 0.00558252427184466],
[115, 3.1762239089999995, 29279.197001545297, 0.0024271844660194173, 0.006796116504854369, 0.00558252427184466],
[116, 3.2029104089999993, 29279.127503291496, 0.0024271844660194173, 0.006796116504854369, 0.00558252427184466],
[117, 3.2296404089999995, 29279.05649745537, 0.0024271844660194173, 0.006796116504854369, 0.00558252427184466],
[118, 3.2585895089999997, 29278.998683662154, 0.0024271844660194173, 0.006796116504854369, 0.00558252427184466],
[119, 3.284923609, 29278.927531047524, 0.0024271844660194173, 0.006796116504854369, 0.00558252427184466],
[120, 3.3101911079999997, 29278.883620761277, 0.0024271844660194173, 0.006796116504854369, 0.00558252427184466],
[121, 3.3367199069999995, 29278.820736427922, 0.0024271844660194173, 0.006796116504854369, 0.00558252427184466],
