rank: 30, ratio of 0 vs 1: 3, lambda:4, learning_rate: 0.05
iter time objective_function precision@K = 1, 5, 10
[0,29723.825606628314, 0.009708737864077669 0.004368932038834952 0.0036407766990291263],
[1, 0.0279268, 29670.057832107264, 0.007281553398058253, 0.004368932038834952, 0.0036407766990291263],
[2, 0.0532906, 29628.784396981253, 0.007281553398058253, 0.0038834951456310682, 0.0033980582524271844],
[3, 0.0848734, 29596.85713306715, 0.007281553398058253, 0.0033980582524271844, 0.004126213592233009],
[4, 0.109459799, 29572.629132350798, 0.007281553398058253, 0.002912621359223301, 0.004126213592233009],
[5, 0.135612499, 29551.333416500383, 0.007281553398058253, 0.002912621359223301, 0.004611650485436893],
[6, 0.161633299, 29535.212407143976, 0.007281553398058253, 0.004368932038834952, 0.004368932038834952],
[7, 0.188369499, 29520.373628342775, 0.007281553398058253, 0.004368932038834952, 0.004611650485436893],
[8, 0.2144188, 29508.691197407486, 0.009708737864077669, 0.004368932038834952, 0.0048543689320388345],
[9, 0.24032399999999998, 29496.52659517516, 0.007281553398058253, 0.004368932038834952, 0.004611650485436893],
[10, 0.2703836, 29487.350256882346, 0.007281553398058253, 0.0048543689320388345, 0.005097087378640777],
[11, 0.295691, 29479.45074736703, 0.009708737864077669, 0.0048543689320388345, 0.0048543689320388345],
[12, 0.3239179, 29471.58620923993, 0.009708737864077669, 0.0048543689320388345, 0.004611650485436893],
[13, 0.350002899, 29464.04589940843, 0.009708737864077669, 0.0038834951456310682, 0.004368932038834952],
[14, 0.37623299899999996, 29458.14342700688, 0.007281553398058253, 0.004368932038834952, 0.0038834951456310682],
[15, 0.40306759899999994, 29451.846072336033, 0.007281553398058253, 0.004368932038834952, 0.0033980582524271844],
[16, 0.43175899999999995, 29446.483266404488, 0.0024271844660194173, 0.004368932038834952, 0.0033980582524271844],
[17, 0.4580371, 29441.17872908039, 0.007281553398058253, 0.004368932038834952, 0.0038834951456310682],
[18, 0.484045099, 29436.347101678937, 0.0048543689320388345, 0.004368932038834952, 0.0038834951456310682],
[19, 0.517326298, 29431.890145398636, 0.007281553398058253, 0.0048543689320388345, 0.0036407766990291263],
[20, 0.543995098, 29427.615913645386, 0.012135922330097087, 0.0048543689320388345, 0.004126213592233009],
[21, 0.570622498, 29423.763543548543, 0.012135922330097087, 0.0048543689320388345, 0.0038834951456310682],
[22, 0.596680698, 29420.102989292707, 0.009708737864077669, 0.0048543689320388345, 0.004611650485436893],
[23, 0.622709498, 29416.455204259684, 0.009708737864077669, 0.0048543689320388345, 0.0033980582524271844],
[24, 0.6506566979999999, 29412.60900320467, 0.009708737864077669, 0.0038834951456310682, 0.0038834951456310682],
[25, 0.6791743979999999, 29409.71912322898, 0.009708737864077669, 0.0038834951456310682, 0.0038834951456310682],
[26, 0.7055966979999999, 29406.754786837464, 0.009708737864077669, 0.0048543689320388345, 0.004126213592233009],
[27, 0.7318710989999999, 29403.831766551997, 0.009708737864077669, 0.005339805825242719, 0.004368932038834952],
[28, 0.7593083989999999, 29401.205617246378, 0.009708737864077669, 0.005339805825242719, 0.004611650485436893],
[29, 0.7852304989999999, 29398.776304371902, 0.009708737864077669, 0.005339805825242719, 0.004611650485436893],
[30, 0.8122599989999999, 29396.22738365588, 0.012135922330097087, 0.005339805825242719, 0.0048543689320388345],
[31, 0.8384052979999999, 29393.764261359982, 0.012135922330097087, 0.005339805825242719, 0.004611650485436893],
[32, 0.8645328989999999, 29391.744256736074, 0.012135922330097087, 0.006310679611650486, 0.004611650485436893],
[33, 0.8902869989999999, 29389.858497823017, 0.012135922330097087, 0.005339805825242719, 0.0048543689320388345],
[34, 0.9170951999999999, 29387.653827988845, 0.012135922330097087, 0.005825242718446602, 0.0048543689320388345],
[35, 0.9430813999999998, 29385.84734236994, 0.012135922330097087, 0.005339805825242719, 0.0048543689320388345],
[36, 0.9698376999999998, 29384.28579048783, 0.012135922330097087, 0.005825242718446602, 0.004611650485436893],
[37, 0.9972122999999998, 29382.648391076247, 0.012135922330097087, 0.006310679611650486, 0.0048543689320388345],
[38, 1.0254892999999998, 29380.81103725621, 0.012135922330097087, 0.006310679611650486, 0.0048543689320388345],
[39, 1.0536455999999998, 29379.49725164952, 0.012135922330097087, 0.005825242718446602, 0.004611650485436893],
[40, 1.078706, 29378.055406545136, 0.012135922330097087, 0.005825242718446602, 0.005097087378640777],
[41, 1.1085714, 29376.869693503126, 0.012135922330097087, 0.005825242718446602, 0.0048543689320388345],
[42, 1.1392397, 29375.66708300688, 0.012135922330097087, 0.005825242718446602, 0.0048543689320388345],
[43, 1.1663967000000002, 29374.4080880587, 0.012135922330097087, 0.006310679611650486, 0.005097087378640777],
[44, 1.1935135010000002, 29373.28855681591, 0.012135922330097087, 0.006310679611650486, 0.005097087378640777],
[45, 1.2221559010000003, 29372.001538750737, 0.012135922330097087, 0.006310679611650486, 0.005097087378640777],
[46, 1.2488285020000003, 29371.110535434054, 0.012135922330097087, 0.006310679611650486, 0.005097087378640777],
[47, 1.2768705020000002, 29370.03724485254, 0.012135922330097087, 0.006310679611650486, 0.005097087378640777],
[48, 1.3025796010000001, 29369.001955276464, 0.012135922330097087, 0.005825242718446602, 0.005097087378640777],
[49, 1.330043002, 29368.32952640729, 0.012135922330097087, 0.006310679611650486, 0.005097087378640777],
[50, 1.356021003, 29367.555357260655, 0.012135922330097087, 0.006310679611650486, 0.005097087378640777],
[51, 1.386756503, 29366.776156777632, 0.012135922330097087, 0.006796116504854369, 0.005339805825242719],
[52, 1.413160402, 29365.922931218527, 0.012135922330097087, 0.006796116504854369, 0.005097087378640777],
[53, 1.4390813009999999, 29365.29639894287, 0.012135922330097087, 0.007281553398058253, 0.005097087378640777],
[54, 1.4667488009999998, 29364.61534212746, 0.012135922330097087, 0.007281553398058253, 0.005097087378640777],
[55, 1.4929521019999998, 29363.749156833037, 0.012135922330097087, 0.007281553398058253, 0.00558252427184466],
[56, 1.5215861009999998, 29363.186560094335, 0.012135922330097087, 0.007281553398058253, 0.005339805825242719],
[57, 1.5487835019999998, 29362.619390832027, 0.012135922330097087, 0.007281553398058253, 0.005339805825242719],
[58, 1.5769226019999998, 29362.087668732027, 0.012135922330097087, 0.007281553398058253, 0.005339805825242719],
[59, 1.6033252019999997, 29361.513310379578, 0.012135922330097087, 0.007281553398058253, 0.005339805825242719],
[60, 1.6334975019999998, 29360.99492614356, 0.012135922330097087, 0.007281553398058253, 0.005339805825242719],
[61, 1.6608294019999998, 29360.63163189642, 0.012135922330097087, 0.007281553398058253, 0.005339805825242719],
[62, 1.6875356019999999, 29360.036215048473, 0.012135922330097087, 0.007281553398058253, 0.005339805825242719],
[63, 1.7132648019999999, 29359.577478840754, 0.012135922330097087, 0.007281553398058253, 0.005339805825242719],
[64, 1.741126703, 29359.358836353018, 0.012135922330097087, 0.0077669902912621365, 0.005339805825242719],
[65, 1.770189604, 29358.801252909012, 0.012135922330097087, 0.0077669902912621365, 0.005339805825242719],
[66, 1.797460004, 29358.597854566076, 0.012135922330097087, 0.0077669902912621365, 0.005339805825242719],
[67, 1.8241476049999998, 29358.22281324544, 0.012135922330097087, 0.007281553398058253, 0.005339805825242719],
[68, 1.8498112049999997, 29357.725451130245, 0.012135922330097087, 0.007281553398058253, 0.005339805825242719],
[69, 1.8783935049999998, 29357.553249208257, 0.012135922330097087, 0.007281553398058253, 0.005339805825242719],
[70, 1.9055492039999997, 29357.179318155988, 0.012135922330097087, 0.007281553398058253, 0.005339805825242719],
[71, 1.9328956049999997, 29356.890511688933, 0.012135922330097087, 0.007281553398058253, 0.005339805825242719],
[72, 1.9603085049999998, 29356.678822421964, 0.012135922330097087, 0.007281553398058253, 0.005339805825242719],
[73, 1.9907241049999997, 29356.42367868881, 0.012135922330097087, 0.007281553398058253, 0.005339805825242719],
[74, 2.0174378039999996, 29356.125764810386, 0.012135922330097087, 0.007281553398058253, 0.005339805825242719],
[75, 2.0453261029999994, 29355.79227347421, 0.012135922330097087, 0.007281553398058253, 0.005339805825242719],
[76, 2.0728749029999993, 29355.765346756376, 0.012135922330097087, 0.007281553398058253, 0.005097087378640777],
[77, 2.1004404029999995, 29355.514044493102, 0.012135922330097087, 0.007281553398058253, 0.005097087378640777],
[78, 2.1267879029999994, 29355.238891594836, 0.012135922330097087, 0.007281553398058253, 0.005097087378640777],
[79, 2.1553455029999995, 29355.089953790437, 0.012135922330097087, 0.0077669902912621365, 0.005097087378640777],
[80, 2.1823241039999997, 29354.949347133243, 0.012135922330097087, 0.0077669902912621365, 0.005097087378640777],
[81, 2.2108229029999995, 29354.925821947294, 0.012135922330097087, 0.007281553398058253, 0.005097087378640777],
[82, 2.2373260029999997, 29354.607356943085, 0.012135922330097087, 0.007281553398058253, 0.005097087378640777],
[83, 2.2635264029999997, 29354.465248069795, 0.012135922330097087, 0.0077669902912621365, 0.005097087378640777],
[84, 2.2907366029999996, 29354.385997412635, 0.012135922330097087, 0.007281553398058253, 0.005097087378640777],
[85, 2.3170665029999995, 29354.119973198787, 0.012135922330097087, 0.007281553398058253, 0.005097087378640777],
[86, 2.3468359019999996, 29354.02334898506, 0.012135922330097087, 0.007281553398058253, 0.005097087378640777],
[87, 2.3738536029999997, 29353.947832330145, 0.012135922330097087, 0.007281553398058253, 0.005097087378640777],
[88, 2.4036736029999997, 29353.763211423044, 0.012135922330097087, 0.007281553398058253, 0.005097087378640777],
[89, 2.4313467029999996, 29353.66569704815, 0.012135922330097087, 0.007281553398058253, 0.005097087378640777],
[90, 2.4605512029999996, 29353.627793449057, 0.012135922330097087, 0.007281553398058253, 0.005097087378640777],
[91, 2.4880084039999995, 29353.48338916046, 0.012135922330097087, 0.007281553398058253, 0.005097087378640777],
[92, 2.5149770039999995, 29353.436597897115, 0.012135922330097087, 0.007281553398058253, 0.005097087378640777],
[93, 2.5418249039999994, 29353.313690913237, 0.012135922330097087, 0.007281553398058253, 0.005097087378640777],
[94, 2.5707391039999994, 29353.132224155423, 0.012135922330097087, 0.007281553398058253, 0.005097087378640777],
[95, 2.596682103999999, 29352.956796050938, 0.012135922330097087, 0.007281553398058253, 0.005097087378640777],
[96, 2.6243583039999994, 29353.178430464228, 0.012135922330097087, 0.007281553398058253, 0.005097087378640777],
[97, 2.6518796029999994, 29352.863949400275, 0.012135922330097087, 0.007281553398058253, 0.005097087378640777],
[98, 2.6803482039999995, 29352.982896682654, 0.012135922330097087, 0.007281553398058253, 0.005097087378640777],
[99, 2.7073154039999996, 29352.810138141678, 0.012135922330097087, 0.007281553398058253, 0.005097087378640777],
[100, 2.7326330049999994, 29352.925696922004, 0.012135922330097087, 0.007281553398058253, 0.005097087378640777],
[101, 2.7610546049999996, 29352.7903344198, 0.012135922330097087, 0.007281553398058253, 0.005097087378640777],
[102, 2.7884901049999997, 29352.55374093402, 0.012135922330097087, 0.007281553398058253, 0.005097087378640777],
[103, 2.8153321049999995, 29352.433199119052, 0.012135922330097087, 0.007281553398058253, 0.005097087378640777],
[104, 2.8433758039999995, 29352.502505402506, 0.012135922330097087, 0.007281553398058253, 0.005097087378640777],
[105, 2.8740653039999993, 29352.525159265744, 0.012135922330097087, 0.007281553398058253, 0.005097087378640777],
[106, 2.8994035039999995, 29352.5825534833, 0.012135922330097087, 0.007281553398058253, 0.005097087378640777],
[107, 2.9270203029999995, 29352.33764691551, 0.012135922330097087, 0.007281553398058253, 0.005097087378640777],
[108, 2.9560990029999994, 29352.38034006508, 0.012135922330097087, 0.007281553398058253, 0.005097087378640777],
[109, 2.9829625019999995, 29352.510325375217, 0.012135922330097087, 0.007281553398058253, 0.005097087378640777],
[110, 3.0093079029999994, 29352.1480799954, 0.012135922330097087, 0.007281553398058253, 0.005097087378640777],
[111, 3.0368472029999993, 29352.090892400134, 0.012135922330097087, 0.007281553398058253, 0.005097087378640777],
[112, 3.0643225039999993, 29352.179426212093, 0.012135922330097087, 0.007281553398058253, 0.005097087378640777],
[113, 3.0905565029999993, 29352.08567305146, 0.012135922330097087, 0.007281553398058253, 0.005097087378640777],
[114, 3.116768702999999, 29352.035866742903, 0.012135922330097087, 0.007281553398058253, 0.005097087378640777],
[115, 3.143320301999999, 29352.170661950047, 0.012135922330097087, 0.007281553398058253, 0.005097087378640777],
[116, 3.1693336019999987, 29352.14041451726, 0.012135922330097087, 0.007281553398058253, 0.005097087378640777],
[117, 3.194155900999999, 29352.06468235601, 0.012135922330097087, 0.007281553398058253, 0.005097087378640777],
[118, 3.2195494009999988, 29352.068572499276, 0.012135922330097087, 0.007281553398058253, 0.005097087378640777],
[119, 3.2506290009999987, 29351.878809516078, 0.012135922330097087, 0.007281553398058253, 0.005097087378640777],
[120, 3.2759175999999988, 29351.89159248297, 0.012135922330097087, 0.007281553398058253, 0.005097087378640777],
[121, 3.303140500999999, 29351.84950819101, 0.012135922330097087, 0.007281553398058253, 0.005097087378640777],
