rank: 30, ratio of 0 vs 1: 3, lambda:7, learning_rate: 0.05
iter time objective_function precision@K = 1, 5, 10
[0,30135.49737853973, 0.009708737864077669 0.004368932038834952 0.0036407766990291263],
[1, 0.027072799, 29982.256768254538, 0.007281553398058253, 0.004368932038834952, 0.0036407766990291263],
[2, 0.053304699, 29888.345858683788, 0.007281553398058253, 0.0038834951456310682, 0.0033980582524271844],
[3, 0.082516699, 29825.632278603767, 0.007281553398058253, 0.004368932038834952, 0.0033980582524271844],
[4, 0.116247399, 29781.104258990126, 0.007281553398058253, 0.002912621359223301, 0.004368932038834952],
[5, 0.143434499, 29745.902172374754, 0.007281553398058253, 0.0033980582524271844, 0.004126213592233009],
[6, 0.169241499, 29718.66902567713, 0.007281553398058253, 0.0033980582524271844, 0.004126213592233009],
[7, 0.196856499, 29695.435913263373, 0.007281553398058253, 0.0048543689320388345, 0.004611650485436893],
[8, 0.223407, 29676.32746203583, 0.012135922330097087, 0.004368932038834952, 0.004368932038834952],
[9, 0.24962779999999998, 29658.839817055632, 0.0048543689320388345, 0.004368932038834952, 0.004126213592233009],
[10, 0.275858899, 29644.506340409294, 0.007281553398058253, 0.004368932038834952, 0.004368932038834952],
[11, 0.3020962, 29632.087505474203, 0.009708737864077669, 0.005339805825242719, 0.004368932038834952],
[12, 0.3284276, 29620.735045256064, 0.009708737864077669, 0.005339805825242719, 0.0038834951456310682],
[13, 0.354463, 29610.47271683297, 0.009708737864077669, 0.0038834951456310682, 0.004126213592233009],
[14, 0.381232401, 29601.885736760265, 0.009708737864077669, 0.0038834951456310682, 0.003155339805825243],
[15, 0.406855702, 29593.787880763102, 0.007281553398058253, 0.0038834951456310682, 0.0033980582524271844],
[16, 0.433043703, 29586.815724197808, 0.007281553398058253, 0.0038834951456310682, 0.0033980582524271844],
[17, 0.458883704, 29580.40919902383, 0.007281553398058253, 0.0038834951456310682, 0.0033980582524271844],
[18, 0.485767503, 29574.727596466233, 0.007281553398058253, 0.004368932038834952, 0.0033980582524271844],
[19, 0.511571003, 29569.680027505477, 0.007281553398058253, 0.0038834951456310682, 0.0036407766990291263],
[20, 0.538079704, 29565.100517071733, 0.009708737864077669, 0.0038834951456310682, 0.0036407766990291263],
[21, 0.5650010040000001, 29561.052516410724, 0.009708737864077669, 0.0038834951456310682, 0.0033980582524271844],
[22, 0.591049004, 29557.44417508504, 0.009708737864077669, 0.0038834951456310682, 0.0038834951456310682],
[23, 0.617997805, 29554.073206949877, 0.009708737864077669, 0.0038834951456310682, 0.0036407766990291263],
[24, 0.651813804, 29550.840915559682, 0.009708737864077669, 0.0038834951456310682, 0.0036407766990291263],
[25, 0.678427204, 29548.34854187375, 0.007281553398058253, 0.0038834951456310682, 0.0033980582524271844],
[26, 0.704028304, 29545.952253945452, 0.007281553398058253, 0.0038834951456310682, 0.0036407766990291263],
[27, 0.7306414050000001, 29543.745656067287, 0.009708737864077669, 0.0033980582524271844, 0.0036407766990291263],
[28, 0.759497406, 29541.829553564192, 0.009708737864077669, 0.0038834951456310682, 0.0036407766990291263],
[29, 0.785624306, 29540.129741820878, 0.009708737864077669, 0.0038834951456310682, 0.0036407766990291263],
[30, 0.812070906, 29538.497986804236, 0.009708737864077669, 0.0038834951456310682, 0.0036407766990291263],
[31, 0.838199206, 29536.961514737337, 0.009708737864077669, 0.0038834951456310682, 0.0036407766990291263],
[32, 0.866687505, 29535.76024324925, 0.009708737864077669, 0.0038834951456310682, 0.0036407766990291263],
[33, 0.893253506, 29534.729703185665, 0.009708737864077669, 0.0033980582524271844, 0.0036407766990291263],
[34, 0.919384505, 29533.525525112414, 0.007281553398058253, 0.0033980582524271844, 0.0036407766990291263],
[35, 0.949011905, 29532.66041859061, 0.007281553398058253, 0.0033980582524271844, 0.0036407766990291263],
[36, 0.974873905, 29531.908890393155, 0.007281553398058253, 0.0033980582524271844, 0.0036407766990291263],
[37, 1.002167005, 29531.159860401098, 0.007281553398058253, 0.0033980582524271844, 0.0036407766990291263],
[38, 1.027679205, 29530.34215322985, 0.009708737864077669, 0.0033980582524271844, 0.0036407766990291263],
[39, 1.0544927050000001, 29529.833095116785, 0.007281553398058253, 0.0038834951456310682, 0.0036407766990291263],
[40, 1.0823763060000002, 29529.302213850664, 0.007281553398058253, 0.0038834951456310682, 0.0036407766990291263],
[41, 1.1078660060000003, 29528.888989951665, 0.007281553398058253, 0.0038834951456310682, 0.0036407766990291263],
[42, 1.1340411060000002, 29528.495604749118, 0.007281553398058253, 0.0038834951456310682, 0.0036407766990291263],
[43, 1.1601558060000001, 29528.069037126068, 0.007281553398058253, 0.0038834951456310682, 0.0036407766990291263],
[44, 1.186512207, 29527.70432268865, 0.007281553398058253, 0.0038834951456310682, 0.0036407766990291263],
[45, 1.213203607, 29527.28807659699, 0.007281553398058253, 0.0038834951456310682, 0.0036407766990291263],
[46, 1.238878707, 29527.02985013854, 0.007281553398058253, 0.0038834951456310682, 0.0036407766990291263],
[47, 1.264502507, 29526.73436713681, 0.009708737864077669, 0.0038834951456310682, 0.0036407766990291263],
[48, 1.293266007, 29526.426179392856, 0.009708737864077669, 0.0038834951456310682, 0.0036407766990291263],
[49, 1.319194108, 29526.369301105256, 0.009708737864077669, 0.0038834951456310682, 0.0036407766990291263],
[50, 1.345252508, 29526.199139223212, 0.009708737864077669, 0.0038834951456310682, 0.0036407766990291263],
[51, 1.3727772089999999, 29526.077787737282, 0.009708737864077669, 0.0038834951456310682, 0.0036407766990291263],
[52, 1.398590708, 29525.84633823232, 0.009708737864077669, 0.0038834951456310682, 0.0036407766990291263],
[53, 1.4252744069999999, 29525.754803850617, 0.009708737864077669, 0.0038834951456310682, 0.0036407766990291263],
[54, 1.4515283069999998, 29525.61820805313, 0.009708737864077669, 0.0038834951456310682, 0.0036407766990291263],
[55, 1.4893166059999998, 29525.36370957807, 0.009708737864077669, 0.0038834951456310682, 0.0036407766990291263],
[56, 1.5166037069999998, 29525.30087318958, 0.009708737864077669, 0.0038834951456310682, 0.0036407766990291263],
[57, 1.5440403069999997, 29525.277407962847, 0.009708737864077669, 0.0038834951456310682, 0.0036407766990291263],
[58, 1.5698816079999998, 29525.154872178893, 0.009708737864077669, 0.0038834951456310682, 0.0036407766990291263],
[59, 1.5967494069999997, 29525.041569884193, 0.009708737864077669, 0.0038834951456310682, 0.0036407766990291263],
[60, 1.6231722069999996, 29525.01199224166, 0.009708737864077669, 0.0038834951456310682, 0.0036407766990291263],
[61, 1.6493164069999997, 29525.01387297811, 0.009708737864077669, 0.0038834951456310682, 0.0036407766990291263],
[62, 1.6757959069999997, 29524.87245187106, 0.009708737864077669, 0.0038834951456310682, 0.0036407766990291263],
[63, 1.7018553069999998, 29524.777877510413, 0.009708737864077669, 0.0038834951456310682, 0.0036407766990291263],
[64, 1.7281705069999997, 29524.87922682618, 0.009708737864077669, 0.0038834951456310682, 0.0036407766990291263],
[65, 1.7552985079999996, 29524.703303455328, 0.009708737864077669, 0.0038834951456310682, 0.0038834951456310682],
[66, 1.7809597079999997, 29524.808633036395, 0.009708737864077669, 0.0038834951456310682, 0.0038834951456310682],
[67, 1.8057954079999996, 29524.755154773047, 0.009708737864077669, 0.0038834951456310682, 0.0038834951456310682],
[68, 1.8310860089999996, 29524.614856724038, 0.009708737864077669, 0.0038834951456310682, 0.0038834951456310682],
[69, 1.8578265099999995, 29524.71623689169, 0.009708737864077669, 0.0038834951456310682, 0.0038834951456310682],
[70, 1.8837335089999996, 29524.618167955887, 0.009708737864077669, 0.0038834951456310682, 0.0038834951456310682],
[71, 1.9100404089999996, 29524.561006196644, 0.009708737864077669, 0.0038834951456310682, 0.0038834951456310682],
[72, 1.9364861089999996, 29524.626300714142, 0.009708737864077669, 0.0038834951456310682, 0.0038834951456310682],
[73, 1.9629720089999996, 29524.57515765953, 0.009708737864077669, 0.0038834951456310682, 0.0038834951456310682],
[74, 1.9893252089999995, 29524.499790816062, 0.009708737864077669, 0.0038834951456310682, 0.0038834951456310682],
[75, 2.0179706089999994, 29524.435798238137, 0.009708737864077669, 0.0038834951456310682, 0.0038834951456310682],
[76, 2.0437512089999994, 29524.595799839823, 0.009708737864077669, 0.0038834951456310682, 0.0038834951456310682],
[77, 2.0703417089999996, 29524.51854128465, 0.009708737864077669, 0.0038834951456310682, 0.0038834951456310682],
[78, 2.0964050089999997, 29524.48772567913, 0.009708737864077669, 0.0038834951456310682, 0.0038834951456310682],
[79, 2.122242809, 29524.453900603337, 0.009708737864077669, 0.0038834951456310682, 0.0038834951456310682],
[80, 2.148648509, 29524.52996668591, 0.009708737864077669, 0.0038834951456310682, 0.0038834951456310682],
[81, 2.1742003100000002, 29524.570398867327, 0.009708737864077669, 0.0038834951456310682, 0.0038834951456310682],
[82, 2.201006011, 29524.5078992054, 0.009708737864077669, 0.0038834951456310682, 0.0038834951456310682],
[83, 2.2272359120000003, 29524.48624813793, 0.009708737864077669, 0.0038834951456310682, 0.0038834951456310682],
[84, 2.2541961130000003, 29524.53848370414, 0.009708737864077669, 0.0038834951456310682, 0.0038834951456310682],
[85, 2.2817341140000003, 29524.440079172746, 0.009708737864077669, 0.0038834951456310682, 0.0038834951456310682],
[86, 2.3069141140000005, 29524.454192497273, 0.009708737864077669, 0.0038834951456310682, 0.0038834951456310682],
[87, 2.3340298150000005, 29524.51869778723, 0.009708737864077669, 0.0038834951456310682, 0.0038834951456310682],
[88, 2.3593903150000006, 29524.42108150451, 0.009708737864077669, 0.0038834951456310682, 0.0038834951456310682],
[89, 2.3857777150000006, 29524.42947181634, 0.009708737864077669, 0.0038834951456310682, 0.0038834951456310682],
[90, 2.4162402150000006, 29524.504216458095, 0.009708737864077669, 0.0038834951456310682, 0.0038834951456310682],
[91, 2.4442506150000005, 29524.49191711579, 0.009708737864077669, 0.0038834951456310682, 0.0038834951456310682],
[92, 2.4721266140000004, 29524.514737327052, 0.009708737864077669, 0.0038834951456310682, 0.0038834951456310682],
[93, 2.4989408150000005, 29524.469855856834, 0.009708737864077669, 0.0038834951456310682, 0.0038834951456310682],
[94, 2.5246512150000004, 29524.41373267818, 0.009708737864077669, 0.0038834951456310682, 0.0038834951456310682],
[95, 2.5504039150000004, 29524.333545904785, 0.009708737864077669, 0.0038834951456310682, 0.0038834951456310682],
[96, 2.5755553150000003, 29524.573536602387, 0.009708737864077669, 0.0038834951456310682, 0.0038834951456310682],
[97, 2.6030991160000005, 29524.3338986702, 0.009708737864077669, 0.0038834951456310682, 0.0038834951456310682],
[98, 2.6296751160000005, 29524.490321267473, 0.009708737864077669, 0.0038834951456310682, 0.0038834951456310682],
[99, 2.6569785160000006, 29524.430014441692, 0.009708737864077669, 0.0038834951456310682, 0.0038834951456310682],
[100, 2.6839947170000005, 29524.554279417043, 0.009708737864077669, 0.0038834951456310682, 0.0038834951456310682],
[101, 2.7097515170000004, 29524.47245901858, 0.009708737864077669, 0.0038834951456310682, 0.0038834951456310682],
[102, 2.7363964170000004, 29524.351180791728, 0.009708737864077669, 0.0038834951456310682, 0.0038834951456310682],
[103, 2.7623326160000006, 29524.31496823216, 0.009708737864077669, 0.0038834951456310682, 0.0038834951456310682],
[104, 2.788165216000001, 29524.43913803837, 0.009708737864077669, 0.0038834951456310682, 0.0038834951456310682],
[105, 2.8163595150000007, 29524.49638953966, 0.009708737864077669, 0.0038834951456310682, 0.0038834951456310682],
[106, 2.844369414000001, 29524.571411192872, 0.009708737864077669, 0.0038834951456310682, 0.0038834951456310682],
[107, 2.8706982130000007, 29524.365098768045, 0.009708737864077669, 0.0038834951456310682, 0.0038834951456310682],
[108, 2.8971936130000007, 29524.47223771683, 0.009708737864077669, 0.0038834951456310682, 0.0038834951456310682],
[109, 2.9233301130000005, 29524.591418785425, 0.009708737864077669, 0.0038834951456310682, 0.0038834951456310682],
[110, 2.9503255130000006, 29524.359282963327, 0.009708737864077669, 0.0038834951456310682, 0.0038834951456310682],
[111, 2.9771677130000005, 29524.30452163246, 0.009708737864077669, 0.0038834951456310682, 0.0038834951456310682],
[112, 3.0036974130000007, 29524.447712346548, 0.009708737864077669, 0.0038834951456310682, 0.0038834951456310682],
[113, 3.0288729130000007, 29524.367752378163, 0.009708737864077669, 0.0038834951456310682, 0.0038834951456310682],
[114, 3.0562950140000007, 29524.379845678388, 0.009708737864077669, 0.0038834951456310682, 0.0038834951456310682],
[115, 3.0821081150000005, 29524.461720020867, 0.009708737864077669, 0.0038834951456310682, 0.0038834951456310682],
[116, 3.1091272150000004, 29524.494969072934, 0.009708737864077669, 0.0038834951456310682, 0.0038834951456310682],
[117, 3.1373105150000002, 29524.46036828051, 0.009708737864077669, 0.0038834951456310682, 0.0038834951456310682],
[118, 3.163310914, 29524.49837267677, 0.009708737864077669, 0.0038834951456310682, 0.0038834951456310682],
[119, 3.1895506140000003, 29524.332021006194, 0.009708737864077669, 0.0038834951456310682, 0.0038834951456310682],
[120, 3.2165010140000003, 29524.337107436655, 0.009708737864077669, 0.0038834951456310682, 0.0038834951456310682],
[121, 3.2431589140000003, 29524.35853126938, 0.009708737864077669, 0.0038834951456310682, 0.0038834951456310682],
