rank: 30, ratio of 0 vs 1: 3, lambda:2, learning_rate: 0.05
iter time objective_function precision@K = 1, 5, 10
[0,29449.377758687373, 0.009708737864077669 0.004368932038834952 0.0036407766990291263],
[1, 0.027113601, 29433.631019066543, 0.007281553398058253, 0.004368932038834952, 0.0036407766990291263],
[2, 0.0571468, 29419.594631305514, 0.007281553398058253, 0.0038834951456310682, 0.0036407766990291263],
[3, 0.086451, 29407.67305247245, 0.007281553398058253, 0.002912621359223301, 0.004126213592233009],
[4, 0.114291001, 29398.983008893378, 0.007281553398058253, 0.002912621359223301, 0.0038834951456310682],
[5, 0.143281002, 29389.330422868683, 0.007281553398058253, 0.0033980582524271844, 0.004611650485436893],
[6, 0.16909850099999998, 29383.22982725404, 0.007281553398058253, 0.0038834951456310682, 0.004368932038834952],
[7, 0.20405570099999998, 29375.97785472047, 0.007281553398058253, 0.0038834951456310682, 0.0048543689320388345],
[8, 0.23164490199999999, 29371.71192936794, 0.007281553398058253, 0.0048543689320388345, 0.005097087378640777],
[9, 0.259029102, 29364.501427815736, 0.007281553398058253, 0.0048543689320388345, 0.0048543689320388345],
[10, 0.289866402, 29360.76440421275, 0.009708737864077669, 0.0048543689320388345, 0.0048543689320388345],
[11, 0.31939800100000004, 29358.108035729834, 0.009708737864077669, 0.004368932038834952, 0.005097087378640777],
[12, 0.34680870100000005, 29354.52666424602, 0.007281553398058253, 0.0048543689320388345, 0.0048543689320388345],
[13, 0.37794560200000005, 29350.412337294787, 0.007281553398058253, 0.0038834951456310682, 0.004611650485436893],
[14, 0.40529260100000003, 29349.071222068913, 0.009708737864077669, 0.004368932038834952, 0.0048543689320388345],
[15, 0.437922601, 29345.776990135084, 0.012135922330097087, 0.0048543689320388345, 0.004611650485436893],
[16, 0.465622701, 29344.152789164596, 0.009708737864077669, 0.0048543689320388345, 0.004126213592233009],
[17, 0.504128201, 29341.660876272243, 0.009708737864077669, 0.004368932038834952, 0.0038834951456310682],
[18, 0.534113401, 29339.674029215574, 0.007281553398058253, 0.004368932038834952, 0.004126213592233009],
[19, 0.562702, 29338.195330508686, 0.009708737864077669, 0.004368932038834952, 0.0048543689320388345],
[20, 0.5888593010000001, 29336.64479336779, 0.009708737864077669, 0.0048543689320388345, 0.004126213592233009],
[21, 0.6192733020000001, 29335.44721424368, 0.009708737864077669, 0.0048543689320388345, 0.0038834951456310682],
[22, 0.6497143030000001, 29334.319569270257, 0.009708737864077669, 0.0048543689320388345, 0.004126213592233009],
[23, 0.675942404, 29332.73986426373, 0.007281553398058253, 0.005339805825242719, 0.0033980582524271844],
[24, 0.7070829030000001, 29330.348666034166, 0.007281553398058253, 0.0048543689320388345, 0.0038834951456310682],
[25, 0.7348681020000001, 29329.95500846406, 0.007281553398058253, 0.0048543689320388345, 0.004368932038834952],
[26, 0.7614589020000001, 29329.03228441631, 0.007281553398058253, 0.005339805825242719, 0.004368932038834952],
[27, 0.7900413010000001, 29327.78268051247, 0.007281553398058253, 0.005339805825242719, 0.004126213592233009],
[28, 0.8180059010000001, 29327.018178394792, 0.009708737864077669, 0.005339805825242719, 0.004126213592233009],
[29, 0.8465948010000002, 29326.39006673929, 0.007281553398058253, 0.005339805825242719, 0.004126213592233009],
[30, 0.8764151010000002, 29325.292817021986, 0.007281553398058253, 0.005825242718446602, 0.004126213592233009],
[31, 0.9072752010000003, 29323.84260674533, 0.007281553398058253, 0.005825242718446602, 0.004368932038834952],
[32, 0.9326909020000003, 29323.39779988669, 0.007281553398058253, 0.006310679611650486, 0.004611650485436893],
[33, 0.9649401010000003, 29323.3754615102, 0.007281553398058253, 0.005825242718446602, 0.004611650485436893],
[34, 0.9920903020000003, 29321.806585625236, 0.007281553398058253, 0.005825242718446602, 0.004611650485436893],
[35, 1.0249964030000003, 29321.616158477118, 0.007281553398058253, 0.005825242718446602, 0.0048543689320388345],
[36, 1.0558372030000003, 29321.476386405877, 0.007281553398058253, 0.006310679611650486, 0.0048543689320388345],
[37, 1.0841740020000004, 29320.83292259914, 0.009708737864077669, 0.005825242718446602, 0.005097087378640777],
[38, 1.1137687020000004, 29319.514053125215, 0.009708737864077669, 0.006310679611650486, 0.004611650485436893],
[39, 1.1433690010000004, 29319.618771943395, 0.009708737864077669, 0.006796116504854369, 0.004611650485436893],
[40, 1.1740959000000004, 29319.303805516185, 0.009708737864077669, 0.006796116504854369, 0.0048543689320388345],
[41, 1.2023722000000003, 29319.33132520388, 0.009708737864077669, 0.006310679611650486, 0.004611650485436893],
[42, 1.2339719010000003, 29319.16212213043, 0.009708737864077669, 0.006310679611650486, 0.004611650485436893],
[43, 1.2629851000000003, 29318.528392110213, 0.009708737864077669, 0.006310679611650486, 0.0048543689320388345],
[44, 1.2914445000000003, 29318.285170388222, 0.009708737864077669, 0.006310679611650486, 0.0048543689320388345],
[45, 1.3214626000000003, 29317.466042071526, 0.009708737864077669, 0.007281553398058253, 0.0048543689320388345],
[46, 1.3492474010000002, 29317.20110968322, 0.009708737864077669, 0.006310679611650486, 0.0048543689320388345],
[47, 1.3779825010000002, 29316.7913238397, 0.009708737864077669, 0.005825242718446602, 0.0048543689320388345],
[48, 1.4041610000000002, 29316.184588150816, 0.009708737864077669, 0.006310679611650486, 0.0048543689320388345],
[49, 1.4354910000000003, 29316.713651205995, 0.009708737864077669, 0.005825242718446602, 0.005097087378640777],
[50, 1.4713199000000003, 29316.502982745515, 0.012135922330097087, 0.006310679611650486, 0.00558252427184466],
[51, 1.5029458990000004, 29316.630224636334, 0.009708737864077669, 0.006310679611650486, 0.005339805825242719],
[52, 1.5398817980000004, 29315.841453727502, 0.012135922330097087, 0.006310679611650486, 0.00558252427184466],
[53, 1.5682798980000003, 29315.94570111371, 0.012135922330097087, 0.006796116504854369, 0.00558252427184466],
[54, 1.6003469990000003, 29315.715350404662, 0.012135922330097087, 0.006310679611650486, 0.005825242718446602],
[55, 1.6270239990000004, 29314.646518219954, 0.012135922330097087, 0.006796116504854369, 0.005825242718446602],
[56, 1.6588522990000003, 29314.79403528004, 0.012135922330097087, 0.006796116504854369, 0.00558252427184466],
[57, 1.6885331000000003, 29314.912629747294, 0.012135922330097087, 0.006796116504854369, 0.00558252427184466],
[58, 1.7196225010000004, 29314.707967469418, 0.012135922330097087, 0.006796116504854369, 0.00558252427184466],
[59, 1.7587433000000003, 29314.16387470195, 0.012135922330097087, 0.007281553398058253, 0.00558252427184466],
[60, 1.7883367990000003, 29314.21727506895, 0.012135922330097087, 0.007281553398058253, 0.00558252427184466],
[61, 1.8234076990000003, 29314.410910229002, 0.012135922330097087, 0.007281553398058253, 0.005339805825242719],
[62, 1.8568051990000003, 29313.866300188318, 0.012135922330097087, 0.007281553398058253, 0.00558252427184466],
[63, 1.8856693990000002, 29313.537000058437, 0.012135922330097087, 0.007281553398058253, 0.00558252427184466],
[64, 1.912543899, 29314.041285239142, 0.012135922330097087, 0.0077669902912621365, 0.005825242718446602],
[65, 1.9420022000000001, 29313.242615040363, 0.012135922330097087, 0.0077669902912621365, 0.005825242718446602],
[66, 1.9737159000000002, 29313.888718277147, 0.012135922330097087, 0.0077669902912621365, 0.00558252427184466],
[67, 2.004638801, 29313.677390038676, 0.012135922330097087, 0.0077669902912621365, 0.00558252427184466],
[68, 2.035614301, 29313.009631851557, 0.012135922330097087, 0.0077669902912621365, 0.00558252427184466],
[69, 2.0665334019999997, 29313.488885322404, 0.012135922330097087, 0.007281553398058253, 0.005339805825242719],
[70, 2.0927474019999996, 29313.224768065607, 0.012135922330097087, 0.0077669902912621365, 0.005339805825242719],
[71, 2.1281306019999997, 29312.794538400933, 0.012135922330097087, 0.0077669902912621365, 0.005339805825242719],
[72, 2.1559421009999995, 29313.193639221907, 0.012135922330097087, 0.0077669902912621365, 0.005339805825242719],
[73, 2.1876022999999996, 29312.915138919052, 0.012135922330097087, 0.0077669902912621365, 0.005339805825242719],
[74, 2.2218362989999996, 29312.51429615842, 0.012135922330097087, 0.0077669902912621365, 0.005339805825242719],
[75, 2.2511375989999998, 29312.134725245174, 0.012135922330097087, 0.0077669902912621365, 0.005339805825242719],
[76, 2.277858598, 29313.113138024833, 0.012135922330097087, 0.0077669902912621365, 0.005339805825242719],
[77, 2.307098098, 29312.757745139465, 0.012135922330097087, 0.0077669902912621365, 0.005339805825242719],
[78, 2.339241698, 29312.521428925284, 0.012135922330097087, 0.0077669902912621365, 0.005339805825242719],
[79, 2.365164197, 29312.290176027964, 0.012135922330097087, 0.0077669902912621365, 0.005339805825242719],
[80, 2.3943289979999998, 29312.802091145528, 0.012135922330097087, 0.0077669902912621365, 0.005339805825242719],
[81, 2.4216794989999997, 29313.05182892178, 0.012135922330097087, 0.007281553398058253, 0.005339805825242719],
[82, 2.4470395989999996, 29312.476353103757, 0.012135922330097087, 0.007281553398058253, 0.005339805825242719],
[83, 2.4787573999999997, 29312.580875839416, 0.012135922330097087, 0.007281553398058253, 0.005339805825242719],
[84, 2.5063294989999996, 29312.69845397978, 0.012135922330097087, 0.007281553398058253, 0.005339805825242719],
[85, 2.5331928979999994, 29312.131612424393, 0.012135922330097087, 0.007281553398058253, 0.005339805825242719],
[86, 2.5601219989999993, 29312.28116753935, 0.012135922330097087, 0.007281553398058253, 0.005339805825242719],
[87, 2.589963498999999, 29312.443935408457, 0.012135922330097087, 0.007281553398058253, 0.005339805825242719],
[88, 2.618541998999999, 29312.05094417359, 0.012135922330097087, 0.007281553398058253, 0.005339805825242719],
[89, 2.646560197999999, 29312.098199994936, 0.012135922330097087, 0.007281553398058253, 0.005339805825242719],
[90, 2.675045096999999, 29312.373592367134, 0.012135922330097087, 0.007281553398058253, 0.005339805825242719],
[91, 2.705747097999999, 29312.265943896968, 0.012135922330097087, 0.007281553398058253, 0.005339805825242719],
[92, 2.736371297999999, 29312.394130116838, 0.012135922330097087, 0.007281553398058253, 0.005339805825242719],
[93, 2.764621297999999, 29312.25489712267, 0.012135922330097087, 0.007281553398058253, 0.005339805825242719],
[94, 2.794722296999999, 29311.83168895714, 0.012135922330097087, 0.007281553398058253, 0.005339805825242719],
[95, 2.821568597999999, 29311.405987948554, 0.012135922330097087, 0.007281553398058253, 0.005339805825242719],
[96, 2.8504755979999987, 29312.764239426884, 0.012135922330097087, 0.007281553398058253, 0.005339805825242719],
[97, 2.8844555969999988, 29311.418671588475, 0.012135922330097087, 0.007281553398058253, 0.005339805825242719],
[98, 2.911120695999999, 29312.357029321032, 0.012135922330097087, 0.007281553398058253, 0.005339805825242719],
[99, 2.938147095999999, 29311.958401826378, 0.012135922330097087, 0.007281553398058253, 0.005339805825242719],
[100, 2.971470495999999, 29312.653203886664, 0.012135922330097087, 0.007281553398058253, 0.005339805825242719],
[101, 3.000594895999999, 29312.16550827208, 0.012135922330097087, 0.007281553398058253, 0.005339805825242719],
[102, 3.028405495999999, 29311.561677693473, 0.012135922330097087, 0.007281553398058253, 0.005339805825242719],
[103, 3.055457196999999, 29311.283701749384, 0.012135922330097087, 0.007281553398058253, 0.005339805825242719],
[104, 3.084514696999999, 29311.811376475165, 0.012135922330097087, 0.007281553398058253, 0.005339805825242719],
[105, 3.113931695999999, 29312.125887581056, 0.012135922330097087, 0.007281553398058253, 0.005339805825242719],
[106, 3.139519395999999, 29312.544865532505, 0.012135922330097087, 0.007281553398058253, 0.005339805825242719],
[107, 3.167869295999999, 29311.439783064987, 0.012135922330097087, 0.007281553398058253, 0.005339805825242719],
[108, 3.199175695999999, 29312.11096348118, 0.012135922330097087, 0.007281553398058253, 0.005339805825242719],
[109, 3.227743795999999, 29312.688212836725, 0.012135922330097087, 0.007281553398058253, 0.005339805825242719],
[110, 3.2560339949999992, 29311.3897359726, 0.012135922330097087, 0.007281553398058253, 0.005339805825242719],
[111, 3.285251394999999, 29311.16882335849, 0.012135922330097087, 0.007281553398058253, 0.005339805825242719],
[112, 3.316561094999999, 29311.718362211304, 0.012135922330097087, 0.007281553398058253, 0.005339805825242719],
[113, 3.346929694999999, 29311.480675942195, 0.012135922330097087, 0.007281553398058253, 0.005339805825242719],
[114, 3.373953495999999, 29311.545054409755, 0.012135922330097087, 0.007281553398058253, 0.005339805825242719],
[115, 3.400779695999999, 29312.01755478442, 0.012135922330097087, 0.007281553398058253, 0.00558252427184466],
[116, 3.429644995999999, 29312.079695166136, 0.012135922330097087, 0.007281553398058253, 0.00558252427184466],
[117, 3.459651595999999, 29311.887363026526, 0.012135922330097087, 0.007281553398058253, 0.005339805825242719],
[118, 3.487317094999999, 29312.156124617788, 0.012135922330097087, 0.007281553398058253, 0.005339805825242719],
[119, 3.516423995999999, 29311.213117736377, 0.012135922330097087, 0.007281553398058253, 0.005339805825242719],
[120, 3.544994695999999, 29311.320283358822, 0.012135922330097087, 0.007281553398058253, 0.00558252427184466],
[121, 3.573989495999999, 29311.381911523324, 0.012135922330097087, 0.007281553398058253, 0.00558252427184466],
