rank: 30, ratio of 0 vs 1: 3, lambda:4, learning_rate: 0.05
iter time objective_function precision@K = 1, 5, 10
[0,29723.825606628314, 0.009708737864077669 0.004368932038834952 0.0036407766990291263],
[1, 0.029333701, 29670.057832107264, 0.007281553398058253, 0.004368932038834952, 0.0036407766990291263],
[2, 0.0548121, 29636.957821443957, 0.007281553398058253, 0.0038834951456310682, 0.0038834951456310682],
[3, 0.083452, 29615.444688045114, 0.007281553398058253, 0.0033980582524271844, 0.0038834951456310682],
[4, 0.109368699, 29602.15289930199, 0.007281553398058253, 0.002912621359223301, 0.0038834951456310682],
[5, 0.135495499, 29591.169616816223, 0.007281553398058253, 0.002912621359223301, 0.0038834951456310682],
[6, 0.1626568, 29585.098702753876, 0.007281553398058253, 0.0033980582524271844, 0.004126213592233009],
[7, 0.188595201, 29578.985704479317, 0.007281553398058253, 0.0033980582524271844, 0.004368932038834952],
[8, 0.216895401, 29576.531364164883, 0.007281553398058253, 0.002912621359223301, 0.004611650485436893],
[9, 0.24304100099999998, 29571.923563463522, 0.007281553398058253, 0.002912621359223301, 0.004368932038834952],
[10, 0.27064770099999996, 29570.271859886303, 0.007281553398058253, 0.0038834951456310682, 0.004611650485436893],
[11, 0.29867710099999994, 29569.774134122614, 0.007281553398058253, 0.0038834951456310682, 0.004611650485436893],
[12, 0.32495190199999996, 29568.442372149053, 0.007281553398058253, 0.0038834951456310682, 0.004611650485436893],
[13, 0.35292120199999993, 29566.363339159423, 0.007281553398058253, 0.0033980582524271844, 0.004611650485436893],
[14, 0.37891270099999996, 29567.457986021156, 0.007281553398058253, 0.0033980582524271844, 0.004611650485436893],
[15, 0.40521280099999996, 29566.017858122825, 0.007281553398058253, 0.0033980582524271844, 0.004611650485436893],
[16, 0.43114750099999993, 29566.733677044816, 0.007281553398058253, 0.0033980582524271844, 0.004611650485436893],
[17, 0.45737049999999996, 29565.835817348572, 0.007281553398058253, 0.0033980582524271844, 0.004611650485436893],
[18, 0.48466129999999996, 29565.49316704544, 0.007281553398058253, 0.0033980582524271844, 0.004611650485436893],
[19, 0.5112108, 29565.79362417714, 0.007281553398058253, 0.0033980582524271844, 0.004611650485436893],
[20, 0.5394076, 29565.95442324636, 0.007281553398058253, 0.0033980582524271844, 0.004611650485436893],
[21, 0.5656505, 29565.737917883103, 0.007281553398058253, 0.0033980582524271844, 0.004611650485436893],
[22, 0.5926277999999999, 29566.03310868571, 0.007281553398058253, 0.0033980582524271844, 0.004611650485436893],
[23, 0.6211817, 29565.504121455866, 0.007281553398058253, 0.0033980582524271844, 0.004611650485436893],
[24, 0.647871299, 29564.464084738727, 0.007281553398058253, 0.0033980582524271844, 0.004611650485436893],
[25, 0.6755174989999999, 29565.60060804902, 0.007281553398058253, 0.0038834951456310682, 0.004611650485436893],
[26, 0.702875399, 29565.376420630575, 0.007281553398058253, 0.0038834951456310682, 0.004611650485436893],
[27, 0.733532199, 29565.355151873493, 0.007281553398058253, 0.0038834951456310682, 0.004611650485436893],
[28, 0.7598499, 29565.417103878808, 0.007281553398058253, 0.0038834951456310682, 0.004611650485436893],
[29, 0.7874451, 29565.45215537705, 0.007281553398058253, 0.0038834951456310682, 0.004611650485436893],
[30, 0.8134109, 29565.506980599348, 0.007281553398058253, 0.0038834951456310682, 0.004611650485436893],
[31, 0.8396893000000001, 29564.454189272015, 0.007281553398058253, 0.0038834951456310682, 0.004611650485436893],
[32, 0.8652113010000001, 29564.561392240692, 0.007281553398058253, 0.0038834951456310682, 0.004611650485436893],
[33, 0.8932832, 29565.58963669945, 0.007281553398058253, 0.0038834951456310682, 0.004611650485436893],
[34, 0.9202893000000001, 29564.29485030596, 0.007281553398058253, 0.0038834951456310682, 0.004611650485436893],
[35, 0.9478434000000001, 29565.355179982675, 0.007281553398058253, 0.0038834951456310682, 0.004611650485436893],
[36, 0.9780865990000001, 29565.133317766937, 0.007281553398058253, 0.0038834951456310682, 0.004611650485436893],
[37, 1.0043121990000001, 29564.82385598859, 0.007281553398058253, 0.0038834951456310682, 0.004611650485436893],
[38, 1.0320250990000002, 29564.439343960916, 0.007281553398058253, 0.0038834951456310682, 0.004611650485436893],
[39, 1.0585053990000002, 29564.843980701993, 0.007281553398058253, 0.0038834951456310682, 0.004611650485436893],
[40, 1.084988599, 29565.568209624053, 0.007281553398058253, 0.0038834951456310682, 0.004611650485436893],
[41, 1.1150858000000001, 29565.80879714476, 0.007281553398058253, 0.0038834951456310682, 0.004611650485436893],
[42, 1.1466359010000002, 29566.053769854636, 0.007281553398058253, 0.0038834951456310682, 0.004611650485436893],
[43, 1.1823650010000002, 29565.31477187319, 0.007281553398058253, 0.0038834951456310682, 0.004611650485436893],
[44, 1.2147108010000003, 29565.454562850264, 0.007281553398058253, 0.0038834951456310682, 0.004611650485436893],
[45, 1.2417047000000003, 29565.65183573428, 0.007281553398058253, 0.0038834951456310682, 0.004611650485436893],
[46, 1.2754713000000004, 29564.485855483683, 0.007281553398058253, 0.0038834951456310682, 0.004611650485436893],
[47, 1.3086965000000004, 29564.77274192101, 0.007281553398058253, 0.0038834951456310682, 0.004611650485436893],
[48, 1.3373289000000004, 29564.43018404676, 0.007281553398058253, 0.0038834951456310682, 0.004611650485436893],
[49, 1.3742144990000005, 29565.624200907987, 0.007281553398058253, 0.0038834951456310682, 0.004611650485436893],
[50, 1.4039662990000006, 29565.005849991463, 0.007281553398058253, 0.0038834951456310682, 0.004611650485436893],
[51, 1.4362159000000005, 29565.959374472626, 0.007281553398058253, 0.0038834951456310682, 0.004611650485436893],
[52, 1.4714158990000006, 29565.214587554477, 0.007281553398058253, 0.0038834951456310682, 0.004611650485436893],
[53, 1.4981203990000005, 29565.240719154513, 0.007281553398058253, 0.0038834951456310682, 0.004611650485436893],
[54, 1.5253981980000004, 29565.07697561803, 0.007281553398058253, 0.0038834951456310682, 0.004611650485436893],
[55, 1.5519306980000005, 29564.314277021178, 0.007281553398058253, 0.0038834951456310682, 0.004611650485436893],
[56, 1.5787813980000005, 29564.454219115738, 0.007281553398058253, 0.0038834951456310682, 0.004611650485436893],
[57, 1.6069456980000005, 29565.79551929349, 0.007281553398058253, 0.0038834951456310682, 0.004611650485436893],
[58, 1.6386734980000006, 29565.21637228163, 0.007281553398058253, 0.0038834951456310682, 0.004611650485436893],
[59, 1.6651538980000007, 29564.38506693562, 0.007281553398058253, 0.0038834951456310682, 0.004611650485436893],
[60, 1.6918067980000007, 29565.1575018807, 0.007281553398058253, 0.0038834951456310682, 0.004611650485436893],
[61, 1.7182773970000007, 29565.165052055218, 0.007281553398058253, 0.0038834951456310682, 0.004611650485436893],
[62, 1.7460490960000008, 29565.45735707407, 0.007281553398058253, 0.0038834951456310682, 0.004611650485436893],
[63, 1.775597796000001, 29564.7852976131, 0.007281553398058253, 0.0038834951456310682, 0.004611650485436893],
[64, 1.805523296000001, 29564.926663334558, 0.007281553398058253, 0.0038834951456310682, 0.004611650485436893],
[65, 1.834700396000001, 29564.207498665277, 0.007281553398058253, 0.0038834951456310682, 0.004611650485436893],
[66, 1.860984497000001, 29565.443809079257, 0.007281553398058253, 0.0038834951456310682, 0.004611650485436893],
[67, 1.886863796000001, 29565.415159494274, 0.007281553398058253, 0.0038834951456310682, 0.004611650485436893],
[68, 1.913306596000001, 29564.93248691618, 0.007281553398058253, 0.0038834951456310682, 0.004611650485436893],
[69, 1.939689997000001, 29565.62047925241, 0.007281553398058253, 0.0038834951456310682, 0.004611650485436893],
[70, 1.967403198000001, 29565.48268758987, 0.007281553398058253, 0.0038834951456310682, 0.004611650485436893],
[71, 1.9958584980000011, 29564.1951989316, 0.007281553398058253, 0.0038834951456310682, 0.004611650485436893],
[72, 2.021119598000001, 29565.486906071805, 0.007281553398058253, 0.0038834951456310682, 0.004611650485436893],
[73, 2.0523347980000013, 29564.811429972622, 0.007281553398058253, 0.0038834951456310682, 0.004611650485436893],
[74, 2.0787246970000015, 29564.21744010207, 0.007281553398058253, 0.0038834951456310682, 0.004611650485436893],
[75, 2.1049163970000015, 29564.005567957265, 0.007281553398058253, 0.0038834951456310682, 0.004611650485436893],
[76, 2.1311349960000014, 29565.87385143863, 0.007281553398058253, 0.0038834951456310682, 0.004611650485436893],
[77, 2.1589131960000016, 29565.007978893467, 0.007281553398058253, 0.0038834951456310682, 0.004611650485436893],
[78, 2.1868804960000015, 29565.250804684667, 0.007281553398058253, 0.0038834951456310682, 0.004611650485436893],
[79, 2.2150562960000015, 29564.162413884216, 0.007281553398058253, 0.0038834951456310682, 0.004611650485436893],
[80, 2.2407066960000015, 29565.935543058105, 0.007281553398058253, 0.0038834951456310682, 0.004611650485436893],
[81, 2.2667685950000016, 29564.922064104663, 0.007281553398058253, 0.0038834951456310682, 0.004611650485436893],
[82, 2.2939979940000015, 29565.211019495644, 0.007281553398058253, 0.0038834951456310682, 0.004611650485436893],
[83, 2.3227461930000013, 29565.281024116903, 0.007281553398058253, 0.0038834951456310682, 0.004611650485436893],
[84, 2.3522547920000014, 29565.49033549471, 0.007281553398058253, 0.0038834951456310682, 0.004611650485436893],
[85, 2.3788235930000012, 29564.8360535705, 0.007281553398058253, 0.0038834951456310682, 0.004611650485436893],
[86, 2.405209394000001, 29564.926467621775, 0.007281553398058253, 0.0038834951456310682, 0.004611650485436893],
[87, 2.4305986940000013, 29565.55235509099, 0.007281553398058253, 0.0038834951456310682, 0.004611650485436893],
[88, 2.459959594000001, 29564.53512530373, 0.007281553398058253, 0.0038834951456310682, 0.004611650485436893],
[89, 2.4871418940000014, 29564.867180561643, 0.007281553398058253, 0.0038834951456310682, 0.004611650485436893],
[90, 2.5159752940000013, 29565.447105675168, 0.007281553398058253, 0.0038834951456310682, 0.004611650485436893],
[91, 2.540985394000001, 29565.46527720507, 0.007281553398058253, 0.0038834951456310682, 0.004611650485436893],
[92, 2.567094694000001, 29565.384690465697, 0.007281553398058253, 0.0038834951456310682, 0.004611650485436893],
[93, 2.594900494000001, 29565.35457268158, 0.007281553398058253, 0.0038834951456310682, 0.004611650485436893],
[94, 2.622189594000001, 29565.15306604039, 0.007281553398058253, 0.0038834951456310682, 0.004611650485436893],
[95, 2.649894294000001, 29564.23010600929, 0.007281553398058253, 0.0038834951456310682, 0.004611650485436893],
[96, 2.676575695000001, 29566.31588083659, 0.007281553398058253, 0.0038834951456310682, 0.004611650485436893],
[97, 2.703145095000001, 29563.999278034185, 0.007281553398058253, 0.0038834951456310682, 0.004611650485436893],
[98, 2.728506296000001, 29565.222768583095, 0.007281553398058253, 0.0038834951456310682, 0.004611650485436893],
[99, 2.7537350970000007, 29565.056877768602, 0.007281553398058253, 0.0038834951456310682, 0.004611650485436893],
[100, 2.779451098000001, 29565.675571285203, 0.007281553398058253, 0.0038834951456310682, 0.004611650485436893],
[101, 2.806201197000001, 29564.75283413142, 0.007281553398058253, 0.0038834951456310682, 0.004611650485436893],
[102, 2.832246897000001, 29564.360818030113, 0.007281553398058253, 0.0038834951456310682, 0.004611650485436893],
[103, 2.860148797000001, 29564.371946711544, 0.007281553398058253, 0.0038834951456310682, 0.004611650485436893],
[104, 2.892033497000001, 29565.17904466883, 0.007281553398058253, 0.0038834951456310682, 0.004611650485436893],
[105, 2.9176618960000007, 29565.63119777504, 0.007281553398058253, 0.0038834951456310682, 0.004611650485436893],
[106, 2.9448301960000007, 29566.308363676286, 0.007281553398058253, 0.0038834951456310682, 0.004611650485436893],
[107, 2.971848295000001, 29564.23163548505, 0.007281553398058253, 0.0038834951456310682, 0.004611650485436893],
[108, 2.9979581950000007, 29565.60428274648, 0.007281553398058253, 0.0038834951456310682, 0.004611650485436893],
[109, 3.0266170950000006, 29566.20071648862, 0.007281553398058253, 0.0038834951456310682, 0.004611650485436893],
[110, 3.0532261950000006, 29564.967844284045, 0.007281553398058253, 0.0038834951456310682, 0.004611650485436893],
[111, 3.0826247940000004, 29564.079144139458, 0.007281553398058253, 0.0038834951456310682, 0.004611650485436893],
[112, 3.1130583930000006, 29565.27936535479, 0.007281553398058253, 0.0038834951456310682, 0.004611650485436893],
[113, 3.1425801920000005, 29564.569617393023, 0.007281553398058253, 0.0038834951456310682, 0.004611650485436893],
[114, 3.1698559910000004, 29565.506171086065, 0.007281553398058253, 0.0038834951456310682, 0.004611650485436893],
[115, 3.1962844910000006, 29565.06904995054, 0.007281553398058253, 0.0038834951456310682, 0.004611650485436893],
[116, 3.2237233910000005, 29565.396751583125, 0.007281553398058253, 0.0038834951456310682, 0.004611650485436893],
[117, 3.2495546920000007, 29565.40328452822, 0.007281553398058253, 0.0038834951456310682, 0.004611650485436893],
[118, 3.2746962920000007, 29565.98644436786, 0.007281553398058253, 0.0038834951456310682, 0.004611650485436893],
[119, 3.3108221920000007, 29564.56911649998, 0.007281553398058253, 0.0038834951456310682, 0.004611650485436893],
[120, 3.3388130930000006, 29564.29579691349, 0.007281553398058253, 0.0038834951456310682, 0.004611650485436893],
[121, 3.3648934930000007, 29564.960426876976, 0.007281553398058253, 0.0038834951456310682, 0.004611650485436893],
