rank: 30, ratio of 0 vs 1: 3, lambda:11, learning_rate: 0.05
iter time objective_function precision@K = 1, 5, 10
[0,30684.39307442162, 0.009708737864077669 0.004368932038834952 0.0036407766990291263],
[1, 0.0262546, 30330.89221238973, 0.007281553398058253, 0.004368932038834952, 0.0036407766990291263],
[2, 0.052241901, 30175.132030504097, 0.007281553398058253, 0.004368932038834952, 0.0033980582524271844],
[3, 0.080324401, 30086.03803473568, 0.007281553398058253, 0.0038834951456310682, 0.0033980582524271844],
[4, 0.10746520100000001, 30027.27320577079, 0.007281553398058253, 0.0033980582524271844, 0.004126213592233009],
[5, 0.135234302, 29984.258011392183, 0.007281553398058253, 0.0033980582524271844, 0.0033980582524271844],
[6, 0.162484402, 29952.567162907704, 0.007281553398058253, 0.0033980582524271844, 0.004126213592233009],
[7, 0.19081800100000001, 29927.735716660587, 0.007281553398058253, 0.0038834951456310682, 0.004126213592233009],
[8, 0.217824501, 29908.778899841203, 0.009708737864077669, 0.004368932038834952, 0.004126213592233009],
[9, 0.245815701, 29893.1588738072, 0.009708737864077669, 0.0038834951456310682, 0.0038834951456310682],
[10, 0.272890802, 29881.379232757416, 0.009708737864077669, 0.004368932038834952, 0.004368932038834952],
[11, 0.299942703, 29872.177001039243, 0.009708737864077669, 0.004368932038834952, 0.004368932038834952],
[12, 0.329565302, 29864.61698132441, 0.007281553398058253, 0.004368932038834952, 0.004368932038834952],
[13, 0.356573201, 29858.384723808435, 0.007281553398058253, 0.004368932038834952, 0.004368932038834952],
[14, 0.3831308, 29853.925145757265, 0.007281553398058253, 0.004368932038834952, 0.004126213592233009],
[15, 0.4100707, 29849.95402861469, 0.007281553398058253, 0.004368932038834952, 0.0038834951456310682],
[16, 0.436406099, 29847.076919153344, 0.007281553398058253, 0.004368932038834952, 0.0038834951456310682],
[17, 0.46442749899999997, 29844.573867484803, 0.007281553398058253, 0.004368932038834952, 0.0038834951456310682],
[18, 0.49097699899999997, 29842.620444340915, 0.007281553398058253, 0.004368932038834952, 0.0038834951456310682],
[19, 0.521392899, 29841.1447537521, 0.007281553398058253, 0.004368932038834952, 0.0038834951456310682],
[20, 0.5465726989999999, 29839.917758383315, 0.007281553398058253, 0.004368932038834952, 0.0038834951456310682],
[21, 0.5727827999999999, 29838.934423742023, 0.007281553398058253, 0.004368932038834952, 0.0038834951456310682],
[22, 0.5993101009999999, 29838.22570605247, 0.007281553398058253, 0.004368932038834952, 0.0038834951456310682],
[23, 0.6258422009999999, 29837.50221357107, 0.007281553398058253, 0.004368932038834952, 0.0038834951456310682],
[24, 0.6527493009999998, 29836.76178318485, 0.007281553398058253, 0.004368932038834952, 0.0038834951456310682],
[25, 0.6794384009999999, 29836.57424398991, 0.007281553398058253, 0.004368932038834952, 0.0038834951456310682],
[26, 0.7068436009999999, 29836.23682783567, 0.007281553398058253, 0.004368932038834952, 0.0038834951456310682],
[27, 0.7333127009999999, 29835.952731186433, 0.007281553398058253, 0.004368932038834952, 0.0038834951456310682],
[28, 0.7607409009999999, 29835.770973931114, 0.007281553398058253, 0.004368932038834952, 0.0038834951456310682],
[29, 0.7872375009999999, 29835.610012250952, 0.007281553398058253, 0.004368932038834952, 0.0038834951456310682],
[30, 0.8133732009999999, 29835.456356901384, 0.007281553398058253, 0.004368932038834952, 0.0038834951456310682],
[31, 0.8419357019999999, 29835.182123262734, 0.007281553398058253, 0.004368932038834952, 0.0038834951456310682],
[32, 0.8688115009999999, 29835.134663760506, 0.007281553398058253, 0.004368932038834952, 0.0038834951456310682],
[33, 0.8954808999999999, 29835.228370598306, 0.007281553398058253, 0.004368932038834952, 0.0038834951456310682],
[34, 0.926102499, 29834.946547324816, 0.007281553398058253, 0.004368932038834952, 0.0038834951456310682],
[35, 0.955602899, 29835.051588649683, 0.007281553398058253, 0.004368932038834952, 0.0038834951456310682],
[36, 0.9819902979999999, 29835.02899802005, 0.007281553398058253, 0.004368932038834952, 0.0038834951456310682],
[37, 1.0071337969999998, 29834.99012098719, 0.007281553398058253, 0.004368932038834952, 0.0038834951456310682],
[38, 1.032444397, 29834.83701364661, 0.007281553398058253, 0.004368932038834952, 0.0038834951456310682],
[39, 1.0589676959999998, 29834.913545806518, 0.007281553398058253, 0.004368932038834952, 0.0038834951456310682],
[40, 1.0873827959999998, 29834.976435788012, 0.007281553398058253, 0.004368932038834952, 0.0038834951456310682],
[41, 1.1148285959999997, 29835.02476492128, 0.007281553398058253, 0.004368932038834952, 0.0038834951456310682],
[42, 1.1425949949999998, 29835.08877546375, 0.007281553398058253, 0.004368932038834952, 0.0038834951456310682],
[43, 1.1698833949999998, 29834.992833074502, 0.007281553398058253, 0.004368932038834952, 0.0038834951456310682],
[44, 1.1973008959999998, 29834.98526650503, 0.007281553398058253, 0.004368932038834952, 0.0038834951456310682],
[45, 1.2229097969999998, 29834.95634948782, 0.007281553398058253, 0.004368932038834952, 0.0038834951456310682],
[46, 1.2496167979999997, 29834.84711452788, 0.007281553398058253, 0.004368932038834952, 0.0038834951456310682],
[47, 1.2776781979999996, 29834.848277212892, 0.007281553398058253, 0.004368932038834952, 0.0038834951456310682],
[48, 1.3037260979999996, 29834.7627523303, 0.007281553398058253, 0.004368932038834952, 0.0038834951456310682],
[49, 1.3302579989999996, 29834.977768958688, 0.007281553398058253, 0.004368932038834952, 0.0038834951456310682],
[50, 1.3654413989999996, 29834.93572202761, 0.007281553398058253, 0.004368932038834952, 0.0038834951456310682],
[51, 1.3909528989999995, 29835.048414665904, 0.007281553398058253, 0.004368932038834952, 0.0038834951456310682],
[52, 1.4185216989999996, 29834.93012491449, 0.007281553398058253, 0.004368932038834952, 0.0038834951456310682],
[53, 1.4459309999999996, 29834.953729549437, 0.007281553398058253, 0.004368932038834952, 0.0038834951456310682],
[54, 1.4739949009999995, 29834.92390058264, 0.007281553398058253, 0.004368932038834952, 0.0038834951456310682],
[55, 1.5006063999999995, 29834.77698737188, 0.007281553398058253, 0.004368932038834952, 0.0038834951456310682],
[56, 1.5270108999999994, 29834.81206874062, 0.007281553398058253, 0.004368932038834952, 0.0038834951456310682],
[57, 1.5559576989999995, 29834.99104469455, 0.007281553398058253, 0.004368932038834952, 0.0038834951456310682],
[58, 1.5820073989999994, 29834.88988894725, 0.007281553398058253, 0.004368932038834952, 0.0038834951456310682],
[59, 1.6079165989999995, 29834.781751906416, 0.007281553398058253, 0.004368932038834952, 0.0038834951456310682],
[60, 1.6344255979999995, 29834.884732278144, 0.007281553398058253, 0.004368932038834952, 0.0038834951456310682],
[61, 1.6607440979999994, 29834.934995243017, 0.007281553398058253, 0.004368932038834952, 0.0038834951456310682],
[62, 1.6899650979999994, 29834.89015525344, 0.007281553398058253, 0.004368932038834952, 0.0038834951456310682],
[63, 1.7164196979999995, 29834.79938759092, 0.007281553398058253, 0.004368932038834952, 0.0038834951456310682],
[64, 1.7416209969999994, 29834.921876278735, 0.007281553398058253, 0.004368932038834952, 0.0038834951456310682],
[65, 1.7678199979999993, 29834.758055255414, 0.007281553398058253, 0.004368932038834952, 0.0038834951456310682],
[66, 1.7939955989999994, 29834.973604300085, 0.007281553398058253, 0.004368932038834952, 0.0038834951456310682],
[67, 1.8204429999999994, 29834.94520879836, 0.007281553398058253, 0.004368932038834952, 0.0038834951456310682],
[68, 1.8474763009999993, 29834.831677414906, 0.007281553398058253, 0.004368932038834952, 0.0038834951456310682],
[69, 1.8726172009999993, 29834.997916167886, 0.007281553398058253, 0.004368932038834952, 0.0038834951456310682],
[70, 1.8994785019999993, 29834.916362834127, 0.007281553398058253, 0.004368932038834952, 0.0038834951456310682],
[71, 1.9274977009999994, 29834.77770927912, 0.007281553398058253, 0.004368932038834952, 0.0038834951456310682],
[72, 1.9546066009999994, 29834.95057883446, 0.007281553398058253, 0.004368932038834952, 0.0038834951456310682],
[73, 1.9803207009999995, 29834.849988517464, 0.007281553398058253, 0.004368932038834952, 0.0038834951456310682],
[74, 2.0069849019999992, 29834.76549178736, 0.007281553398058253, 0.004368932038834952, 0.0038834951456310682],
[75, 2.039018901999999, 29834.711093365913, 0.007281553398058253, 0.004368932038834952, 0.0038834951456310682],
[76, 2.064679601999999, 29835.01243367064, 0.007281553398058253, 0.004368932038834952, 0.0038834951456310682],
[77, 2.0908495019999993, 29834.873053772953, 0.007281553398058253, 0.004368932038834952, 0.0038834951456310682],
[78, 2.1167726029999994, 29834.86933245686, 0.007281553398058253, 0.004368932038834952, 0.0038834951456310682],
[79, 2.142434502999999, 29834.770076587956, 0.007281553398058253, 0.004368932038834952, 0.0038834951456310682],
[80, 2.169517801999999, 29834.987848014407, 0.007281553398058253, 0.004368932038834952, 0.0038834951456310682],
[81, 2.1980583019999993, 29834.910303865436, 0.007281553398058253, 0.004368932038834952, 0.0038834951456310682],
[82, 2.2249259029999995, 29834.909253419, 0.007281553398058253, 0.004368932038834952, 0.0038834951456310682],
[83, 2.2515087029999994, 29834.911702046265, 0.007281553398058253, 0.004368932038834952, 0.0038834951456310682],
[84, 2.2781304029999996, 29834.966070761264, 0.007281553398058253, 0.004368932038834952, 0.0038834951456310682],
[85, 2.3055740019999997, 29834.84502250335, 0.007281553398058253, 0.004368932038834952, 0.0038834951456310682],
[86, 2.3327491019999997, 29834.86678205895, 0.007281553398058253, 0.004368932038834952, 0.0038834951456310682],
[87, 2.3601258019999998, 29834.987767088583, 0.007281553398058253, 0.004368932038834952, 0.0038834951456310682],
[88, 2.385702201, 29834.80315457615, 0.007281553398058253, 0.004368932038834952, 0.0038834951456310682],
[89, 2.4115413009999997, 29834.85529862649, 0.007281553398058253, 0.004368932038834952, 0.0038834951456310682],
[90, 2.4375212009999996, 29834.949594169986, 0.007281553398058253, 0.004368932038834952, 0.0038834951456310682],
[91, 2.4637669999999994, 29834.957639982713, 0.007281553398058253, 0.004368932038834952, 0.0038834951456310682],
[92, 2.4891234999999994, 29834.960416557664, 0.007281553398058253, 0.004368932038834952, 0.0038834951456310682],
[93, 2.5154237999999993, 29834.93334490597, 0.007281553398058253, 0.004368932038834952, 0.0038834951456310682],
[94, 2.5439005999999993, 29834.87445764463, 0.007281553398058253, 0.004368932038834952, 0.0038834951456310682],
[95, 2.571631498999999, 29834.745798402513, 0.007281553398058253, 0.004368932038834952, 0.0038834951456310682],
[96, 2.597653499999999, 29835.077988002762, 0.007281553398058253, 0.004368932038834952, 0.0038834951456310682],
[97, 2.6238302009999988, 29834.709271835505, 0.007281553398058253, 0.004368932038834952, 0.0038834951456310682],
[98, 2.650446301999999, 29834.943063203795, 0.007281553398058253, 0.004368932038834952, 0.0038834951456310682],
[99, 2.6767157019999988, 29834.869085954862, 0.007281553398058253, 0.004368932038834952, 0.0038834951456310682],
[100, 2.7030432019999986, 29835.00927269502, 0.007281553398058253, 0.004368932038834952, 0.0038834951456310682],
[101, 2.7297039029999985, 29834.88368730405, 0.007281553398058253, 0.004368932038834952, 0.0038834951456310682],
[102, 2.7549031029999984, 29834.767461663505, 0.007281553398058253, 0.004368932038834952, 0.0038834951456310682],
[103, 2.7838987029999984, 29834.7369903051, 0.007281553398058253, 0.004368932038834952, 0.0038834951456310682],
[104, 2.8103757029999983, 29834.90678967962, 0.007281553398058253, 0.004368932038834952, 0.0038834951456310682],
[105, 2.837084101999998, 29834.982713031157, 0.007281553398058253, 0.004368932038834952, 0.0038834951456310682],
[106, 2.862281900999998, 29835.101311733284, 0.007281553398058253, 0.004368932038834952, 0.0038834951456310682],
[107, 2.888784700999998, 29834.76966682833, 0.007281553398058253, 0.004368932038834952, 0.0038834951456310682],
[108, 2.915082801999998, 29834.958841468066, 0.007281553398058253, 0.004368932038834952, 0.0038834951456310682],
[109, 2.942113601999998, 29835.09921273549, 0.007281553398058253, 0.004368932038834952, 0.0038834951456310682],
[110, 2.9680976019999976, 29834.835285997808, 0.007281553398058253, 0.004368932038834952, 0.0038834951456310682],
[111, 2.9938129019999975, 29834.704655660124, 0.007281553398058253, 0.004368932038834952, 0.0038834951456310682],
[112, 3.0205858009999975, 29834.933616216633, 0.007281553398058253, 0.004368932038834952, 0.0038834951456310682],
[113, 3.0446626999999977, 29834.79133435535, 0.007281553398058253, 0.004368932038834952, 0.0038834951456310682],
[114, 3.0716506999999975, 29834.903016736618, 0.007281553398058253, 0.004368932038834952, 0.0038834951456310682],
[115, 3.0984717009999976, 29834.913712445883, 0.007281553398058253, 0.004368932038834952, 0.0038834951456310682],
[116, 3.1237008019999974, 29834.96917519609, 0.007281553398058253, 0.004368932038834952, 0.0038834951456310682],
[117, 3.1497786029999975, 29834.946326867772, 0.007281553398058253, 0.004368932038834952, 0.0038834951456310682],
[118, 3.1760000029999973, 29835.03007742399, 0.007281553398058253, 0.004368932038834952, 0.0038834951456310682],
[119, 3.2032139029999973, 29834.75736590372, 0.007281553398058253, 0.004368932038834952, 0.0038834951456310682],
[120, 3.2304554029999974, 29834.747377032814, 0.007281553398058253, 0.004368932038834952, 0.0038834951456310682],
[121, 3.2567695019999974, 29834.832048367087, 0.007281553398058253, 0.004368932038834952, 0.0038834951456310682],
