rank: 30, ratio of 0 vs 1: 3, lambda:8, learning_rate: 0.05
iter time objective_function precision@K = 1, 5, 10
[0,30272.721302510203, 0.009708737864077669 0.004368932038834952 0.0036407766990291263],
[1, 0.026827301, 30076.10956984751, 0.007281553398058253, 0.004368932038834952, 0.0036407766990291263],
[2, 0.0536228, 29973.752790026207, 0.007281553398058253, 0.0038834951456310682, 0.0033980582524271844],
[3, 0.079799999, 29912.04959949102, 0.007281553398058253, 0.004368932038834952, 0.0038834951456310682],
[4, 0.1062216, 29871.740825619843, 0.007281553398058253, 0.002912621359223301, 0.0038834951456310682],
[5, 0.131517699, 29842.17085863042, 0.007281553398058253, 0.0033980582524271844, 0.0038834951456310682],
[6, 0.160445899, 29821.37810107041, 0.007281553398058253, 0.0038834951456310682, 0.004126213592233009],
[7, 0.1874482, 29804.868866856246, 0.007281553398058253, 0.0038834951456310682, 0.004368932038834952],
[8, 0.211719499, 29793.011379718577, 0.007281553398058253, 0.004368932038834952, 0.004368932038834952],
[9, 0.238255398, 29782.51217848745, 0.007281553398058253, 0.004368932038834952, 0.004611650485436893],
[10, 0.263740198, 29775.226153855594, 0.007281553398058253, 0.004368932038834952, 0.004611650485436893],
[11, 0.289492798, 29769.771587306346, 0.007281553398058253, 0.004368932038834952, 0.004611650485436893],
[12, 0.314637598, 29765.02024380662, 0.007281553398058253, 0.004368932038834952, 0.004611650485436893],
[13, 0.340599097, 29760.838420408385, 0.007281553398058253, 0.004368932038834952, 0.004611650485436893],
[14, 0.366004797, 29758.53430239168, 0.007281553398058253, 0.0038834951456310682, 0.004368932038834952],
[15, 0.392401298, 29755.852519057717, 0.007281553398058253, 0.004368932038834952, 0.004368932038834952],
[16, 0.418786998, 29754.346557118217, 0.007281553398058253, 0.0038834951456310682, 0.004611650485436893],
[17, 0.444428798, 29752.67256571855, 0.007281553398058253, 0.0038834951456310682, 0.004368932038834952],
[18, 0.471723897, 29751.449219854043, 0.007281553398058253, 0.0038834951456310682, 0.004368932038834952],
[19, 0.497283597, 29750.66020603801, 0.007281553398058253, 0.0038834951456310682, 0.004368932038834952],
[20, 0.5222583980000001, 29749.961910265367, 0.007281553398058253, 0.0038834951456310682, 0.004368932038834952],
[21, 0.547565598, 29749.349485304414, 0.007281553398058253, 0.0038834951456310682, 0.004368932038834952],
[22, 0.5738364970000001, 29749.019757759375, 0.007281553398058253, 0.0038834951456310682, 0.004368932038834952],
[23, 0.5997098980000001, 29748.454056711482, 0.007281553398058253, 0.0038834951456310682, 0.004368932038834952],
[24, 0.625898299, 29747.716828934543, 0.007281553398058253, 0.0038834951456310682, 0.004368932038834952],
[25, 0.6526683000000001, 29747.901762512647, 0.007281553398058253, 0.0038834951456310682, 0.004368932038834952],
[26, 0.678690199, 29747.659857399685, 0.007281553398058253, 0.0038834951456310682, 0.004368932038834952],
[27, 0.7041411000000001, 29747.470170703426, 0.007281553398058253, 0.0038834951456310682, 0.004368932038834952],
[28, 0.7298394990000001, 29747.385495243267, 0.007281553398058253, 0.0038834951456310682, 0.004368932038834952],
[29, 0.7564196990000001, 29747.298381058463, 0.007281553398058253, 0.0038834951456310682, 0.004368932038834952],
[30, 0.784479699, 29747.202801989748, 0.007281553398058253, 0.0038834951456310682, 0.004368932038834952],
[31, 0.8115918990000001, 29746.780294668206, 0.007281553398058253, 0.0038834951456310682, 0.004368932038834952],
[32, 0.8376307980000001, 29746.78836641453, 0.007281553398058253, 0.0038834951456310682, 0.004368932038834952],
[33, 0.862483498, 29747.09619333319, 0.007281553398058253, 0.0038834951456310682, 0.004368932038834952],
[34, 0.888947798, 29746.597467884265, 0.007281553398058253, 0.0038834951456310682, 0.004368932038834952],
[35, 0.916303398, 29746.91055671647, 0.007281553398058253, 0.0038834951456310682, 0.004368932038834952],
[36, 0.943203597, 29746.86955400901, 0.007281553398058253, 0.0038834951456310682, 0.004368932038834952],
[37, 0.970920797, 29746.79189423952, 0.007281553398058253, 0.0038834951456310682, 0.004368932038834952],
[38, 0.996867697, 29746.56319034529, 0.007281553398058253, 0.0038834951456310682, 0.004368932038834952],
[39, 1.021409697, 29746.72552705675, 0.007281553398058253, 0.0038834951456310682, 0.004368932038834952],
[40, 1.047304797, 29746.919138003508, 0.007281553398058253, 0.0038834951456310682, 0.004368932038834952],
[41, 1.073251196, 29747.020676576307, 0.007281553398058253, 0.0038834951456310682, 0.004368932038834952],
[42, 1.100356196, 29747.13788426935, 0.007281553398058253, 0.0038834951456310682, 0.004368932038834952],
[43, 1.1338203969999998, 29746.916578429787, 0.007281553398058253, 0.0038834951456310682, 0.004368932038834952],
[44, 1.1593593969999998, 29746.932983486284, 0.007281553398058253, 0.0038834951456310682, 0.004368932038834952],
[45, 1.1855106969999998, 29746.9298525214, 0.007281553398058253, 0.0038834951456310682, 0.004368932038834952],
[46, 1.2124273979999998, 29746.62495562853, 0.007281553398058253, 0.0038834951456310682, 0.004368932038834952],
[47, 1.2384465979999997, 29746.67466765958, 0.007281553398058253, 0.0038834951456310682, 0.004368932038834952],
[48, 1.2650169969999996, 29746.522458489864, 0.007281553398058253, 0.0038834951456310682, 0.004368932038834952],
[49, 1.2911848979999996, 29746.958038436478, 0.007281553398058253, 0.0038834951456310682, 0.004368932038834952],
[50, 1.3173949979999995, 29746.815094877187, 0.007281553398058253, 0.0038834951456310682, 0.004368932038834952],
[51, 1.3452988979999996, 29747.09590489526, 0.007281553398058253, 0.0038834951456310682, 0.004368932038834952],
[52, 1.3710815969999997, 29746.840519043457, 0.007281553398058253, 0.0038834951456310682, 0.004368932038834952],
[53, 1.3968858959999997, 29746.87560181456, 0.007281553398058253, 0.0038834951456310682, 0.004368932038834952],
[54, 1.4222353959999996, 29746.815378728756, 0.007281553398058253, 0.0038834951456310682, 0.004368932038834952],
[55, 1.4477946949999996, 29746.52294911169, 0.007281553398058253, 0.0038834951456310682, 0.004368932038834952],
[56, 1.4751604939999996, 29746.58858911929, 0.007281553398058253, 0.0038834951456310682, 0.004368932038834952],
[57, 1.5011068939999996, 29747.00530510684, 0.007281553398058253, 0.0038834951456310682, 0.004368932038834952],
[58, 1.5279093939999997, 29746.79586704961, 0.007281553398058253, 0.0038834951456310682, 0.004368932038834952],
[59, 1.5608256939999996, 29746.54005314684, 0.007281553398058253, 0.0038834951456310682, 0.004368932038834952],
[60, 1.5869563929999997, 29746.782154226898, 0.007281553398058253, 0.0038834951456310682, 0.004368932038834952],
[61, 1.6124670929999998, 29746.841342067015, 0.007281553398058253, 0.0038834951456310682, 0.004368932038834952],
[62, 1.6372206939999998, 29746.833924756982, 0.007281553398058253, 0.0038834951456310682, 0.004368932038834952],
[63, 1.6642463929999998, 29746.62495974482, 0.007281553398058253, 0.0038834951456310682, 0.004368932038834952],
[64, 1.6887894929999998, 29746.790083028634, 0.007281553398058253, 0.0038834951456310682, 0.004368932038834952],
[65, 1.7137807929999997, 29746.488700186695, 0.007281553398058253, 0.0038834951456310682, 0.004368932038834952],
[66, 1.7398939929999997, 29746.928999952375, 0.007281553398058253, 0.0038834951456310682, 0.004368932038834952],
[67, 1.7668093929999997, 29746.891493466188, 0.007281553398058253, 0.0038834951456310682, 0.004368932038834952],
[68, 1.7921550929999996, 29746.68347004891, 0.007281553398058253, 0.0038834951456310682, 0.004368932038834952],
[69, 1.8181479939999996, 29746.98399106384, 0.007281553398058253, 0.0038834951456310682, 0.004368932038834952],
[70, 1.8454693949999996, 29746.869018760768, 0.007281553398058253, 0.0038834951456310682, 0.004368932038834952],
[71, 1.8723404949999995, 29746.507528621223, 0.007281553398058253, 0.0038834951456310682, 0.004368932038834952],
[72, 1.8986984949999997, 29746.91000054482, 0.007281553398058253, 0.0038834951456310682, 0.004368932038834952],
[73, 1.9247092949999995, 29746.687849826776, 0.007281553398058253, 0.0038834951456310682, 0.004368932038834952],
[74, 1.9509716949999996, 29746.49647467264, 0.007281553398058253, 0.0038834951456310682, 0.004368932038834952],
[75, 1.9780317949999995, 29746.40105100127, 0.007281553398058253, 0.0038834951456310682, 0.004368932038834952],
[76, 2.0053418949999995, 29747.03943316065, 0.007281553398058253, 0.0038834951456310682, 0.004368932038834952],
[77, 2.0315695949999997, 29746.746469561145, 0.007281553398058253, 0.0038834951456310682, 0.004368932038834952],
[78, 2.0565899949999995, 29746.779535852376, 0.007281553398058253, 0.0038834951456310682, 0.004368932038834952],
[79, 2.0832742949999994, 29746.4937750221, 0.007281553398058253, 0.0038834951456310682, 0.004368932038834952],
[80, 2.1091680939999993, 29747.021556917003, 0.007281553398058253, 0.0038834951456310682, 0.004368932038834952],
[81, 2.1370597939999993, 29746.777725993154, 0.007281553398058253, 0.0038834951456310682, 0.004368932038834952],
[82, 2.1635021939999994, 29746.818813218546, 0.007281553398058253, 0.0038834951456310682, 0.004368932038834952],
[83, 2.1895544939999994, 29746.833101461478, 0.007281553398058253, 0.0038834951456310682, 0.004368932038834952],
[84, 2.2176029929999994, 29746.92906984452, 0.007281553398058253, 0.0038834951456310682, 0.004368932038834952],
[85, 2.2429027919999993, 29746.68599802807, 0.007281553398058253, 0.0038834951456310682, 0.004368932038834952],
[86, 2.2689579919999994, 29746.727161079212, 0.007281553398058253, 0.0038834951456310682, 0.004368932038834952],
[87, 2.293855491999999, 29746.962002021584, 0.007281553398058253, 0.0038834951456310682, 0.004368932038834952],
[88, 2.322066991999999, 29746.591931190116, 0.007281553398058253, 0.0038834951456310682, 0.004368932038834952],
[89, 2.348118691999999, 29746.70219904946, 0.007281553398058253, 0.0038834951456310682, 0.004368932038834952],
[90, 2.373362191999999, 29746.902036946707, 0.007281553398058253, 0.0038834951456310682, 0.004368932038834952],
[91, 2.3995644929999993, 29746.91408456932, 0.007281553398058253, 0.0038834951456310682, 0.004368932038834952],
[92, 2.4253868929999993, 29746.906287257956, 0.007281553398058253, 0.0038834951456310682, 0.004368932038834952],
[93, 2.4508662929999994, 29746.868694021603, 0.007281553398058253, 0.0038834951456310682, 0.004368932038834952],
[94, 2.4768942919999994, 29746.767852738278, 0.007281553398058253, 0.0038834951456310682, 0.004368932038834952],
[95, 2.5032662919999993, 29746.475268457747, 0.007281553398058253, 0.0038834951456310682, 0.004368932038834952],
[96, 2.5288529909999995, 29747.185902322497, 0.007281553398058253, 0.0038834951456310682, 0.004368932038834952],
[97, 2.5543991909999995, 29746.397268280754, 0.007281553398058253, 0.0038834951456310682, 0.004368932038834952],
[98, 2.5801017909999993, 29746.860172315894, 0.007281553398058253, 0.0038834951456310682, 0.004368932038834952],
[99, 2.6060212909999994, 29746.748343994223, 0.007281553398058253, 0.0038834951456310682, 0.004368932038834952],
[100, 2.632470090999999, 29747.00812200705, 0.007281553398058253, 0.0038834951456310682, 0.004368932038834952],
[101, 2.6578820899999993, 29746.717399783334, 0.007281553398058253, 0.0038834951456310682, 0.004368932038834952],
[102, 2.6831069909999994, 29746.522912729473, 0.007281553398058253, 0.0038834951456310682, 0.004368932038834952],
[103, 2.710768490999999, 29746.489067430884, 0.007281553398058253, 0.0038834951456310682, 0.004368932038834952],
[104, 2.736698690999999, 29746.812768817388, 0.007281553398058253, 0.0038834951456310682, 0.004368932038834952],
[105, 2.762353890999999, 29746.969723313738, 0.007281553398058253, 0.0038834951456310682, 0.004368932038834952],
[106, 2.7879194909999994, 29747.210847560757, 0.007281553398058253, 0.0038834951456310682, 0.004368932038834952],
[107, 2.8144302909999994, 29746.50234407069, 0.007281553398058253, 0.0038834951456310682, 0.004368932038834952],
[108, 2.8401959909999994, 29746.937951367283, 0.007281553398058253, 0.0038834951456310682, 0.004368932038834952],
[109, 2.865174090999999, 29747.193538472307, 0.007281553398058253, 0.0038834951456310682, 0.004368932038834952],
[110, 2.891998390999999, 29746.693971173547, 0.007281553398058253, 0.0038834951456310682, 0.004368932038834952],
[111, 2.917815091999999, 29746.406288818096, 0.007281553398058253, 0.0038834951456310682, 0.004368932038834952],
[112, 2.9446012919999993, 29746.85642267391, 0.007281553398058253, 0.0038834951456310682, 0.004368932038834952],
[113, 2.9703864919999994, 29746.583695248286, 0.007281553398058253, 0.0038834951456310682, 0.004368932038834952],
[114, 2.9958074919999995, 29746.854890426577, 0.007281553398058253, 0.0038834951456310682, 0.004368932038834952],
[115, 3.0226457919999996, 29746.8026703457, 0.007281553398058253, 0.0038834951456310682, 0.004368932038834952],
[116, 3.0495540919999997, 29746.917386888705, 0.007281553398058253, 0.0038834951456310682, 0.004368932038834952],
[117, 3.075524592, 29746.891743931097, 0.007281553398058253, 0.0038834951456310682, 0.004368932038834952],
[118, 3.101074491, 29747.0803223394, 0.007281553398058253, 0.0038834951456310682, 0.004368932038834952],
[119, 3.127046291, 29746.542905459664, 0.007281553398058253, 0.0038834951456310682, 0.004368932038834952],
[120, 3.154430091, 29746.48743369649, 0.007281553398058253, 0.0038834951456310682, 0.004368932038834952],
[121, 3.180439491, 29746.689518837076, 0.007281553398058253, 0.0038834951456310682, 0.004368932038834952],
