rank: 30, ratio of 0 vs 1: 3, lambda:12, learning_rate: 0.15
iter time objective_function precision@K = 1, 5, 10
[0,30821.616998392088, 0.009708737864077669 0.004368932038834952 0.0036407766990291263],
[1, 0.026624099, 30076.02677359875, 0.0048543689320388345, 0.005339805825242719, 0.0033980582524271844],
[2, 0.053360399, 29821.51710178808, 0.0048543689320388345, 0.0038834951456310682, 0.0038834951456310682],
[3, 0.079619299, 29636.41433725243, 0.009708737864077669, 0.006796116504854369, 0.005339805825242719],
[4, 0.104258299, 29488.963132550743, 0.0048543689320388345, 0.005825242718446602, 0.0048543689320388345],
[5, 0.1299687, 29371.10264245495, 0.0024271844660194173, 0.0024271844660194173, 0.0036407766990291263],
[6, 0.15607379999999998, 29279.074802120307, 0.0024271844660194173, 0.0033980582524271844, 0.0036407766990291263],
[7, 0.182793199, 29232.551430842144, 0.0024271844660194173, 0.004368932038834952, 0.0038834951456310682],
[8, 0.208470399, 29207.52919372089, 0.0024271844660194173, 0.0033980582524271844, 0.004126213592233009],
[9, 0.233468598, 29197.76537279289, 0.007281553398058253, 0.0033980582524271844, 0.005825242718446602],
[10, 0.259821297, 29192.389399314954, 0.009708737864077669, 0.006796116504854369, 0.006553398058252427],
[11, 0.285236797, 29190.169665130008, 0.007281553398058253, 0.007281553398058253, 0.005825242718446602],
[12, 0.310693597, 29185.20495559483, 0.0024271844660194173, 0.0033980582524271844, 0.003155339805825243],
[13, 0.336084297, 29184.965679682882, 0.0048543689320388345, 0.0048543689320388345, 0.005339805825242719],
[14, 0.36285389799999995, 29182.312517147082, 0.0048543689320388345, 0.0048543689320388345, 0.0038834951456310682],
[15, 0.39120539699999995, 29180.8860077615, 0.009708737864077669, 0.0077669902912621365, 0.005825242718446602],
[16, 0.41804159699999993, 29179.345681984152, 0.0048543689320388345, 0.0048543689320388345, 0.004126213592233009],
[17, 0.4443966959999999, 29178.914418062526, 0.007281553398058253, 0.008252427184466019, 0.006553398058252427],
[18, 0.46987909599999994, 29177.60257446322, 0.0024271844660194173, 0.0038834951456310682, 0.0036407766990291263],
[19, 0.4959876959999999, 29177.511827734186, 0.007281553398058253, 0.004368932038834952, 0.005339805825242719],
[20, 0.5213057959999999, 29176.62384021144, 0.0024271844660194173, 0.0038834951456310682, 0.003155339805825243],
[21, 0.548179396, 29176.47936205923, 0.0024271844660194173, 0.0024271844660194173, 0.0026699029126213596],
[22, 0.5747829959999999, 29175.889640079255, 0.0024271844660194173, 0.0019417475728155341, 0.004126213592233009],
[23, 0.608252595, 29175.869562125376, 0.0024271844660194173, 0.004368932038834952, 0.004611650485436893],
[24, 0.6358491949999999, 29175.54239351344, 0.0048543689320388345, 0.0033980582524271844, 0.004126213592233009],
[25, 0.663861195, 29175.451037195922, 0.007281553398058253, 0.005339805825242719, 0.004126213592233009],
[26, 0.6908918949999999, 29175.203925433907, 0.0024271844660194173, 0.002912621359223301, 0.0026699029126213596],
[27, 0.7161905949999999, 29175.21974768728, 0.007281553398058253, 0.006310679611650486, 0.005097087378640777],
[28, 0.7432606939999999, 29175.06505720992, 0.0048543689320388345, 0.0033980582524271844, 0.004611650485436893],
[29, 0.769069193, 29175.039751113567, 0.0024271844660194173, 0.0048543689320388345, 0.004126213592233009],
[30, 0.7959555939999999, 29174.93361928784, 0.0, 0.0024271844660194173, 0.0036407766990291263],
[31, 0.8220342939999999, 29174.949580301527, 0.0024271844660194173, 0.0024271844660194173, 0.002184466019417476],
[32, 0.847293295, 29174.873152446464, 0.0048543689320388345, 0.005825242718446602, 0.00558252427184466],
[33, 0.872595795, 29174.863759447442, 0.0048543689320388345, 0.002912621359223301, 0.003155339805825243],
[34, 0.898921295, 29174.823861536523, 0.0048543689320388345, 0.0038834951456310682, 0.004611650485436893],
[35, 0.925158894, 29174.830805408572, 0.0024271844660194173, 0.002912621359223301, 0.005825242718446602],
[36, 0.951456994, 29174.801076017036, 0.007281553398058253, 0.005339805825242719, 0.006067961165048544],
[37, 0.977077094, 29174.792148597364, 0.007281553398058253, 0.006796116504854369, 0.005825242718446602],
[38, 1.0029926949999999, 29174.77958199032, 0.0024271844660194173, 0.0038834951456310682, 0.004611650485436893],
[39, 1.0284322949999998, 29174.782348571327, 0.009708737864077669, 0.0048543689320388345, 0.004368932038834952],
[40, 1.0536286949999998, 29174.76825525358, 0.0024271844660194173, 0.0038834951456310682, 0.004126213592233009],
[41, 1.0794199949999999, 29174.766269782154, 0.007281553398058253, 0.005825242718446602, 0.005339805825242719],
[42, 1.1062283949999998, 29174.760348265932, 0.012135922330097087, 0.0048543689320388345, 0.004368932038834952],
[43, 1.1322973949999997, 29174.761381930024, 0.014563106796116505, 0.005825242718446602, 0.004611650485436893],
[44, 1.1568099949999997, 29174.75608299538, 0.009708737864077669, 0.005825242718446602, 0.005097087378640777],
[45, 1.1854587939999996, 29174.755138617795, 0.0024271844660194173, 0.005825242718446602, 0.004611650485436893],
[46, 1.2189065939999997, 29174.75271825172, 0.0048543689320388345, 0.0048543689320388345, 0.004611650485436893],
[47, 1.2452392929999996, 29174.753007544547, 0.007281553398058253, 0.005339805825242719, 0.006067961165048544],
[48, 1.2716981939999996, 29174.750834684015, 0.009708737864077669, 0.005339805825242719, 0.004611650485436893],
[49, 1.2980619939999996, 29174.750567748226, 0.012135922330097087, 0.006796116504854369, 0.005097087378640777],
[50, 1.3233532939999995, 29174.749501302853, 0.0024271844660194173, 0.0048543689320388345, 0.0036407766990291263],
[51, 1.3514149939999995, 29174.749622122617, 0.0024271844660194173, 0.0019417475728155341, 0.0026699029126213596],
[52, 1.3772984939999995, 29174.74872406106, 0.0048543689320388345, 0.0048543689320388345, 0.0036407766990291263],
[53, 1.4030387949999994, 29174.748658596258, 0.0048543689320388345, 0.0033980582524271844, 0.004368932038834952],
[54, 1.4287238949999994, 29174.748218948218, 0.0024271844660194173, 0.004368932038834952, 0.007524271844660194],
[55, 1.4546288939999994, 29174.748225382817, 0.009708737864077669, 0.0048543689320388345, 0.004368932038834952],
[56, 1.4797176939999994, 29174.747893938795, 0.0048543689320388345, 0.005339805825242719, 0.005339805825242719],
[57, 1.5057391939999993, 29174.747856392674, 0.0024271844660194173, 0.0038834951456310682, 0.004611650485436893],
[58, 1.5314533929999994, 29174.747671613626, 0.0048543689320388345, 0.004368932038834952, 0.002912621359223301],
[59, 1.5576950929999993, 29174.747666271476, 0.0048543689320388345, 0.0048543689320388345, 0.0036407766990291263],
[60, 1.5861493939999993, 29174.747538389744, 0.0024271844660194173, 0.0077669902912621365, 0.00558252427184466],
[61, 1.6120420949999994, 29174.747535988263, 0.0024271844660194173, 0.008737864077669903, 0.006310679611650486],
[62, 1.6384109959999993, 29174.747446440608, 0.007281553398058253, 0.0038834951456310682, 0.0038834951456310682],
[63, 1.6672656959999992, 29174.74745299678, 0.0048543689320388345, 0.0033980582524271844, 0.004368932038834952],
[64, 1.6951271959999992, 29174.74739537519, 0.0048543689320388345, 0.005339805825242719, 0.005097087378640777],
[65, 1.7204345959999991, 29174.74738897672, 0.0024271844660194173, 0.006796116504854369, 0.006310679611650486],
[66, 1.7462972959999992, 29174.7473609367, 0.007281553398058253, 0.0048543689320388345, 0.005339805825242719],
[67, 1.7723893959999992, 29174.747360182395, 0.0, 0.006796116504854369, 0.005825242718446602],
[68, 1.7994381949999991, 29174.74733517783, 0.0048543689320388345, 0.005339805825242719, 0.0048543689320388345],
[69, 1.826087594999999, 29174.747335980876, 0.009708737864077669, 0.0077669902912621365, 0.006067961165048544],
[70, 1.8523489949999992, 29174.747323536107, 0.007281553398058253, 0.0038834951456310682, 0.00558252427184466],
[71, 1.877453194999999, 29174.747321372717, 0.0024271844660194173, 0.0048543689320388345, 0.0048543689320388345],
[72, 1.903408094999999, 29174.747312731226, 0.0048543689320388345, 0.007281553398058253, 0.006067961165048544],
[73, 1.9292431949999989, 29174.747313083717, 0.0024271844660194173, 0.005339805825242719, 0.004126213592233009],
[74, 1.955886093999999, 29174.747306664598, 0.0048543689320388345, 0.006796116504854369, 0.0048543689320388345],
[75, 1.981214993999999, 29174.747306720077, 0.014563106796116505, 0.0077669902912621365, 0.006553398058252427],
[76, 2.006584993999999, 29174.747303459808, 0.0048543689320388345, 0.004368932038834952, 0.0038834951456310682],
[77, 2.032695894999999, 29174.747303121465, 0.014563106796116505, 0.007281553398058253, 0.005825242718446602],
[78, 2.057354693999999, 29174.747300752446, 0.007281553398058253, 0.002912621359223301, 0.004368932038834952],
[79, 2.0828792939999987, 29174.74730058711, 0.012135922330097087, 0.004368932038834952, 0.005097087378640777],
[80, 2.109703193999999, 29174.7472990842, 0.0048543689320388345, 0.005825242718446602, 0.005097087378640777],
[81, 2.1376085939999987, 29174.747299252384, 0.0048543689320388345, 0.006796116504854369, 0.006553398058252427],
[82, 2.1623543949999986, 29174.747298193728, 0.012135922330097087, 0.007281553398058253, 0.006310679611650486],
[83, 2.1880634959999985, 29174.747298103488, 0.009708737864077669, 0.006310679611650486, 0.004368932038834952],
[84, 2.2137149959999984, 29174.747297562983, 0.007281553398058253, 0.005339805825242719, 0.004368932038834952],
[85, 2.2387757969999984, 29174.747297521593, 0.0024271844660194173, 0.004368932038834952, 0.00558252427184466],
[86, 2.2666265959999983, 29174.7472971391, 0.0, 0.0033980582524271844, 0.0036407766990291263],
[87, 2.2926873959999985, 29174.74729711892, 0.0048543689320388345, 0.004368932038834952, 0.004368932038834952],
[88, 2.3182895959999983, 29174.747296870144, 0.012135922330097087, 0.0077669902912621365, 0.006310679611650486],
[89, 2.3434476959999984, 29174.7472968636, 0.0048543689320388345, 0.006796116504854369, 0.00558252427184466],
[90, 2.3702502969999983, 29174.747296698708, 0.0024271844660194173, 0.006310679611650486, 0.005339805825242719],
[91, 2.3958186959999983, 29174.747296696987, 0.0, 0.005339805825242719, 0.004126213592233009],
[92, 2.4198020959999984, 29174.747296600293, 0.009708737864077669, 0.006796116504854369, 0.004368932038834952],
[93, 2.4460559959999983, 29174.747296596917, 0.007281553398058253, 0.006796116504854369, 0.00558252427184466],
[94, 2.4707339949999985, 29174.747296526763, 0.0024271844660194173, 0.009708737864077669, 0.00703883495145631],
[95, 2.4959488949999984, 29174.747296521266, 0.0048543689320388345, 0.006310679611650486, 0.005825242718446602],
[96, 2.5207444949999984, 29174.74729648418, 0.012135922330097087, 0.006310679611650486, 0.006310679611650486],
[97, 2.5485066949999986, 29174.747296482146, 0.007281553398058253, 0.005825242718446602, 0.0048543689320388345],
[98, 2.5753227949999986, 29174.747296454076, 0.012135922330097087, 0.004368932038834952, 0.004611650485436893],
[99, 2.6015641949999986, 29174.74729645512, 0.009708737864077669, 0.0048543689320388345, 0.004611650485436893],
[100, 2.6274121949999985, 29174.747296438138, 0.0048543689320388345, 0.006310679611650486, 0.0048543689320388345],
[101, 2.6534609949999983, 29174.747296436915, 0.0048543689320388345, 0.0038834951456310682, 0.005097087378640777],
[102, 2.6785511949999985, 29174.747296425176, 0.0024271844660194173, 0.005825242718446602, 0.005825242718446602],
[103, 2.7077075949999987, 29174.747296425157, 0.0048543689320388345, 0.006310679611650486, 0.005825242718446602],
[104, 2.7341940949999985, 29174.747296418882, 0.01699029126213592, 0.005825242718446602, 0.0033980582524271844],
[105, 2.7612855949999986, 29174.747296418318, 0.009708737864077669, 0.005825242718446602, 0.004611650485436893],
[106, 2.7875723959999985, 29174.747296413654, 0.012135922330097087, 0.005339805825242719, 0.0036407766990291263],
[107, 2.8115346969999986, 29174.747296413287, 0.0048543689320388345, 0.005339805825242719, 0.006067961165048544],
[108, 2.8365254969999985, 29174.747296410816, 0.0024271844660194173, 0.005825242718446602, 0.005825242718446602],
[109, 2.8645213959999984, 29174.74729641087, 0.0024271844660194173, 0.0048543689320388345, 0.004611650485436893],
[110, 2.8906608959999986, 29174.74729640874, 0.0024271844660194173, 0.0048543689320388345, 0.0036407766990291263],
[111, 2.9166160969999986, 29174.747296408754, 0.007281553398058253, 0.005825242718446602, 0.005825242718446602],
[112, 2.9431325969999986, 29174.747296407713, 0.009708737864077669, 0.005339805825242719, 0.00558252427184466],
[113, 2.9681114979999985, 29174.747296407662, 0.0024271844660194173, 0.002912621359223301, 0.0038834951456310682],
[114, 2.9941891989999987, 29174.747296406807, 0.0048543689320388345, 0.0038834951456310682, 0.004126213592233009],
[115, 3.019592798999999, 29174.747296406775, 0.007281553398058253, 0.005825242718446602, 0.00703883495145631],
[116, 3.046139398999999, 29174.747296406327, 0.0048543689320388345, 0.002912621359223301, 0.0036407766990291263],
[117, 3.071678599999999, 29174.747296406313, 0.012135922330097087, 0.006796116504854369, 0.006067961165048544],
[118, 3.097500598999999, 29174.747296406018, 0.014563106796116505, 0.004368932038834952, 0.0033980582524271844],
[119, 3.122612598999999, 29174.747296406003, 0.0048543689320388345, 0.005825242718446602, 0.005097087378640777],
[120, 3.151136298999999, 29174.7472964058, 0.007281553398058253, 0.005825242718446602, 0.006067961165048544],
[121, 3.176839598999999, 29174.747296405785, 0.0024271844660194173, 0.005339805825242719, 0.004126213592233009],
