rank: 30, ratio of 0 vs 1: 3, lambda:12, learning_rate: 0.15
iter time objective_function precision@K = 1, 5, 10
[0,30821.616998392088, 0.009708737864077669 0.004368932038834952 0.0036407766990291263],
[1, 0.026889401, 30076.02677359875, 0.0048543689320388345, 0.005339805825242719, 0.0033980582524271844],
[2, 0.053071100999999996, 29782.21747913651, 0.0048543689320388345, 0.005339805825242719, 0.004611650485436893],
[3, 0.078654701, 29521.252898124043, 0.012135922330097087, 0.006310679611650486, 0.004611650485436893],
[4, 0.107570401, 29276.912061454146, 0.0024271844660194173, 0.004368932038834952, 0.004611650485436893],
[5, 0.133930001, 29307.874961149464, 0.0, 0.0014563106796116505, 0.0019417475728155341],
[6, 0.161713701, 29264.53403001983, 0.0024271844660194173, 0.004368932038834952, 0.005097087378640777],
[7, 0.190581902, 29296.648878162945, 0.0048543689320388345, 0.004368932038834952, 0.004368932038834952],
[8, 0.215701802, 29255.532571051754, 0.0048543689320388345, 0.0048543689320388345, 0.0036407766990291263],
[9, 0.243767203, 29285.2813112005, 0.0024271844660194173, 0.004368932038834952, 0.004126213592233009],
[10, 0.269958604, 29247.35295415926, 0.0024271844660194173, 0.005825242718446602, 0.0048543689320388345],
[11, 0.30449340399999997, 29275.184365743728, 0.007281553398058253, 0.005825242718446602, 0.005339805825242719],
[12, 0.32998240399999995, 29240.131071641666, 0.012135922330097087, 0.0048543689320388345, 0.0038834951456310682],
[13, 0.3567278039999999, 29265.623129474094, 0.012135922330097087, 0.008252427184466019, 0.006067961165048544],
[14, 0.38346940499999993, 29233.73239193478, 0.0024271844660194173, 0.0019417475728155341, 0.0036407766990291263],
[15, 0.40922000499999994, 29257.237264070598, 0.01699029126213592, 0.009708737864077669, 0.009466019417475728],
[16, 0.4356549049999999, 29227.54909782566, 0.0024271844660194173, 0.002912621359223301, 0.004126213592233009],
[17, 0.46371560599999995, 29249.44713986498, 0.024271844660194174, 0.008737864077669903, 0.006553398058252427],
[18, 0.49147120699999997, 29222.737608936797, 0.0024271844660194173, 0.002912621359223301, 0.0038834951456310682],
[19, 0.516807208, 29242.357882324843, 0.019417475728155338, 0.008737864077669903, 0.007281553398058253],
[20, 0.542742907, 29217.687189997177, 0.007281553398058253, 0.0048543689320388345, 0.004368932038834952],
[21, 0.5692809080000001, 29235.606942362825, 0.014563106796116505, 0.008252427184466019, 0.005825242718446602],
[22, 0.5940816090000001, 29213.996090716435, 0.0, 0.0009708737864077671, 0.0024271844660194173],
[23, 0.6260986100000001, 29229.801972331377, 0.012135922330097087, 0.0048543689320388345, 0.005339805825242719],
[24, 0.6523986100000001, 29209.953230009116, 0.007281553398058253, 0.004368932038834952, 0.004126213592233009],
[25, 0.6794543100000001, 29224.23161020253, 0.021844660194174758, 0.010194174757281554, 0.006310679611650486],
[26, 0.7059777090000001, 29206.992475981555, 0.0048543689320388345, 0.0048543689320388345, 0.004611650485436893],
[27, 0.7319146090000002, 29219.531142168922, 0.009708737864077669, 0.007281553398058253, 0.006067961165048544],
[28, 0.7583203090000001, 29203.631512307245, 0.0, 0.005825242718446602, 0.004126213592233009],
[29, 0.7837038090000001, 29215.082064379618, 0.007281553398058253, 0.0048543689320388345, 0.004611650485436893],
[30, 0.8115217090000001, 29201.21326138702, 0.007281553398058253, 0.004368932038834952, 0.004368932038834952],
[31, 0.837611308, 29211.029092648238, 0.009708737864077669, 0.008252427184466019, 0.005339805825242719],
[32, 0.862825609, 29198.48240476875, 0.0024271844660194173, 0.0038834951456310682, 0.004368932038834952],
[33, 0.889196109, 29207.568568603576, 0.0024271844660194173, 0.007281553398058253, 0.005825242718446602],
[34, 0.913869709, 29196.34339941935, 0.012135922330097087, 0.006310679611650486, 0.00558252427184466],
[35, 0.940016609, 29204.41679677407, 0.007281553398058253, 0.008252427184466019, 0.007524271844660194],
[36, 0.966289709, 29193.925460883605, 0.0048543689320388345, 0.0038834951456310682, 0.0033980582524271844],
[37, 0.992401909, 29201.621313094358, 0.009708737864077669, 0.0038834951456310682, 0.0033980582524271844],
[38, 1.019195609, 29192.388028189525, 0.0024271844660194173, 0.0038834951456310682, 0.004126213592233009],
[39, 1.049698008, 29198.865191907935, 0.007281553398058253, 0.005339805825242719, 0.006067961165048544],
[40, 1.077016609, 29190.37306018434, 0.0048543689320388345, 0.005339805825242719, 0.00558252427184466],
[41, 1.102044509, 29196.61890758127, 0.009708737864077669, 0.007281553398058253, 0.006067961165048544],
[42, 1.128693108, 29189.121077417785, 0.012135922330097087, 0.005339805825242719, 0.005339805825242719],
[43, 1.154697109, 29194.439671670563, 0.012135922330097087, 0.008252427184466019, 0.007524271844660194],
[44, 1.180989008, 29187.410899478797, 0.009708737864077669, 0.004368932038834952, 0.005097087378640777],
[45, 1.208196708, 29192.664777734055, 0.007281553398058253, 0.006310679611650486, 0.004611650485436893],
[46, 1.240321808, 29186.378298081436, 0.009708737864077669, 0.006796116504854369, 0.0038834951456310682],
[47, 1.266861108, 29190.856967259795, 0.007281553398058253, 0.006796116504854369, 0.006067961165048544],
[48, 1.293698307, 29184.963127445568, 0.012135922330097087, 0.005339805825242719, 0.004611650485436893],
[49, 1.3193369060000002, 29189.427828514436, 0.007281553398058253, 0.005825242718446602, 0.006067961165048544],
[50, 1.3448606060000001, 29184.125403780683, 0.0048543689320388345, 0.006310679611650486, 0.005825242718446602],
[51, 1.371042606, 29187.96002772501, 0.01699029126213592, 0.009223300970873786, 0.007281553398058253],
[52, 1.3999566060000002, 29182.96640349665, 0.0024271844660194173, 0.005825242718446602, 0.005825242718446602],
[53, 1.4261125070000003, 29186.804274747094, 0.009708737864077669, 0.007281553398058253, 0.006310679611650486],
[54, 1.4520316080000002, 29182.359891776745, 0.007281553398058253, 0.006796116504854369, 0.006067961165048544],
[55, 1.4777105080000001, 29185.52745883084, 0.009708737864077669, 0.006310679611650486, 0.005339805825242719],
[56, 1.503839608, 29181.407328036697, 0.012135922330097087, 0.007281553398058253, 0.006067961165048544],
[57, 1.531756108, 29184.588399772798, 0.012135922330097087, 0.009708737864077669, 0.00703883495145631],
[58, 1.557392807, 29180.91327174387, 0.0048543689320388345, 0.0038834951456310682, 0.0048543689320388345],
[59, 1.582526107, 29183.555789191312, 0.0024271844660194173, 0.005825242718446602, 0.00558252427184466],
[60, 1.608856007, 29180.13911890132, 0.0048543689320388345, 0.0033980582524271844, 0.004368932038834952],
[61, 1.635090306, 29182.79072517014, 0.014563106796116505, 0.005825242718446602, 0.0036407766990291263],
[62, 1.6608171059999999, 29179.742873719802, 0.012135922330097087, 0.005339805825242719, 0.005097087378640777],
[63, 1.6871272069999999, 29181.946710558863, 0.01699029126213592, 0.008252427184466019, 0.006796116504854369],
[64, 1.7127895069999999, 29179.102971367884, 0.0048543689320388345, 0.008737864077669903, 0.00703883495145631],
[65, 1.7398858069999998, 29181.3191680547, 0.0048543689320388345, 0.0038834951456310682, 0.004611650485436893],
[66, 1.7664200079999999, 29178.78520521458, 0.007281553398058253, 0.005339805825242719, 0.0048543689320388345],
[67, 1.7917663089999998, 29180.63725820928, 0.009708737864077669, 0.007281553398058253, 0.006553398058252427],
[68, 1.8174740079999998, 29178.261865421642, 0.009708737864077669, 0.0048543689320388345, 0.0038834951456310682],
[69, 1.8474012079999997, 29180.130178148283, 0.007281553398058253, 0.006310679611650486, 0.005339805825242719],
[70, 1.8746254079999998, 29178.00545352032, 0.007281553398058253, 0.007281553398058253, 0.007524271844660194],
[71, 1.9017059079999998, 29179.566581755163, 0.0024271844660194173, 0.006796116504854369, 0.006067961165048544],
[72, 1.9275026069999999, 29177.580951557386, 0.007281553398058253, 0.005339805825242719, 0.0048543689320388345],
[73, 1.9528795079999999, 29179.15013500807, 0.0024271844660194173, 0.0038834951456310682, 0.004126213592233009],
[74, 1.978478708, 29177.394332806958, 0.009708737864077669, 0.0048543689320388345, 0.004368932038834952],
[75, 2.007106408, 29178.675030225044, 0.009708737864077669, 0.005339805825242719, 0.005097087378640777],
[76, 2.0337843089999996, 29177.044342090445, 0.0048543689320388345, 0.0048543689320388345, 0.0048543689320388345],
[77, 2.0600696089999997, 29178.33901343553, 0.01699029126213592, 0.008252427184466019, 0.006310679611650486],
[78, 2.0878216099999998, 29176.895293623984, 0.007281553398058253, 0.004368932038834952, 0.004611650485436893],
[79, 2.1135711099999996, 29177.94581395179, 0.012135922330097087, 0.008737864077669903, 0.006796116504854369],
[80, 2.1450178099999997, 29176.611205042966, 0.0024271844660194173, 0.0038834951456310682, 0.005097087378640777],
[81, 2.1716087099999997, 29177.67137821436, 0.014563106796116505, 0.006796116504854369, 0.006067961165048544],
[82, 2.1961778099999996, 29176.487580962137, 0.0024271844660194173, 0.004368932038834952, 0.004611650485436893],
[83, 2.2217761099999995, 29177.35661225965, 0.012135922330097087, 0.0077669902912621365, 0.006310679611650486],
[84, 2.2474542109999995, 29176.25488671019, 0.007281553398058253, 0.0048543689320388345, 0.004368932038834952],
[85, 2.2728837119999996, 29177.133182899037, 0.0048543689320388345, 0.0077669902912621365, 0.006796116504854369],
[86, 2.3007474119999998, 29176.156175017684, 0.0024271844660194173, 0.0033980582524271844, 0.0033980582524271844],
[87, 2.328563713, 29176.873882475487, 0.009708737864077669, 0.006310679611650486, 0.006310679611650486],
[88, 2.355312013, 29175.967481408592, 0.007281553398058253, 0.006310679611650486, 0.00703883495145631],
[89, 2.380563014, 29176.689155293923, 0.0048543689320388345, 0.009223300970873786, 0.006796116504854369],
[90, 2.4062517139999997, 29175.886034714145, 0.0048543689320388345, 0.0048543689320388345, 0.005097087378640777],
[91, 2.4334649139999995, 29176.48214496417, 0.007281553398058253, 0.005339805825242719, 0.005339805825242719],
[92, 2.4601397139999994, 29175.731934216547, 0.0048543689320388345, 0.005825242718446602, 0.00558252427184466],
[93, 2.4863350139999993, 29176.332211621953, 0.0, 0.006796116504854369, 0.006067961165048544],
[94, 2.512117113999999, 29175.665878917727, 0.0048543689320388345, 0.004368932038834952, 0.004368932038834952],
[95, 2.537162912999999, 29176.162429452066, 0.009708737864077669, 0.010679611650485438, 0.0077669902912621365],
[96, 2.563118012999999, 29175.540486536323, 0.007281553398058253, 0.0048543689320388345, 0.0038834951456310682],
[97, 2.588902012999999, 29176.038371545208, 0.0024271844660194173, 0.004368932038834952, 0.005339805825242719],
[98, 2.614706312999999, 29175.486783312463, 0.0048543689320388345, 0.005825242718446602, 0.005825242718446602],
[99, 2.641894412999999, 29175.902018039233, 0.014563106796116505, 0.006796116504854369, 0.00703883495145631],
[100, 2.667904813999999, 29175.384545112902, 0.0048543689320388345, 0.006796116504854369, 0.006067961165048544],
[101, 2.693507114999999, 29175.801391715686, 0.0024271844660194173, 0.005825242718446602, 0.006310679611650486],
[102, 2.719484515999999, 29175.344854239826, 0.009708737864077669, 0.008252427184466019, 0.007524271844660194],
[103, 2.7446515159999993, 29175.68577153934, 0.007281553398058253, 0.0048543689320388345, 0.00558252427184466],
[104, 2.7698997149999993, 29175.26293568377, 0.0, 0.0048543689320388345, 0.005339805825242719],
[105, 2.798582514999999, 29175.601036685166, 0.007281553398058253, 0.004368932038834952, 0.005097087378640777],
[106, 2.8236600149999993, 29175.230733043263, 0.0024271844660194173, 0.006796116504854369, 0.005825242718446602],
[107, 2.849768814999999, 29175.508404636348, 0.012135922330097087, 0.006310679611650486, 0.005825242718446602],
[108, 2.875930814999999, 29175.163653605712, 0.0, 0.004368932038834952, 0.0033980582524271844],
[109, 2.901557914999999, 29175.43975293891, 0.009708737864077669, 0.002912621359223301, 0.0038834951456310682],
[110, 2.9276786149999987, 29175.137570060557, 0.007281553398058253, 0.005339805825242719, 0.005825242718446602],
[111, 2.953187814999999, 29175.363863375296, 0.012135922330097087, 0.006796116504854369, 0.00558252427184466],
[112, 2.978733613999999, 29175.082511007775, 0.0048543689320388345, 0.0048543689320388345, 0.00558252427184466],
[113, 3.0048698139999988, 29175.3075102589, 0.01699029126213592, 0.009223300970873786, 0.006796116504854369],
[114, 3.0301504139999986, 29175.061788754283, 0.012135922330097087, 0.009223300970873786, 0.006553398058252427],
[115, 3.054451513999999, 29175.245731499002, 0.007281553398058253, 0.0048543689320388345, 0.004611650485436893],
[116, 3.080456014999999, 29175.016802387672, 0.009708737864077669, 0.0038834951456310682, 0.0048543689320388345],
[117, 3.107206815999999, 29175.200595095233, 0.012135922330097087, 0.006310679611650486, 0.006310679611650486],
[118, 3.133265315999999, 29175.000215030832, 0.007281553398058253, 0.006310679611650486, 0.006553398058252427],
[119, 3.158397415999999, 29175.14958138077, 0.012135922330097087, 0.005825242718446602, 0.006067961165048544],
[120, 3.1839391159999986, 29174.963358711215, 0.0024271844660194173, 0.005339805825242719, 0.006796116504854369],
[121, 3.2100730159999986, 29175.11258024966, 0.007281553398058253, 0.006310679611650486, 0.006067961165048544],
