rank: 30, ratio of 0 vs 1: 3, lambda:3, learning_rate: 0.15
iter time objective_function precision@K = 1, 5, 10
[0,29586.601682657845, 0.009708737864077669 0.004368932038834952 0.0036407766990291263],
[1, 0.027375501, 29503.01203001512, 0.009708737864077669, 0.0038834951456310682, 0.0036407766990291263],
[2, 0.055063401, 29455.530270731295, 0.007281553398058253, 0.004368932038834952, 0.003155339805825243],
[3, 0.0832879, 29425.43842089661, 0.0048543689320388345, 0.0038834951456310682, 0.0038834951456310682],
[4, 0.110705301, 29403.39006868355, 0.0048543689320388345, 0.004368932038834952, 0.004368932038834952],
[5, 0.13677530100000002, 29384.144488091442, 0.0048543689320388345, 0.0048543689320388345, 0.005097087378640777],
[6, 0.16481500100000002, 29367.43896980059, 0.0048543689320388345, 0.0033980582524271844, 0.004611650485436893],
[7, 0.1918822, 29351.485850552846, 0.009708737864077669, 0.0048543689320388345, 0.0048543689320388345],
[8, 0.220994099, 29335.271938450667, 0.007281553398058253, 0.005825242718446602, 0.005097087378640777],
[9, 0.2485833, 29318.899029682023, 0.012135922330097087, 0.0077669902912621365, 0.006310679611650486],
[10, 0.2753116, 29303.401904272443, 0.012135922330097087, 0.008737864077669903, 0.006796116504854369],
[11, 0.302080099, 29288.07321871902, 0.0048543689320388345, 0.0077669902912621365, 0.0077669902912621365],
[12, 0.3294496, 29272.209825598864, 0.012135922330097087, 0.0077669902912621365, 0.006796116504854369],
[13, 0.357267799, 29256.248169484512, 0.009708737864077669, 0.008252427184466019, 0.007524271844660194],
[14, 0.384804499, 29240.288478799714, 0.021844660194174758, 0.008252427184466019, 0.007524271844660194],
[15, 0.41399889900000003, 29224.12361762408, 0.01699029126213592, 0.008737864077669903, 0.008737864077669903],
[16, 0.44044089900000005, 29208.368953675326, 0.01699029126213592, 0.01407766990291262, 0.009708737864077669],
[17, 0.4698635990000001, 29196.701664708922, 0.01699029126213592, 0.012621359223300972, 0.010194174757281554],
[18, 0.49676880000000007, 29189.031274129356, 0.012135922330097087, 0.010679611650485438, 0.009951456310679611],
[19, 0.5254429, 29184.4642731741, 0.01699029126213592, 0.016019417475728156, 0.012864077669902912],
[20, 0.5518014, 29184.217039065188, 0.012135922330097087, 0.006796116504854369, 0.006553398058252427],
[21, 0.5821336, 29183.829854126183, 0.019417475728155338, 0.009223300970873786, 0.007281553398058253],
[22, 0.609430099, 29183.919366031394, 0.012135922330097087, 0.007281553398058253, 0.00703883495145631],
[23, 0.637420899, 29183.653553237677, 0.021844660194174758, 0.008737864077669903, 0.006553398058252427],
[24, 0.665211499, 29183.848421442555, 0.012135922330097087, 0.008252427184466019, 0.006796116504854369],
[25, 0.691163399, 29183.61439566321, 0.012135922330097087, 0.012135922330097087, 0.009951456310679611],
[26, 0.718337099, 29183.828590005764, 0.009708737864077669, 0.007281553398058253, 0.006067961165048544],
[27, 0.743971599, 29183.60888598958, 0.01699029126213592, 0.01116504854368932, 0.009951456310679611],
[28, 0.772335399, 29183.81958948639, 0.007281553398058253, 0.005825242718446602, 0.006553398058252427],
[29, 0.798496599, 29183.612515757275, 0.014563106796116505, 0.008252427184466019, 0.00703883495145631],
[30, 0.827856598, 29183.810057559913, 0.012135922330097087, 0.006310679611650486, 0.006067961165048544],
[31, 0.856208698, 29183.619040261572, 0.012135922330097087, 0.008737864077669903, 0.0077669902912621365],
[32, 0.883446898, 29183.802552519217, 0.0048543689320388345, 0.005339805825242719, 0.00703883495145631],
[33, 0.910990197, 29183.62960504931, 0.024271844660194174, 0.010679611650485438, 0.007524271844660194],
[34, 0.944026796, 29183.793957503825, 0.0, 0.006796116504854369, 0.00558252427184466],
[35, 0.9740700959999999, 29183.640197370387, 0.009708737864077669, 0.009708737864077669, 0.007281553398058253],
[36, 1.001722397, 29183.783497751287, 0.012135922330097087, 0.006310679611650486, 0.006310679611650486],
[37, 1.028176796, 29183.646906931812, 0.014563106796116505, 0.006796116504854369, 0.007281553398058253],
[38, 1.0556045959999998, 29183.775933603494, 0.009708737864077669, 0.005825242718446602, 0.005339805825242719],
[39, 1.0828194949999999, 29183.658481207643, 0.009708737864077669, 0.006796116504854369, 0.006310679611650486],
[40, 1.110248094, 29183.765844234586, 0.007281553398058253, 0.005339805825242719, 0.005339805825242719],
[41, 1.137471094, 29183.66825144305, 0.0048543689320388345, 0.007281553398058253, 0.005097087378640777],
[42, 1.167580595, 29183.759339380624, 0.012135922330097087, 0.0048543689320388345, 0.0048543689320388345],
[43, 1.194290895, 29183.676025450248, 0.007281553398058253, 0.006310679611650486, 0.005339805825242719],
[44, 1.221414296, 29183.752944648913, 0.0048543689320388345, 0.0038834951456310682, 0.0033980582524271844],
[45, 1.249856097, 29183.680889900636, 0.009708737864077669, 0.008252427184466019, 0.005097087378640777],
[46, 1.2768961980000002, 29183.745660193614, 0.0024271844660194173, 0.002912621359223301, 0.0048543689320388345],
[47, 1.3027804980000002, 29183.689406711153, 0.0048543689320388345, 0.004368932038834952, 0.0048543689320388345],
[48, 1.3290963990000002, 29183.73952680886, 0.0048543689320388345, 0.0033980582524271844, 0.0038834951456310682],
[49, 1.3572456990000001, 29183.69662901039, 0.007281553398058253, 0.0077669902912621365, 0.00558252427184466],
[50, 1.3852715990000002, 29183.73424108207, 0.007281553398058253, 0.0038834951456310682, 0.002912621359223301],
[51, 1.4123580980000001, 29183.702051434666, 0.0024271844660194173, 0.0048543689320388345, 0.005339805825242719],
[52, 1.440352198, 29183.72689301375, 0.007281553398058253, 0.0048543689320388345, 0.005825242718446602],
[53, 1.466806097, 29183.708769252007, 0.0048543689320388345, 0.0019417475728155341, 0.0033980582524271844],
[54, 1.497286198, 29183.722658880295, 0.0024271844660194173, 0.0038834951456310682, 0.004611650485436893],
[55, 1.524571999, 29183.711549308908, 0.0, 0.004368932038834952, 0.0033980582524271844],
[56, 1.552227099, 29183.719182497847, 0.0, 0.002912621359223301, 0.0019417475728155341],
[57, 1.579082299, 29183.71607794672, 0.0048543689320388345, 0.0038834951456310682, 0.0038834951456310682],
[58, 1.607623998, 29183.716716654195, 0.0, 0.004368932038834952, 0.004368932038834952],
[59, 1.634714498, 29183.72061140884, 0.0, 0.0014563106796116505, 0.003155339805825243],
[60, 1.6635019979999999, 29183.712730012212, 0.0048543689320388345, 0.0038834951456310682, 0.0038834951456310682],
[61, 1.6917376969999998, 29183.72537780448, 0.0024271844660194173, 0.0038834951456310682, 0.0038834951456310682],
[62, 1.7196060959999997, 29183.706349488413, 0.0024271844660194173, 0.0014563106796116505, 0.003155339805825243],
[63, 1.7462274959999997, 29183.73318653972, 0.0024271844660194173, 0.0033980582524271844, 0.0026699029126213596],
[64, 1.7747410959999996, 29183.703228036415, 0.0024271844660194173, 0.0019417475728155341, 0.0033980582524271844],
[65, 1.7999650959999995, 29183.736795315664, 0.007281553398058253, 0.0024271844660194173, 0.002912621359223301],
[66, 1.8265627959999995, 29183.69564565879, 0.0, 0.0009708737864077671, 0.0026699029126213596],
[67, 1.8537154959999995, 29183.742909264223, 0.0048543689320388345, 0.0033980582524271844, 0.0026699029126213596],
[68, 1.8802327959999996, 29183.691205897972, 0.0, 0.0019417475728155341, 0.0024271844660194173],
[69, 1.9070703959999995, 29183.74979393346, 0.0048543689320388345, 0.0024271844660194173, 0.0024271844660194173],
[70, 1.9329865949999996, 29183.68397006434, 0.0, 0.0019417475728155341, 0.0024271844660194173],
[71, 1.9610872949999996, 29183.755934651148, 0.0048543689320388345, 0.0019417475728155341, 0.002912621359223301],
[72, 1.9905959949999996, 29183.68048680039, 0.0, 0.002912621359223301, 0.0024271844660194173],
[73, 2.0180127949999997, 29183.760734591095, 0.007281553398058253, 0.0033980582524271844, 0.0026699029126213596],
[74, 2.047203395, 29183.677046615438, 0.0024271844660194173, 0.0019417475728155341, 0.002912621359223301],
[75, 2.073133196, 29183.76470824784, 0.0, 0.0014563106796116505, 0.0019417475728155341],
[76, 2.100869296, 29183.672382191522, 0.0048543689320388345, 0.004368932038834952, 0.0036407766990291263],
[77, 2.127658196, 29183.76980341021, 0.0, 0.0014563106796116505, 0.0016990291262135922],
[78, 2.155218497, 29183.666676061268, 0.0024271844660194173, 0.002912621359223301, 0.0033980582524271844],
[79, 2.182625598, 29183.77663925348, 0.0024271844660194173, 0.0038834951456310682, 0.0026699029126213596],
[80, 2.210428598, 29183.661086423905, 0.0024271844660194173, 0.002912621359223301, 0.003155339805825243],
[81, 2.237653198, 29183.7821896687, 0.0, 0.0019417475728155341, 0.003155339805825243],
[82, 2.2646693979999997, 29183.65879915975, 0.009708737864077669, 0.0048543689320388345, 0.004126213592233009],
[83, 2.292670999, 29183.78566026686, 0.0, 0.0038834951456310682, 0.003155339805825243],
[84, 2.321459, 29183.65390096313, 0.0, 0.002912621359223301, 0.003155339805825243],
[85, 2.3513384, 29183.79225750829, 0.0024271844660194173, 0.002912621359223301, 0.003155339805825243],
[86, 2.378810999, 29183.644194694145, 0.0024271844660194173, 0.004368932038834952, 0.003155339805825243],
[87, 2.408271999, 29183.8025091663, 0.0, 0.0048543689320388345, 0.0038834951456310682],
[88, 2.435958599, 29183.636884569758, 0.007281553398058253, 0.0038834951456310682, 0.004126213592233009],
[89, 2.464302799, 29183.80815602386, 0.0, 0.00048543689320388353, 0.0019417475728155341],
[90, 2.492426599, 29183.634270189596, 0.0024271844660194173, 0.002912621359223301, 0.0024271844660194173],
[91, 2.5198690989999997, 29183.813510220705, 0.0024271844660194173, 0.004368932038834952, 0.005097087378640777],
[92, 2.5477093999999996, 29183.629935493456, 0.0024271844660194173, 0.0038834951456310682, 0.002912621359223301],
[93, 2.5737823999999994, 29183.818316335564, 0.0024271844660194173, 0.0024271844660194173, 0.0033980582524271844],
[94, 2.598694799999999, 29183.622887653415, 0.0, 0.0019417475728155341, 0.0024271844660194173],
[95, 2.624844499999999, 29183.8249201052, 0.007281553398058253, 0.0038834951456310682, 0.0038834951456310682],
[96, 2.654585899999999, 29183.617855915916, 0.0, 0.0024271844660194173, 0.0026699029126213596],
[97, 2.680136098999999, 29183.833164487973, 0.0048543689320388345, 0.0014563106796116505, 0.0036407766990291263],
[98, 2.708548797999999, 29183.61016100628, 0.0024271844660194173, 0.0014563106796116505, 0.0024271844660194173],
[99, 2.7342732969999988, 29183.8394326064, 0.0024271844660194173, 0.0038834951456310682, 0.0038834951456310682],
[100, 2.761437695999999, 29183.605521505542, 0.0048543689320388345, 0.0033980582524271844, 0.0038834951456310682],
[101, 2.791137694999999, 29183.843359502323, 0.0024271844660194173, 0.0033980582524271844, 0.003155339805825243],
[102, 2.818092795999999, 29183.601600205053, 0.0024271844660194173, 0.0038834951456310682, 0.0038834951456310682],
[103, 2.846188794999999, 29183.849805372956, 0.0024271844660194173, 0.0019417475728155341, 0.0024271844660194173],
[104, 2.8727574949999988, 29183.59710193017, 0.007281553398058253, 0.0033980582524271844, 0.004368932038834952],
[105, 2.906846395999999, 29183.853751956194, 0.0024271844660194173, 0.002912621359223301, 0.0024271844660194173],
[106, 2.934823795999999, 29183.591253684925, 0.0, 0.0033980582524271844, 0.004368932038834952],
[107, 2.960373196999999, 29183.862041101245, 0.0024271844660194173, 0.002912621359223301, 0.0026699029126213596],
[108, 2.987780396999999, 29183.58694700196, 0.0024271844660194173, 0.0038834951456310682, 0.0036407766990291263],
[109, 3.017373896999999, 29183.867844898097, 0.0048543689320388345, 0.005339805825242719, 0.0038834951456310682],
[110, 3.046771297999999, 29183.581123618234, 0.0048543689320388345, 0.004368932038834952, 0.0033980582524271844],
[111, 3.074653496999999, 29183.87398877813, 0.0048543689320388345, 0.004368932038834952, 0.0033980582524271844],
[112, 3.105609496999999, 29183.5756283411, 0.0024271844660194173, 0.0019417475728155341, 0.002912621359223301],
[113, 3.1328770969999993, 29183.877914578057, 0.0024271844660194173, 0.0014563106796116505, 0.0016990291262135922],
[114, 3.1607418969999994, 29183.573122501588, 0.0024271844660194173, 0.002912621359223301, 0.0036407766990291263],
[115, 3.1880620969999995, 29183.88184618121, 0.0048543689320388345, 0.004368932038834952, 0.0033980582524271844],
[116, 3.2159429969999995, 29183.568578241557, 0.0, 0.0048543689320388345, 0.0036407766990291263],
[117, 3.2437196959999994, 29183.888375595314, 0.0, 0.0014563106796116505, 0.0024271844660194173],
[118, 3.2695913959999996, 29183.563117499463, 0.0024271844660194173, 0.002912621359223301, 0.0024271844660194173],
[119, 3.2971401959999995, 29183.89441676481, 0.0024271844660194173, 0.004368932038834952, 0.0033980582524271844],
[120, 3.3260734959999994, 29183.557391368384, 0.0024271844660194173, 0.0014563106796116505, 0.0024271844660194173],
[121, 3.3554847959999994, 29183.8975004989, 0.0, 0.0014563106796116505, 0.0026699029126213596],
