rank: 30, ratio of 0 vs 1: 3, lambda:8, learning_rate: 0.15
iter time objective_function precision@K = 1, 5, 10
[0,30272.721302510203, 0.009708737864077669 0.004368932038834952 0.0036407766990291263],
[1, 0.025813399, 29837.114154520794, 0.0024271844660194173, 0.0024271844660194173, 0.002912621359223301],
[2, 0.051990798000000005, 29705.82549762709, 0.007281553398058253, 0.002912621359223301, 0.004368932038834952],
[3, 0.078061498, 29591.144594745736, 0.012135922330097087, 0.006310679611650486, 0.005097087378640777],
[4, 0.104396898, 29482.498324596945, 0.0048543689320388345, 0.006310679611650486, 0.005339805825242719],
[5, 0.129563697, 29379.064904056544, 0.0024271844660194173, 0.0014563106796116505, 0.0026699029126213596],
[6, 0.159992097, 29280.620651584646, 0.0048543689320388345, 0.0033980582524271844, 0.0033980582524271844],
[7, 0.186876397, 29214.845072680284, 0.0048543689320388345, 0.002912621359223301, 0.004126213592233009],
[8, 0.212338996, 29224.469460529373, 0.0024271844660194173, 0.0048543689320388345, 0.004611650485436893],
[9, 0.241462696, 29210.311322559246, 0.007281553398058253, 0.002912621359223301, 0.0019417475728155341],
[10, 0.269082796, 29219.978290492178, 0.007281553398058253, 0.005339805825242719, 0.004611650485436893],
[11, 0.295352096, 29206.74965537061, 0.007281553398058253, 0.002912621359223301, 0.0024271844660194173],
[12, 0.32401699500000003, 29215.76139572918, 0.012135922330097087, 0.006310679611650486, 0.00558252427184466],
[13, 0.350965894, 29203.268447982497, 0.0, 0.002912621359223301, 0.0026699029126213596],
[14, 0.385674794, 29212.18594271566, 0.0024271844660194173, 0.005339805825242719, 0.004611650485436893],
[15, 0.411349594, 29200.565753091734, 0.0024271844660194173, 0.002912621359223301, 0.004126213592233009],
[16, 0.437241194, 29208.548980340434, 0.014563106796116505, 0.006796116504854369, 0.006796116504854369],
[17, 0.464418695, 29197.786986876097, 0.007281553398058253, 0.006796116504854369, 0.005339805825242719],
[18, 0.49219189399999996, 29205.711419160845, 0.0048543689320388345, 0.006310679611650486, 0.006067961165048544],
[19, 0.518616894, 29195.478738458845, 0.012135922330097087, 0.008252427184466019, 0.006310679611650486],
[20, 0.545037894, 29202.60890223287, 0.009708737864077669, 0.006310679611650486, 0.006310679611650486],
[21, 0.570657094, 29193.307899884156, 0.0024271844660194173, 0.002912621359223301, 0.0026699029126213596],
[22, 0.596305995, 29200.27019217881, 0.0048543689320388345, 0.006310679611650486, 0.005825242718446602],
[23, 0.622784094, 29191.46995215858, 0.019417475728155338, 0.0048543689320388345, 0.004126213592233009],
[24, 0.649125595, 29197.650145564196, 0.012135922330097087, 0.005825242718446602, 0.005097087378640777],
[25, 0.675512596, 29189.785657346183, 0.0048543689320388345, 0.007281553398058253, 0.007281553398058253],
[26, 0.702004096, 29195.726780433153, 0.007281553398058253, 0.006796116504854369, 0.005825242718446602],
[27, 0.727476596, 29188.28550861509, 0.009708737864077669, 0.007281553398058253, 0.006310679611650486],
[28, 0.7544870960000001, 29193.46250733126, 0.0, 0.0077669902912621365, 0.006796116504854369],
[29, 0.7809798950000001, 29187.010263279695, 0.009708737864077669, 0.007281553398058253, 0.004611650485436893],
[30, 0.8092945950000001, 29191.82479405659, 0.007281553398058253, 0.008737864077669903, 0.006796116504854369],
[31, 0.8354219940000002, 29185.781188978923, 0.0048543689320388345, 0.005825242718446602, 0.006067961165048544],
[32, 0.8617710950000002, 29189.968175131817, 0.0048543689320388345, 0.009708737864077669, 0.00703883495145631],
[33, 0.8873471940000002, 29184.747202687126, 0.021844660194174758, 0.010194174757281554, 0.007281553398058253],
[34, 0.9150289940000002, 29188.67179123063, 0.021844660194174758, 0.011650485436893204, 0.008252427184466019],
[35, 0.9419128950000002, 29183.72215400384, 0.007281553398058253, 0.006796116504854369, 0.005825242718446602],
[36, 0.9674676950000002, 29187.19418305468, 0.019417475728155338, 0.009223300970873786, 0.006310679611650486],
[37, 0.9952903950000002, 29182.821683971622, 0.012135922330097087, 0.008252427184466019, 0.006553398058252427],
[38, 1.023671994, 29186.15496231605, 0.019417475728155338, 0.009708737864077669, 0.007524271844660194],
[39, 1.049468694, 29181.991359457865, 0.0024271844660194173, 0.005825242718446602, 0.004368932038834952],
[40, 1.076285594, 29184.936536319845, 0.019417475728155338, 0.008737864077669903, 0.009466019417475728],
[41, 1.103111293, 29181.31166818275, 0.012135922330097087, 0.008252427184466019, 0.006067961165048544],
[42, 1.129087293, 29184.047574602446, 0.009708737864077669, 0.010194174757281554, 0.008009708737864078],
[43, 1.153909393, 29180.66420636723, 0.01699029126213592, 0.006796116504854369, 0.006067961165048544],
[44, 1.181262292, 29183.061379747818, 0.01699029126213592, 0.008252427184466019, 0.00703883495145631],
[45, 1.208054492, 29180.113346272377, 0.009708737864077669, 0.005825242718446602, 0.0048543689320388345],
[46, 1.2343977910000001, 29182.315860194918, 0.012135922330097087, 0.009223300970873786, 0.008252427184466019],
[47, 1.2636087900000001, 29179.583300319406, 0.007281553398058253, 0.0048543689320388345, 0.005097087378640777],
[48, 1.29109519, 29181.524987588764, 0.007281553398058253, 0.0048543689320388345, 0.004611650485436893],
[49, 1.317648689, 29179.10533889703, 0.012135922330097087, 0.0048543689320388345, 0.005339805825242719],
[50, 1.343620889, 29180.910510416055, 0.012135922330097087, 0.006796116504854369, 0.008009708737864078],
[51, 1.369883688, 29178.690183560746, 0.007281553398058253, 0.002912621359223301, 0.0033980582524271844],
[52, 1.395563389, 29180.268870249653, 0.014563106796116505, 0.006310679611650486, 0.006796116504854369],
[53, 1.421481589, 29178.28492397144, 0.012135922330097087, 0.005825242718446602, 0.005339805825242719],
[54, 1.451558189, 29179.76132508907, 0.021844660194174758, 0.009223300970873786, 0.007524271844660194],
[55, 1.47810489, 29177.951456311243, 0.012135922330097087, 0.004368932038834952, 0.0048543689320388345],
[56, 1.50526959, 29179.250273275622, 0.0024271844660194173, 0.0024271844660194173, 0.0036407766990291263],
[57, 1.5300706899999998, 29177.619067815212, 0.014563106796116505, 0.007281553398058253, 0.006067961165048544],
[58, 1.55764299, 29178.832023496747, 0.007281553398058253, 0.008252427184466019, 0.0077669902912621365],
[59, 1.5837794889999999, 29177.353739423877, 0.007281553398058253, 0.008252427184466019, 0.008252427184466019],
[60, 1.6097052889999999, 29178.4141200812, 0.0048543689320388345, 0.008252427184466019, 0.006553398058252427],
[61, 1.6352784889999998, 29177.078412598818, 0.012135922330097087, 0.0077669902912621365, 0.007281553398058253],
[62, 1.6612911879999999, 29178.072397831285, 0.009708737864077669, 0.009223300970873786, 0.00703883495145631],
[63, 1.6893506879999998, 29176.860357363483, 0.0024271844660194173, 0.005825242718446602, 0.0048543689320388345],
[64, 1.7169878889999999, 29177.735677075227, 0.007281553398058253, 0.004368932038834952, 0.005097087378640777],
[65, 1.74257169, 29176.640146499863, 0.009708737864077669, 0.006310679611650486, 0.00703883495145631],
[66, 1.768278391, 29177.456516920487, 0.0048543689320388345, 0.007281553398058253, 0.0077669902912621365],
[67, 1.7935321899999999, 29176.463212956314, 0.012135922330097087, 0.008252427184466019, 0.00703883495145631],
[68, 1.8193450899999999, 29177.17989781104, 0.007281553398058253, 0.004368932038834952, 0.004126213592233009],
[69, 1.8450740899999998, 29176.28165243959, 0.009708737864077669, 0.005825242718446602, 0.005097087378640777],
[70, 1.8766302899999998, 29176.952758724514, 0.012135922330097087, 0.0077669902912621365, 0.00558252427184466],
[71, 1.9037005889999998, 29176.136396437254, 0.012135922330097087, 0.009708737864077669, 0.0077669902912621365],
[72, 1.9297522889999998, 29176.73321719941, 0.0048543689320388345, 0.008252427184466019, 0.007524271844660194],
[73, 1.9600560889999998, 29175.987883731384, 0.014563106796116505, 0.009708737864077669, 0.006796116504854369],
[74, 1.9910293899999998, 29176.55436317621, 0.0024271844660194173, 0.005339805825242719, 0.005825242718446602],
[75, 2.02032159, 29175.8682983157, 0.009708737864077669, 0.0077669902912621365, 0.006067961165048544],
[76, 2.048166591, 29176.368093939087, 0.0024271844660194173, 0.004368932038834952, 0.006310679611650486],
[77, 2.0756786910000002, 29175.749097576663, 0.009708737864077669, 0.007281553398058253, 0.005825242718446602],
[78, 2.1073874910000003, 29176.220102724474, 0.007281553398058253, 0.006796116504854369, 0.006310679611650486],
[79, 2.1413427900000004, 29175.65185885339, 0.0024271844660194173, 0.004368932038834952, 0.005097087378640777],
[80, 2.1708154900000003, 29176.068376159903, 0.0024271844660194173, 0.002912621359223301, 0.0033980582524271844],
[81, 2.19699019, 29175.56096205624, 0.014563106796116505, 0.008252427184466019, 0.007281553398058253],
[82, 2.22438299, 29175.94370462859, 0.007281553398058253, 0.004368932038834952, 0.006067961165048544],
[83, 2.25056419, 29175.4830171448, 0.009708737864077669, 0.005339805825242719, 0.005825242718446602],
[84, 2.27778959, 29175.816736714776, 0.007281553398058253, 0.006796116504854369, 0.006310679611650486],
[85, 2.30316529, 29175.408928581583, 0.012135922330097087, 0.006310679611650486, 0.006553398058252427],
[86, 2.331459191, 29175.71556311387, 0.0, 0.005339805825242719, 0.006067961165048544],
[87, 2.357916891, 29175.344860573776, 0.009708737864077669, 0.005825242718446602, 0.006067961165048544],
[88, 2.38515919, 29175.612645051446, 0.009708737864077669, 0.007281553398058253, 0.007281553398058253],
[89, 2.411727989, 29175.285269368535, 0.012135922330097087, 0.007281553398058253, 0.006553398058252427],
[90, 2.439434989, 29175.530937534146, 0.0024271844660194173, 0.0048543689320388345, 0.0033980582524271844],
[91, 2.466175889, 29175.23311375964, 0.014563106796116505, 0.008252427184466019, 0.007281553398058253],
[92, 2.4939258890000002, 29175.445957079686, 0.009708737864077669, 0.0077669902912621365, 0.006553398058252427],
[93, 2.5193232890000004, 29175.1839698246, 0.009708737864077669, 0.0048543689320388345, 0.006796116504854369],
[94, 2.5440802880000004, 29175.37910015289, 0.007281553398058253, 0.0048543689320388345, 0.005339805825242719],
[95, 2.5697472880000003, 29175.14205438515, 0.0024271844660194173, 0.007281553398058253, 0.006553398058252427],
[96, 2.5968606880000005, 29175.310421917817, 0.014563106796116505, 0.008252427184466019, 0.0077669902912621365],
[97, 2.6220968880000006, 29175.101736323784, 0.0048543689320388345, 0.0048543689320388345, 0.004611650485436893],
[98, 2.6482530880000006, 29175.25687086483, 0.021844660194174758, 0.009708737864077669, 0.007524271844660194],
[99, 2.6748627890000005, 29175.067599573267, 0.009708737864077669, 0.011650485436893204, 0.008252427184466019],
[100, 2.7000133890000004, 29175.200079689555, 0.012135922330097087, 0.009708737864077669, 0.007281553398058253],
[101, 2.7254903880000003, 29175.03464758812, 0.019417475728155338, 0.010194174757281554, 0.008737864077669903],
[102, 2.752294587, 29175.157630625195, 0.0048543689320388345, 0.008252427184466019, 0.008252427184466019],
[103, 2.777637286, 29175.005582726393, 0.009708737864077669, 0.007281553398058253, 0.00558252427184466],
[104, 2.805068586, 29175.112377839454, 0.0024271844660194173, 0.007281553398058253, 0.00849514563106796],
[105, 2.831482886, 29174.978052586495, 0.01699029126213592, 0.007281553398058253, 0.0077669902912621365],
[106, 2.859131485, 29175.078515506204, 0.01699029126213592, 0.007281553398058253, 0.00703883495145631],
[107, 2.885214685, 29174.9538829443, 0.01699029126213592, 0.008252427184466019, 0.008252427184466019],
[108, 2.912420284, 29175.04118648297, 0.0048543689320388345, 0.007281553398058253, 0.007524271844660194],
[109, 2.939585384, 29174.931649850187, 0.0024271844660194173, 0.005339805825242719, 0.005825242718446602],
[110, 2.9655101839999998, 29175.01324953146, 0.014563106796116505, 0.006796116504854369, 0.006553398058252427],
[111, 2.9924031839999996, 29174.912210765404, 0.014563106796116505, 0.010194174757281554, 0.007281553398058253],
[112, 3.0181573839999998, 29174.98306096116, 0.019417475728155338, 0.007281553398058253, 0.007524271844660194],
[113, 3.0433698829999996, 29174.894069136928, 0.009708737864077669, 0.006310679611650486, 0.006553398058252427],
[114, 3.0691017819999997, 29174.96070998562, 0.007281553398058253, 0.010194174757281554, 0.008252427184466019],
[115, 3.0946960819999996, 29174.87792730258, 0.012135922330097087, 0.008252427184466019, 0.007281553398058253],
[116, 3.1197742819999994, 29174.935846019896, 0.007281553398058253, 0.006796116504854369, 0.006796116504854369],
[117, 3.1511355819999993, 29174.863292580267, 0.0024271844660194173, 0.009708737864077669, 0.008009708737864078],
[118, 3.175938982999999, 29174.917424582876, 0.014563106796116505, 0.0077669902912621365, 0.005825242718446602],
[119, 3.202814383999999, 29174.850260069998, 0.007281553398058253, 0.007281553398058253, 0.006310679611650486],
[120, 3.228964284999999, 29174.89727213567, 0.0048543689320388345, 0.006796116504854369, 0.007281553398058253],
[121, 3.256117484999999, 29174.838361838803, 0.009708737864077669, 0.010679611650485438, 0.008252427184466019],
