rank: 30, ratio of 0 vs 1: 3, lambda:5, learning_rate: 0.15
iter time objective_function precision@K = 1, 5, 10
[0,29861.049530598786, 0.009708737864077669 0.004368932038834952 0.0036407766990291263],
[1, 0.026374299, 29658.8894732272, 0.0048543689320388345, 0.004368932038834952, 0.0033980582524271844],
[2, 0.051698499, 29574.516511762897, 0.007281553398058253, 0.002912621359223301, 0.0036407766990291263],
[3, 0.0823778, 29518.439177855944, 0.009708737864077669, 0.0048543689320388345, 0.004368932038834952],
[4, 0.110381399, 29468.81630244713, 0.012135922330097087, 0.005825242718446602, 0.00558252427184466],
[5, 0.136622898, 29420.36972826808, 0.007281553398058253, 0.0038834951456310682, 0.004611650485436893],
[6, 0.16460699699999998, 29372.290377509835, 0.007281553398058253, 0.004368932038834952, 0.0026699029126213596],
[7, 0.19106369699999998, 29324.092429915116, 0.009708737864077669, 0.004368932038834952, 0.0036407766990291263],
[8, 0.21798089799999998, 29275.280975794383, 0.0048543689320388345, 0.0048543689320388345, 0.004611650485436893],
[9, 0.246004498, 29226.591068783167, 0.009708737864077669, 0.005825242718446602, 0.00558252427184466],
[10, 0.273949198, 29200.876892577988, 0.014563106796116505, 0.005825242718446602, 0.006067961165048544],
[11, 0.299612099, 29199.394903537417, 0.0, 0.0038834951456310682, 0.004126213592233009],
[12, 0.3277677, 29200.275179541375, 0.0048543689320388345, 0.006310679611650486, 0.005825242718446602],
[13, 0.355366101, 29199.170217744002, 0.014563106796116505, 0.006796116504854369, 0.00558252427184466],
[14, 0.381408402, 29200.25154859794, 0.007281553398058253, 0.0048543689320388345, 0.0048543689320388345],
[15, 0.40793820199999997, 29199.15057563912, 0.0048543689320388345, 0.005339805825242719, 0.0038834951456310682],
[16, 0.43538500199999997, 29200.2539388548, 0.0048543689320388345, 0.002912621359223301, 0.0024271844660194173],
[17, 0.465365602, 29199.14416419864, 0.0024271844660194173, 0.004368932038834952, 0.0048543689320388345],
[18, 0.500875601, 29200.256850696973, 0.0, 0.004368932038834952, 0.0038834951456310682],
[19, 0.5268624009999999, 29199.14930670588, 0.0048543689320388345, 0.002912621359223301, 0.003155339805825243],
[20, 0.5530925999999999, 29200.25514292217, 0.0, 0.0019417475728155341, 0.003155339805825243],
[21, 0.5798197989999999, 29199.152357859133, 0.0048543689320388345, 0.0038834951456310682, 0.004126213592233009],
[22, 0.6078638989999999, 29200.25522709279, 0.007281553398058253, 0.004368932038834952, 0.004126213592233009],
[23, 0.6327145999999999, 29199.15173307054, 0.007281553398058253, 0.0033980582524271844, 0.004368932038834952],
[24, 0.6576441999999999, 29200.25470131939, 0.0024271844660194173, 0.0024271844660194173, 0.003155339805825243],
[25, 0.6826672989999999, 29199.156593740216, 0.007281553398058253, 0.005825242718446602, 0.004368932038834952],
[26, 0.7083740979999998, 29200.251721201243, 0.0024271844660194173, 0.004368932038834952, 0.0038834951456310682],
[27, 0.7346850989999998, 29199.16031428205, 0.0024271844660194173, 0.0019417475728155341, 0.0036407766990291263],
[28, 0.7601523989999998, 29200.244602373652, 0.0024271844660194173, 0.0033980582524271844, 0.002912621359223301],
[29, 0.7862128979999997, 29199.16667707203, 0.0048543689320388345, 0.004368932038834952, 0.002912621359223301],
[30, 0.8134149979999997, 29200.242599097546, 0.0024271844660194173, 0.0024271844660194173, 0.0026699029126213596],
[31, 0.8402621969999997, 29199.172332782244, 0.0, 0.0033980582524271844, 0.0026699029126213596],
[32, 0.8659046979999997, 29200.23494175122, 0.0048543689320388345, 0.0038834951456310682, 0.0036407766990291263],
[33, 0.8996013979999997, 29199.17884976672, 0.0024271844660194173, 0.004368932038834952, 0.0036407766990291263],
[34, 0.9276714979999997, 29200.234219346272, 0.0024271844660194173, 0.004368932038834952, 0.0026699029126213596],
[35, 0.9544866969999997, 29199.17829527335, 0.0, 0.0024271844660194173, 0.0038834951456310682],
[36, 0.9801866959999996, 29200.23884698642, 0.0024271844660194173, 0.004368932038834952, 0.0036407766990291263],
[37, 1.0106655969999996, 29199.175647420856, 0.0024271844660194173, 0.004368932038834952, 0.004368932038834952],
[38, 1.0393202959999996, 29200.23558337774, 0.007281553398058253, 0.0033980582524271844, 0.003155339805825243],
[39, 1.0660960959999997, 29199.182512109583, 0.0024271844660194173, 0.0048543689320388345, 0.0036407766990291263],
[40, 1.0934507969999996, 29200.235141764573, 0.009708737864077669, 0.004368932038834952, 0.0033980582524271844],
[41, 1.1215535959999996, 29199.18471832292, 0.007281553398058253, 0.0033980582524271844, 0.0026699029126213596],
[42, 1.1474928959999997, 29200.235720619523, 0.0024271844660194173, 0.0024271844660194173, 0.0024271844660194173],
[43, 1.1745309959999997, 29199.188400269766, 0.0024271844660194173, 0.002912621359223301, 0.0033980582524271844],
[44, 1.2029869959999997, 29200.232007528295, 0.009708737864077669, 0.0038834951456310682, 0.004126213592233009],
[45, 1.2316824969999998, 29199.188927694995, 0.007281553398058253, 0.002912621359223301, 0.004126213592233009],
[46, 1.2593191969999997, 29200.234186157308, 0.0024271844660194173, 0.0038834951456310682, 0.0038834951456310682],
[47, 1.2858397979999998, 29199.190542855835, 0.0048543689320388345, 0.002912621359223301, 0.0038834951456310682],
[48, 1.3166337979999998, 29200.229130091397, 0.0, 0.0033980582524271844, 0.0033980582524271844],
[49, 1.3430649969999997, 29199.19737190682, 0.0024271844660194173, 0.002912621359223301, 0.0026699029126213596],
[50, 1.3699187969999997, 29200.22404717139, 0.007281553398058253, 0.0038834951456310682, 0.0033980582524271844],
[51, 1.3957317969999998, 29199.206851859504, 0.007281553398058253, 0.004368932038834952, 0.004611650485436893],
[52, 1.425919797, 29200.215383094575, 0.0, 0.002912621359223301, 0.0026699029126213596],
[53, 1.451827996, 29199.21537133761, 0.0024271844660194173, 0.0024271844660194173, 0.003155339805825243],
[54, 1.478702597, 29200.209741034323, 0.0024271844660194173, 0.0024271844660194173, 0.0033980582524271844],
[55, 1.506377996, 29199.223194999686, 0.0, 0.0024271844660194173, 0.003155339805825243],
[56, 1.534739697, 29200.203424119518, 0.0048543689320388345, 0.0024271844660194173, 0.0038834951456310682],
[57, 1.560428797, 29199.232521731206, 0.007281553398058253, 0.0038834951456310682, 0.003155339805825243],
[58, 1.587640496, 29200.194488838333, 0.0048543689320388345, 0.0033980582524271844, 0.0033980582524271844],
[59, 1.619529096, 29199.238870852132, 0.0024271844660194173, 0.0019417475728155341, 0.0019417475728155341],
[60, 1.6458213959999999, 29200.18889530434, 0.007281553398058253, 0.0019417475728155341, 0.0026699029126213596],
[61, 1.672372297, 29199.247797887063, 0.0048543689320388345, 0.0038834951456310682, 0.002912621359223301],
[62, 1.7002938959999998, 29200.17807336872, 0.0048543689320388345, 0.0038834951456310682, 0.0038834951456310682],
[63, 1.7339880949999997, 29199.25971362994, 0.0048543689320388345, 0.005339805825242719, 0.0048543689320388345],
[64, 1.7606281949999998, 29200.167206062175, 0.0024271844660194173, 0.0038834951456310682, 0.004368932038834952],
[65, 1.7870729949999997, 29199.27312354831, 0.0024271844660194173, 0.0024271844660194173, 0.0036407766990291263],
[66, 1.8130080949999998, 29200.15834347291, 0.0, 0.0009708737864077671, 0.0024271844660194173],
[67, 1.8434248949999998, 29199.28282118796, 0.0, 0.0024271844660194173, 0.003155339805825243],
[68, 1.870813495, 29200.148101113464, 0.0048543689320388345, 0.002912621359223301, 0.005097087378640777],
[69, 1.898727995, 29199.292345636604, 0.0, 0.002912621359223301, 0.003155339805825243],
[70, 1.924622095, 29200.140882290256, 0.0024271844660194173, 0.004368932038834952, 0.004368932038834952],
[71, 1.951946595, 29199.30171062697, 0.0048543689320388345, 0.0033980582524271844, 0.0033980582524271844],
[72, 1.9780936949999999, 29200.133985964134, 0.0048543689320388345, 0.0033980582524271844, 0.003155339805825243],
[73, 2.006686396, 29199.312284508185, 0.0048543689320388345, 0.0024271844660194173, 0.0033980582524271844],
[74, 2.032391997, 29200.120741963572, 0.0024271844660194173, 0.002912621359223301, 0.0036407766990291263],
[75, 2.061460798, 29199.324642985288, 0.007281553398058253, 0.0024271844660194173, 0.0038834951456310682],
[76, 2.0877332980000003, 29200.11108447403, 0.0024271844660194173, 0.002912621359223301, 0.003155339805825243],
[77, 2.1127203980000004, 29199.334829951862, 0.0, 0.0014563106796116505, 0.0012135922330097086],
[78, 2.1379320980000003, 29200.10107885991, 0.0048543689320388345, 0.0048543689320388345, 0.0036407766990291263],
[79, 2.1648908980000003, 29199.343055746907, 0.0024271844660194173, 0.0014563106796116505, 0.0026699029126213596],
[80, 2.1926078990000004, 29200.09386165503, 0.0024271844660194173, 0.0024271844660194173, 0.0024271844660194173],
[81, 2.2197452990000004, 29199.35091695202, 0.0, 0.0009708737864077671, 0.002184466019417476],
[82, 2.2478455990000006, 29200.08760127234, 0.0, 0.0038834951456310682, 0.004126213592233009],
[83, 2.2741518000000007, 29199.359260126595, 0.007281553398058253, 0.005825242718446602, 0.0038834951456310682],
[84, 2.303025800000001, 29200.083068067368, 0.0024271844660194173, 0.002912621359223301, 0.002184466019417476],
[85, 2.3290228010000007, 29199.363859111796, 0.0024271844660194173, 0.0033980582524271844, 0.0036407766990291263],
[86, 2.3564817010000008, 29200.077880984092, 0.0048543689320388345, 0.005825242718446602, 0.005825242718446602],
[87, 2.3825117010000008, 29199.373241459725, 0.007281553398058253, 0.0038834951456310682, 0.003155339805825243],
[88, 2.4092072020000006, 29200.06973537388, 0.0, 0.0014563106796116505, 0.0026699029126213596],
[89, 2.435562101000001, 29199.381450071032, 0.0048543689320388345, 0.0019417475728155341, 0.0026699029126213596],
[90, 2.4611768020000007, 29200.06408200004, 0.0, 0.0014563106796116505, 0.0036407766990291263],
[91, 2.488714903000001, 29199.38589441161, 0.0048543689320388345, 0.0038834951456310682, 0.004368932038834952],
[92, 2.516408002000001, 29200.06176734584, 0.0, 0.0019417475728155341, 0.002184466019417476],
[93, 2.5504790020000008, 29199.390371632642, 0.0024271844660194173, 0.002912621359223301, 0.004126213592233009],
[94, 2.577587002000001, 29200.05375879175, 0.0, 0.002912621359223301, 0.0036407766990291263],
[95, 2.605417503000001, 29199.394336738384, 0.0024271844660194173, 0.002912621359223301, 0.003155339805825243],
[96, 2.6337337030000008, 29200.051395492435, 0.0048543689320388345, 0.004368932038834952, 0.004126213592233009],
[97, 2.659661603000001, 29199.399958499307, 0.007281553398058253, 0.004368932038834952, 0.0048543689320388345],
[98, 2.690826103000001, 29200.04851917013, 0.0024271844660194173, 0.004368932038834952, 0.004611650485436893],
[99, 2.716650303000001, 29199.403923454436, 0.0, 0.0024271844660194173, 0.0026699029126213596],
[100, 2.741813902000001, 29200.04302379086, 0.0, 0.0033980582524271844, 0.004126213592233009],
[101, 2.767731702000001, 29199.410129437187, 0.0, 0.0, 0.0014563106796116505],
[102, 2.795687302000001, 29200.045219831034, 0.0024271844660194173, 0.0019417475728155341, 0.0019417475728155341],
[103, 2.821824002000001, 29199.40866467069, 0.0, 0.0033980582524271844, 0.0033980582524271844],
[104, 2.846800003000001, 29200.045264612185, 0.0048543689320388345, 0.0019417475728155341, 0.0026699029126213596],
[105, 2.874826404000001, 29199.407705712438, 0.0048543689320388345, 0.002912621359223301, 0.0036407766990291263],
[106, 2.9019572050000013, 29200.048273011358, 0.007281553398058253, 0.0048543689320388345, 0.003155339805825243],
[107, 2.9298991060000015, 29199.407588121307, 0.0048543689320388345, 0.0019417475728155341, 0.0038834951456310682],
[108, 2.9567507070000016, 29200.05098342311, 0.0, 0.0019417475728155341, 0.0019417475728155341],
[109, 2.9831930070000015, 29199.40435528731, 0.0048543689320388345, 0.0024271844660194173, 0.003155339805825243],
[110, 3.0097213080000014, 29200.054398145247, 0.0048543689320388345, 0.0038834951456310682, 0.002912621359223301],
[111, 3.037324708000001, 29199.400870600795, 0.0, 0.002912621359223301, 0.002184466019417476],
[112, 3.065040107000001, 29200.059434111874, 0.012135922330097087, 0.006310679611650486, 0.005339805825242719],
[113, 3.093042307000001, 29199.39618114982, 0.0048543689320388345, 0.0033980582524271844, 0.0024271844660194173],
[114, 3.1184999070000012, 29200.06684572123, 0.0024271844660194173, 0.0019417475728155341, 0.0026699029126213596],
[115, 3.146775207000001, 29199.38753186394, 0.0024271844660194173, 0.004368932038834952, 0.005339805825242719],
[116, 3.174845808000001, 29200.07685621214, 0.0024271844660194173, 0.0019417475728155341, 0.0024271844660194173],
[117, 3.2035433070000012, 29199.379136622916, 0.0048543689320388345, 0.0048543689320388345, 0.004611650485436893],
[118, 3.230326908000001, 29200.086591276802, 0.0048543689320388345, 0.006310679611650486, 0.006310679611650486],
[119, 3.258003608000001, 29199.372003193927, 0.007281553398058253, 0.0038834951456310682, 0.004126213592233009],
[120, 3.285951108000001, 29200.092056234036, 0.0, 0.0014563106796116505, 0.002184466019417476],
[121, 3.312215707000001, 29199.366441305418, 0.0, 0.0014563106796116505, 0.0026699029126213596],
