rank: 30, ratio of 0 vs 1: 3, lambda:7, learning_rate: 0.15
iter time objective_function precision@K = 1, 5, 10
[0,30135.49737853973, 0.009708737864077669 0.004368932038834952 0.0036407766990291263],
[1, 0.024471801, 29781.78691907503, 0.0024271844660194173, 0.0038834951456310682, 0.003155339805825243],
[2, 0.052011902, 29683.796526995, 0.0048543689320388345, 0.0033980582524271844, 0.0036407766990291263],
[3, 0.080475002, 29618.281150396797, 0.012135922330097087, 0.004368932038834952, 0.0048543689320388345],
[4, 0.106842501, 29567.689355441067, 0.009708737864077669, 0.006310679611650486, 0.0048543689320388345],
[5, 0.132660801, 29527.44243420642, 0.009708737864077669, 0.0048543689320388345, 0.005097087378640777],
[6, 0.164705202, 29495.610894039033, 0.012135922330097087, 0.0038834951456310682, 0.004611650485436893],
[7, 0.190512101, 29470.14977360207, 0.012135922330097087, 0.005339805825242719, 0.004611650485436893],
[8, 0.21786800199999998, 29449.674891773775, 0.007281553398058253, 0.006310679611650486, 0.004611650485436893],
[9, 0.24518350199999997, 29433.15234472304, 0.007281553398058253, 0.007281553398058253, 0.0048543689320388345],
[10, 0.27131010199999994, 29420.200708803986, 0.007281553398058253, 0.006796116504854369, 0.005097087378640777],
[11, 0.29802070099999994, 29409.84961713405, 0.007281553398058253, 0.005825242718446602, 0.005097087378640777],
[12, 0.32547700199999996, 29401.486295911942, 0.009708737864077669, 0.006310679611650486, 0.004611650485436893],
[13, 0.351587701, 29394.769906864665, 0.009708737864077669, 0.006310679611650486, 0.0048543689320388345],
[14, 0.37854239999999995, 29389.449435957216, 0.012135922330097087, 0.006310679611650486, 0.005097087378640777],
[15, 0.40432999999999997, 29385.159953819388, 0.012135922330097087, 0.005825242718446602, 0.005097087378640777],
[16, 0.43163939999999995, 29381.732817046795, 0.012135922330097087, 0.005825242718446602, 0.005097087378640777],
[17, 0.45759660099999994, 29379.022450526958, 0.009708737864077669, 0.005339805825242719, 0.0048543689320388345],
[18, 0.4823973019999999, 29376.833059909735, 0.012135922330097087, 0.005825242718446602, 0.005339805825242719],
[19, 0.5078168009999999, 29375.078292060676, 0.012135922330097087, 0.005825242718446602, 0.005097087378640777],
[20, 0.535393901, 29373.6572040456, 0.012135922330097087, 0.005825242718446602, 0.005339805825242719],
[21, 0.5635574, 29372.558006606137, 0.012135922330097087, 0.005825242718446602, 0.005339805825242719],
[22, 0.5913412, 29371.67977582619, 0.012135922330097087, 0.005825242718446602, 0.005339805825242719],
[23, 0.617246099, 29370.95682377189, 0.012135922330097087, 0.005825242718446602, 0.005339805825242719],
[24, 0.6536426000000001, 29370.30890803834, 0.012135922330097087, 0.005825242718446602, 0.00558252427184466],
[25, 0.6808837010000001, 29369.882001086014, 0.012135922330097087, 0.005825242718446602, 0.00558252427184466],
[26, 0.7091239020000001, 29369.53408201541, 0.012135922330097087, 0.005825242718446602, 0.00558252427184466],
[27, 0.7381029020000001, 29369.215037620263, 0.012135922330097087, 0.005825242718446602, 0.00558252427184466],
[28, 0.764568401, 29368.998574125504, 0.012135922330097087, 0.005825242718446602, 0.00558252427184466],
[29, 0.791145601, 29368.80330914344, 0.012135922330097087, 0.005825242718446602, 0.00558252427184466],
[30, 0.8178032, 29368.632378492206, 0.012135922330097087, 0.005825242718446602, 0.00558252427184466],
[31, 0.8448247999999999, 29368.49396061571, 0.012135922330097087, 0.005825242718446602, 0.00558252427184466],
[32, 0.8737354999999999, 29368.420087781276, 0.012135922330097087, 0.005825242718446602, 0.00558252427184466],
[33, 0.9012808999999999, 29368.341011528806, 0.012135922330097087, 0.005825242718446602, 0.00558252427184466],
[34, 0.9282866989999999, 29368.260608215416, 0.012135922330097087, 0.005825242718446602, 0.00558252427184466],
[35, 0.953809598, 29368.191262150573, 0.012135922330097087, 0.005825242718446602, 0.00558252427184466],
[36, 0.980435299, 29368.203032809983, 0.012135922330097087, 0.005825242718446602, 0.00558252427184466],
[37, 1.006827299, 29368.190984380002, 0.012135922330097087, 0.005825242718446602, 0.00558252427184466],
[38, 1.033643099, 29368.109036596394, 0.012135922330097087, 0.005825242718446602, 0.00558252427184466],
[39, 1.058781599, 29368.122180701717, 0.012135922330097087, 0.005825242718446602, 0.00558252427184466],
[40, 1.085246299, 29368.08068495403, 0.012135922330097087, 0.005825242718446602, 0.00558252427184466],
[41, 1.112192199, 29368.083128266044, 0.012135922330097087, 0.005825242718446602, 0.00558252427184466],
[42, 1.138525698, 29368.10199016605, 0.012135922330097087, 0.005825242718446602, 0.00558252427184466],
[43, 1.166208698, 29368.11324430209, 0.012135922330097087, 0.005825242718446602, 0.00558252427184466],
[44, 1.192438798, 29368.084959811637, 0.012135922330097087, 0.005825242718446602, 0.00558252427184466],
[45, 1.217716397, 29368.038383862862, 0.012135922330097087, 0.005825242718446602, 0.00558252427184466],
[46, 1.244518696, 29368.09503323778, 0.012135922330097087, 0.005825242718446602, 0.00558252427184466],
[47, 1.2716772950000002, 29368.04543003356, 0.012135922330097087, 0.005825242718446602, 0.00558252427184466],
[48, 1.2984104950000002, 29368.025548237158, 0.012135922330097087, 0.005825242718446602, 0.00558252427184466],
[49, 1.325885095, 29368.048979612202, 0.012135922330097087, 0.005825242718446602, 0.00558252427184466],
[50, 1.3553331960000001, 29368.09737332108, 0.012135922330097087, 0.005825242718446602, 0.00558252427184466],
[51, 1.3813815960000002, 29368.080469182587, 0.012135922330097087, 0.005825242718446602, 0.00558252427184466],
[52, 1.4070341960000001, 29368.072501004874, 0.012135922330097087, 0.005825242718446602, 0.00558252427184466],
[53, 1.4349097960000001, 29368.080442307935, 0.012135922330097087, 0.005825242718446602, 0.00558252427184466],
[54, 1.462123996, 29368.082594535197, 0.012135922330097087, 0.005825242718446602, 0.00558252427184466],
[55, 1.489639296, 29368.051430602067, 0.012135922330097087, 0.005825242718446602, 0.00558252427184466],
[56, 1.516403797, 29368.059185694427, 0.012135922330097087, 0.005825242718446602, 0.00558252427184466],
[57, 1.543904597, 29368.03122573733, 0.012135922330097087, 0.005825242718446602, 0.00558252427184466],
[58, 1.575288297, 29368.03458528194, 0.012135922330097087, 0.005825242718446602, 0.00558252427184466],
[59, 1.603030197, 29368.048512854224, 0.012135922330097087, 0.005825242718446602, 0.00558252427184466],
[60, 1.629645896, 29368.03238935971, 0.012135922330097087, 0.005825242718446602, 0.00558252427184466],
[61, 1.6560586959999999, 29368.075389427133, 0.012135922330097087, 0.005825242718446602, 0.00558252427184466],
[62, 1.6825768959999998, 29368.000196503774, 0.012135922330097087, 0.005825242718446602, 0.00558252427184466],
[63, 1.7083417959999998, 29368.010272117514, 0.012135922330097087, 0.005825242718446602, 0.00558252427184466],
[64, 1.7352433959999998, 29368.090206593926, 0.012135922330097087, 0.005825242718446602, 0.00558252427184466],
[65, 1.7615308949999997, 29368.038177283142, 0.012135922330097087, 0.005825242718446602, 0.00558252427184466],
[66, 1.7874534949999996, 29368.073678138855, 0.012135922330097087, 0.005825242718446602, 0.00558252427184466],
[67, 1.8150239949999996, 29368.046306225275, 0.012135922330097087, 0.005825242718446602, 0.00558252427184466],
[68, 1.8417579949999996, 29368.019179872863, 0.012135922330097087, 0.005825242718446602, 0.00558252427184466],
[69, 1.8728665949999996, 29368.068263469715, 0.012135922330097087, 0.005825242718446602, 0.00558252427184466],
[70, 1.8997221949999996, 29368.01829349398, 0.012135922330097087, 0.005825242718446602, 0.00558252427184466],
[71, 1.9282728959999995, 29368.063255685654, 0.012135922330097087, 0.005825242718446602, 0.00558252427184466],
[72, 1.9564942949999995, 29368.046686243797, 0.012135922330097087, 0.005825242718446602, 0.00558252427184466],
[73, 1.9858057959999995, 29368.04654481646, 0.012135922330097087, 0.005825242718446602, 0.00558252427184466],
[74, 2.0140903949999993, 29368.05125355739, 0.012135922330097087, 0.005825242718446602, 0.00558252427184466],
[75, 2.0402678939999994, 29368.027306941953, 0.012135922330097087, 0.005825242718446602, 0.00558252427184466],
[76, 2.0669974939999993, 29368.05670735048, 0.012135922330097087, 0.005825242718446602, 0.00558252427184466],
[77, 2.0945430929999995, 29368.040022837227, 0.012135922330097087, 0.005825242718446602, 0.00558252427184466],
[78, 2.1212065929999997, 29368.00762177114, 0.012135922330097087, 0.005825242718446602, 0.00558252427184466],
[79, 2.147070693, 29368.06273579603, 0.012135922330097087, 0.005825242718446602, 0.00558252427184466],
[80, 2.172797894, 29368.0250791457, 0.012135922330097087, 0.005825242718446602, 0.00558252427184466],
[81, 2.198142894, 29368.089019981664, 0.012135922330097087, 0.005825242718446602, 0.00558252427184466],
[82, 2.223661694, 29368.045553360298, 0.012135922330097087, 0.005825242718446602, 0.00558252427184466],
[83, 2.251593394, 29368.040894224687, 0.012135922330097087, 0.005825242718446602, 0.00558252427184466],
[84, 2.279705894, 29368.05859263167, 0.012135922330097087, 0.005825242718446602, 0.00558252427184466],
[85, 2.3064718930000003, 29368.039532108596, 0.012135922330097087, 0.005825242718446602, 0.00558252427184466],
[86, 2.332859393, 29368.039389755813, 0.012135922330097087, 0.005825242718446602, 0.00558252427184466],
[87, 2.359068593, 29368.069386156218, 0.012135922330097087, 0.005825242718446602, 0.00558252427184466],
[88, 2.3857181929999998, 29368.041309018616, 0.012135922330097087, 0.005825242718446602, 0.00558252427184466],
[89, 2.410100494, 29368.044767810956, 0.012135922330097087, 0.005825242718446602, 0.00558252427184466],
[90, 2.436461594, 29368.046932848716, 0.012135922330097087, 0.005825242718446602, 0.00558252427184466],
[91, 2.462942895, 29368.05902920318, 0.012135922330097087, 0.005825242718446602, 0.00558252427184466],
[92, 2.489944096, 29368.06703724371, 0.012135922330097087, 0.005825242718446602, 0.00558252427184466],
[93, 2.5150836969999997, 29368.04929098662, 0.012135922330097087, 0.005825242718446602, 0.00558252427184466],
[94, 2.5401508959999997, 29368.02810602295, 0.012135922330097087, 0.005825242718446602, 0.00558252427184466],
[95, 2.5682073959999996, 29368.039571373578, 0.012135922330097087, 0.005825242718446602, 0.00558252427184466],
[96, 2.5964788959999994, 29368.05754925791, 0.012135922330097087, 0.005825242718446602, 0.00558252427184466],
[97, 2.6243813959999995, 29368.032895386135, 0.012135922330097087, 0.005825242718446602, 0.00558252427184466],
[98, 2.6499545949999996, 29368.073833972277, 0.012135922330097087, 0.005825242718446602, 0.00558252427184466],
[99, 2.6756198949999996, 29368.038821094135, 0.012135922330097087, 0.005825242718446602, 0.00558252427184466],
[100, 2.7025730959999996, 29368.077523138425, 0.012135922330097087, 0.005825242718446602, 0.00558252427184466],
[101, 2.7287725959999998, 29368.087457255802, 0.012135922330097087, 0.005825242718446602, 0.00558252427184466],
[102, 2.757140796, 29368.03638116222, 0.012135922330097087, 0.005825242718446602, 0.00558252427184466],
[103, 2.784335096, 29368.00545954513, 0.012135922330097087, 0.005825242718446602, 0.00558252427184466],
[104, 2.812126596, 29368.044764528204, 0.012135922330097087, 0.005825242718446602, 0.00558252427184466],
[105, 2.838649695, 29368.05230247182, 0.012135922330097087, 0.005825242718446602, 0.00558252427184466],
[106, 2.866919596, 29368.07762971603, 0.012135922330097087, 0.005825242718446602, 0.00558252427184466],
[107, 2.8921201969999997, 29368.051705741822, 0.012135922330097087, 0.005825242718446602, 0.00558252427184466],
[108, 2.9183796969999998, 29368.038195139434, 0.012135922330097087, 0.005825242718446602, 0.00558252427184466],
[109, 2.944086497, 29368.085553386383, 0.012135922330097087, 0.005825242718446602, 0.00558252427184466],
[110, 2.969301097, 29368.01167557969, 0.012135922330097087, 0.005825242718446602, 0.00558252427184466],
[111, 2.996507297, 29368.012704594563, 0.012135922330097087, 0.005825242718446602, 0.00558252427184466],
[112, 3.023926296, 29368.057548017805, 0.012135922330097087, 0.005825242718446602, 0.00558252427184466],
[113, 3.051253597, 29368.02273178609, 0.012135922330097087, 0.005825242718446602, 0.00558252427184466],
[114, 3.078090998, 29368.01452023288, 0.012135922330097087, 0.005825242718446602, 0.00558252427184466],
[115, 3.105680599, 29368.06965995218, 0.012135922330097087, 0.005825242718446602, 0.00558252427184466],
[116, 3.1325969, 29368.077674625314, 0.012135922330097087, 0.005825242718446602, 0.00558252427184466],
[117, 3.1585346, 29368.052580938318, 0.012135922330097087, 0.005825242718446602, 0.00558252427184466],
[118, 3.184977299, 29368.050983038538, 0.012135922330097087, 0.005825242718446602, 0.00558252427184466],
[119, 3.2117101989999997, 29367.99931498959, 0.012135922330097087, 0.005825242718446602, 0.00558252427184466],
[120, 3.2384674979999994, 29368.030386437, 0.012135922330097087, 0.005825242718446602, 0.00558252427184466],
[121, 3.2644539979999996, 29368.016452772514, 0.012135922330097087, 0.005825242718446602, 0.00558252427184466],
