rank: 30, ratio of 0 vs 1: 3, lambda:5, learning_rate: 0.15
iter time objective_function precision@K = 1, 5, 10
[0,29861.049530598786, 0.009708737864077669 0.004368932038834952 0.0036407766990291263],
[1, 0.027778101, 29658.8894732272, 0.0048543689320388345, 0.004368932038834952, 0.0033980582524271844],
[2, 0.059507501, 29584.36605329707, 0.007281553398058253, 0.0048543689320388345, 0.0026699029126213596],
[3, 0.08633350199999999, 29539.912608755458, 0.0048543689320388345, 0.004368932038834952, 0.004126213592233009],
[4, 0.11089960199999999, 29506.885378704323, 0.012135922330097087, 0.004368932038834952, 0.004611650485436893],
[5, 0.13691420199999998, 29479.795430846672, 0.012135922330097087, 0.0048543689320388345, 0.005339805825242719],
[6, 0.16644710199999999, 29457.783601349867, 0.009708737864077669, 0.0038834951456310682, 0.005097087378640777],
[7, 0.196470802, 29439.169629791948, 0.007281553398058253, 0.0048543689320388345, 0.005097087378640777],
[8, 0.223763201, 29423.264034461667, 0.0048543689320388345, 0.005339805825242719, 0.005825242718446602],
[9, 0.251836901, 29409.451333677924, 0.0048543689320388345, 0.006796116504854369, 0.00558252427184466],
[10, 0.278793902, 29398.260248006627, 0.0048543689320388345, 0.007281553398058253, 0.00558252427184466],
[11, 0.31070930199999997, 29388.809290659676, 0.007281553398058253, 0.008252427184466019, 0.00558252427184466],
[12, 0.336976501, 29380.587225573832, 0.009708737864077669, 0.006796116504854369, 0.00558252427184466],
[13, 0.36454270099999997, 29373.5442893135, 0.009708737864077669, 0.007281553398058253, 0.00558252427184466],
[14, 0.391052501, 29367.677212108443, 0.007281553398058253, 0.006796116504854369, 0.005339805825242719],
[15, 0.420117801, 29362.625219456575, 0.009708737864077669, 0.007281553398058253, 0.005339805825242719],
[16, 0.445785301, 29358.336991013235, 0.009708737864077669, 0.006796116504854369, 0.005339805825242719],
[17, 0.47214500200000004, 29354.739606042596, 0.009708737864077669, 0.006796116504854369, 0.005339805825242719],
[18, 0.49748150300000005, 29351.656853984285, 0.009708737864077669, 0.007281553398058253, 0.005339805825242719],
[19, 0.5238428030000001, 29349.019695383544, 0.009708737864077669, 0.007281553398058253, 0.005339805825242719],
[20, 0.550481104, 29346.751625762725, 0.009708737864077669, 0.007281553398058253, 0.005339805825242719],
[21, 0.576638804, 29344.90407462921, 0.009708737864077669, 0.007281553398058253, 0.005339805825242719],
[22, 0.603446604, 29343.324857096974, 0.009708737864077669, 0.007281553398058253, 0.005339805825242719],
[23, 0.6310976030000001, 29341.942295371944, 0.009708737864077669, 0.006796116504854369, 0.005339805825242719],
[24, 0.657912904, 29340.630366138415, 0.009708737864077669, 0.006796116504854369, 0.005339805825242719],
[25, 0.685576303, 29339.70277514996, 0.009708737864077669, 0.0077669902912621365, 0.00558252427184466],
[26, 0.711184503, 29338.889439619044, 0.009708737864077669, 0.007281553398058253, 0.00558252427184466],
[27, 0.7380621030000001, 29338.12468995295, 0.009708737864077669, 0.0077669902912621365, 0.00558252427184466],
[28, 0.7641127030000001, 29337.54762366193, 0.009708737864077669, 0.0077669902912621365, 0.00558252427184466],
[29, 0.7927113030000001, 29337.030394562316, 0.009708737864077669, 0.0077669902912621365, 0.00558252427184466],
[30, 0.8193770040000001, 29336.557634014618, 0.009708737864077669, 0.0077669902912621365, 0.00558252427184466],
[31, 0.8482670030000001, 29336.132101783656, 0.009708737864077669, 0.0077669902912621365, 0.00558252427184466],
[32, 0.8756709040000001, 29335.859573077592, 0.009708737864077669, 0.0077669902912621365, 0.00558252427184466],
[33, 0.9021655040000002, 29335.607979188528, 0.009708737864077669, 0.007281553398058253, 0.00558252427184466],
[34, 0.9292799040000002, 29335.32546020705, 0.009708737864077669, 0.007281553398058253, 0.00558252427184466],
[35, 0.9543962040000001, 29335.10144527199, 0.009708737864077669, 0.007281553398058253, 0.00558252427184466],
[36, 0.9816508040000002, 29335.02734385221, 0.009708737864077669, 0.007281553398058253, 0.00558252427184466],
[37, 1.0094347040000002, 29334.91537253119, 0.009708737864077669, 0.007281553398058253, 0.00558252427184466],
[38, 1.0391686030000002, 29334.684239464314, 0.009708737864077669, 0.007281553398058253, 0.00558252427184466],
[39, 1.0662122020000002, 29334.64566948869, 0.009708737864077669, 0.007281553398058253, 0.00558252427184466],
[40, 1.0956455020000002, 29334.527663583372, 0.009708737864077669, 0.007281553398058253, 0.00558252427184466],
[41, 1.1213444020000003, 29334.49178680232, 0.009708737864077669, 0.007281553398058253, 0.00558252427184466],
[42, 1.1478375020000002, 29334.467298934505, 0.009708737864077669, 0.007281553398058253, 0.00558252427184466],
[43, 1.1748923030000002, 29334.439933248577, 0.009708737864077669, 0.007281553398058253, 0.00558252427184466],
[44, 1.2020768020000003, 29334.361531827766, 0.009708737864077669, 0.007281553398058253, 0.00558252427184466],
[45, 1.2289666010000004, 29334.25006902109, 0.009708737864077669, 0.007281553398058253, 0.00558252427184466],
[46, 1.2561874010000005, 29334.315206968426, 0.009708737864077669, 0.007281553398058253, 0.00558252427184466],
[47, 1.2910379010000004, 29334.221514107736, 0.009708737864077669, 0.007281553398058253, 0.00558252427184466],
[48, 1.3178699010000003, 29334.162435453916, 0.009708737864077669, 0.007281553398058253, 0.00558252427184466],
[49, 1.3444723010000004, 29334.191913324205, 0.009708737864077669, 0.007281553398058253, 0.00558252427184466],
[50, 1.3717457000000004, 29334.248702617213, 0.009708737864077669, 0.007281553398058253, 0.00558252427184466],
[51, 1.3974577000000004, 29334.22795023909, 0.009708737864077669, 0.007281553398058253, 0.00558252427184466],
[52, 1.4239042010000003, 29334.192287804755, 0.009708737864077669, 0.007281553398058253, 0.00558252427184466],
[53, 1.4502842000000002, 29334.201801725303, 0.009708737864077669, 0.007281553398058253, 0.00558252427184466],
[54, 1.4792259000000003, 29334.193093207537, 0.009708737864077669, 0.007281553398058253, 0.00558252427184466],
[55, 1.5078192000000004, 29334.115451952894, 0.009708737864077669, 0.007281553398058253, 0.00558252427184466],
[56, 1.5345461000000005, 29334.13460806101, 0.009708737864077669, 0.007281553398058253, 0.00558252427184466],
[57, 1.5628681000000004, 29334.093320548793, 0.009708737864077669, 0.007281553398058253, 0.00558252427184466],
[58, 1.5921101990000004, 29334.101566189485, 0.009708737864077669, 0.007281553398058253, 0.00558252427184466],
[59, 1.6207736000000004, 29334.110588196847, 0.009708737864077669, 0.007281553398058253, 0.00558252427184466],
[60, 1.6471119010000004, 29334.081979529437, 0.009708737864077669, 0.007281553398058253, 0.00558252427184466],
[61, 1.6766112010000003, 29334.140073377268, 0.009708737864077669, 0.007281553398058253, 0.00558252427184466],
[62, 1.7063606000000002, 29334.02677709144, 0.009708737864077669, 0.007281553398058253, 0.00558252427184466],
[63, 1.7325149010000003, 29334.041623538495, 0.009708737864077669, 0.007281553398058253, 0.00558252427184466],
[64, 1.7597639020000002, 29334.158800989102, 0.009708737864077669, 0.007281553398058253, 0.00558252427184466],
[65, 1.7883369010000003, 29334.073042284675, 0.009708737864077669, 0.007281553398058253, 0.00558252427184466],
[66, 1.8146007020000003, 29334.132201354998, 0.009708737864077669, 0.007281553398058253, 0.00558252427184466],
[67, 1.8420095020000002, 29334.092935397806, 0.009708737864077669, 0.007281553398058253, 0.00558252427184466],
[68, 1.8711178010000002, 29334.0379159733, 0.009708737864077669, 0.007281553398058253, 0.00558252427184466],
[69, 1.8976860010000003, 29334.112669816695, 0.009708737864077669, 0.007281553398058253, 0.00558252427184466],
[70, 1.9247949020000004, 29334.042271599752, 0.009708737864077669, 0.007281553398058253, 0.00558252427184466],
[71, 1.9519415030000005, 29334.099494810598, 0.009708737864077669, 0.007281553398058253, 0.00558252427184466],
[72, 1.9806344030000005, 29334.08865204141, 0.009708737864077669, 0.007281553398058253, 0.00558252427184466],
[73, 2.0067647040000005, 29334.090680239835, 0.009708737864077669, 0.007281553398058253, 0.00558252427184466],
[74, 2.0360976050000006, 29334.084105321384, 0.009708737864077669, 0.007281553398058253, 0.00558252427184466],
[75, 2.0646194060000007, 29334.04828191333, 0.009708737864077669, 0.007281553398058253, 0.00558252427184466],
[76, 2.0920846070000008, 29334.099466151893, 0.009708737864077669, 0.007281553398058253, 0.00558252427184466],
[77, 2.118191307000001, 29334.078847025023, 0.009708737864077669, 0.007281553398058253, 0.00558252427184466],
[78, 2.142628808000001, 29334.032126354003, 0.009708737864077669, 0.007281553398058253, 0.00558252427184466],
[79, 2.1710232080000007, 29334.103590800252, 0.009708737864077669, 0.007281553398058253, 0.00558252427184466],
[80, 2.2013052070000008, 29334.05588939422, 0.009708737864077669, 0.007281553398058253, 0.00558252427184466],
[81, 2.229018606000001, 29334.164485517504, 0.009708737864077669, 0.007281553398058253, 0.00558252427184466],
[82, 2.256776007000001, 29334.086878725062, 0.009708737864077669, 0.007281553398058253, 0.00558252427184466],
[83, 2.289189608000001, 29334.074807336383, 0.009708737864077669, 0.007281553398058253, 0.00558252427184466],
[84, 2.317104908000001, 29334.1115714126, 0.009708737864077669, 0.007281553398058253, 0.00558252427184466],
[85, 2.344841208000001, 29334.071154951846, 0.009708737864077669, 0.007281553398058253, 0.00558252427184466],
[86, 2.372058007000001, 29334.070274257512, 0.009708737864077669, 0.007281553398058253, 0.00558252427184466],
[87, 2.401485908000001, 29334.116677688547, 0.009708737864077669, 0.007281553398058253, 0.00558252427184466],
[88, 2.429396008000001, 29334.07894325851, 0.009708737864077669, 0.007281553398058253, 0.00558252427184466],
[89, 2.456290008000001, 29334.077338245672, 0.009708737864077669, 0.007281553398058253, 0.00558252427184466],
[90, 2.4813758070000014, 29334.094731423993, 0.009708737864077669, 0.007281553398058253, 0.00558252427184466],
[91, 2.5092787060000012, 29334.10189486607, 0.009708737864077669, 0.007281553398058253, 0.00558252427184466],
[92, 2.5356855060000014, 29334.123480928596, 0.009708737864077669, 0.007281553398058253, 0.00558252427184466],
[93, 2.5633663060000016, 29334.09057298122, 0.009708737864077669, 0.007281553398058253, 0.00558252427184466],
[94, 2.5931759060000017, 29334.057757180388, 0.009708737864077669, 0.007281553398058253, 0.00558252427184466],
[95, 2.6196279070000017, 29334.055587942697, 0.009708737864077669, 0.007281553398058253, 0.00558252427184466],
[96, 2.6456118080000017, 29334.117635360166, 0.009708737864077669, 0.007281553398058253, 0.00558252427184466],
[97, 2.6710842080000017, 29334.05381414988, 0.009708737864077669, 0.007281553398058253, 0.00558252427184466],
[98, 2.6982241080000016, 29334.1262851425, 0.009708737864077669, 0.007281553398058253, 0.00558252427184466],
[99, 2.7254484080000014, 29334.07584469824, 0.009708737864077669, 0.007281553398058253, 0.00558252427184466],
[100, 2.7549110080000014, 29334.14543355817, 0.009708737864077669, 0.007281553398058253, 0.00558252427184466],
[101, 2.7825132080000015, 29334.146249498455, 0.009708737864077669, 0.007281553398058253, 0.00558252427184466],
[102, 2.8091276080000016, 29334.059524405056, 0.009708737864077669, 0.007281553398058253, 0.00558252427184466],
[103, 2.8356346070000016, 29334.016685899147, 0.009708737864077669, 0.007281553398058253, 0.00558252427184466],
[104, 2.8638547060000015, 29334.083059467477, 0.009708737864077669, 0.007281553398058253, 0.00558252427184466],
[105, 2.8930700050000016, 29334.096572662253, 0.009708737864077669, 0.007281553398058253, 0.00558252427184466],
[106, 2.9201623050000016, 29334.144385861462, 0.009708737864077669, 0.007281553398058253, 0.00558252427184466],
[107, 2.9482480050000017, 29334.081684444864, 0.009708737864077669, 0.007281553398058253, 0.00558252427184466],
[108, 2.974054304000002, 29334.079940494994, 0.009708737864077669, 0.007281553398058253, 0.00558252427184466],
[109, 2.999929004000002, 29334.155408914794, 0.009708737864077669, 0.007281553398058253, 0.00558252427184466],
[110, 3.026118504000002, 29334.01907676928, 0.009708737864077669, 0.007281553398058253, 0.00558252427184466],
[111, 3.051814704000002, 29334.02043170674, 0.009708737864077669, 0.007281553398058253, 0.00558252427184466],
[112, 3.078936903000002, 29334.09218424462, 0.009708737864077669, 0.007281553398058253, 0.00558252427184466],
[113, 3.110582002000002, 29334.05255769347, 0.009708737864077669, 0.007281553398058253, 0.00558252427184466],
[114, 3.1368568010000017, 29334.021540265978, 0.009708737864077669, 0.007281553398058253, 0.00558252427184466],
[115, 3.1645142010000016, 29334.124374582512, 0.009708737864077669, 0.007281553398058253, 0.00558252427184466],
[116, 3.1910454000000015, 29334.13296472645, 0.009708737864077669, 0.007281553398058253, 0.00558252427184466],
[117, 3.2193807010000013, 29334.092481313983, 0.009708737864077669, 0.007281553398058253, 0.00558252427184466],
[118, 3.246074302000001, 29334.099501280467, 0.009708737864077669, 0.007281553398058253, 0.00558252427184466],
[119, 3.272842602000001, 29334.01137395506, 0.009708737864077669, 0.007281553398058253, 0.00558252427184466],
[120, 3.2978397020000014, 29334.051069581532, 0.009708737864077669, 0.007281553398058253, 0.00558252427184466],
[121, 3.3242953020000012, 29334.0265518578, 0.009708737864077669, 0.007281553398058253, 0.00558252427184466],
