rank: 30, ratio of 0 vs 1: 3, lambda:4, learning_rate: 0.15
iter time objective_function precision@K = 1, 5, 10
[0,29723.825606628314, 0.009708737864077669 0.004368932038834952 0.0036407766990291263],
[1, 0.0266568, 29586.321521018017, 0.0048543689320388345, 0.0038834951456310682, 0.003155339805825243],
[2, 0.055096000000000006, 29524.7785326718, 0.007281553398058253, 0.0048543689320388345, 0.003155339805825243],
[3, 0.086853701, 29488.009329076092, 0.0048543689320388345, 0.0038834951456310682, 0.0038834951456310682],
[4, 0.115342701, 29461.16806804394, 0.0048543689320388345, 0.0038834951456310682, 0.0038834951456310682],
[5, 0.14321430100000002, 29438.627711007677, 0.007281553398058253, 0.0048543689320388345, 0.005097087378640777],
[6, 0.16935180100000002, 29419.945137584105, 0.0048543689320388345, 0.004368932038834952, 0.0048543689320388345],
[7, 0.19651160100000004, 29403.38961695031, 0.0048543689320388345, 0.005825242718446602, 0.004368932038834952],
[8, 0.22247540100000004, 29388.412474384186, 0.0048543689320388345, 0.004368932038834952, 0.00558252427184466],
[9, 0.24844550200000004, 29374.59787960579, 0.009708737864077669, 0.006796116504854369, 0.006067961165048544],
[10, 0.27525530100000006, 29362.92218762735, 0.007281553398058253, 0.008252427184466019, 0.005825242718446602],
[11, 0.3027425020000001, 29352.52303054486, 0.007281553398058253, 0.007281553398058253, 0.005825242718446602],
[12, 0.33083680100000007, 29342.874976570452, 0.009708737864077669, 0.008252427184466019, 0.005339805825242719],
[13, 0.35793400100000006, 29334.143455312915, 0.009708737864077669, 0.0077669902912621365, 0.005097087378640777],
[14, 0.3836069000000001, 29326.412060119772, 0.007281553398058253, 0.007281553398058253, 0.005339805825242719],
[15, 0.41047970000000006, 29319.38834618345, 0.012135922330097087, 0.0077669902912621365, 0.005097087378640777],
[16, 0.43754860000000007, 29313.051731635867, 0.007281553398058253, 0.008252427184466019, 0.005339805825242719],
[17, 0.46548740000000005, 29307.40905650562, 0.012135922330097087, 0.0077669902912621365, 0.005339805825242719],
[18, 0.49204010000000004, 29302.310334478763, 0.012135922330097087, 0.007281553398058253, 0.005339805825242719],
[19, 0.5194599000000001, 29297.675489877103, 0.009708737864077669, 0.008252427184466019, 0.005825242718446602],
[20, 0.5484119000000001, 29293.49330403648, 0.012135922330097087, 0.008737864077669903, 0.005825242718446602],
[21, 0.573792701, 29289.812445588766, 0.012135922330097087, 0.008252427184466019, 0.005825242718446602],
[22, 0.6006749020000001, 29286.474405848505, 0.009708737864077669, 0.0077669902912621365, 0.005097087378640777],
[23, 0.6260314020000001, 29283.43527647315, 0.012135922330097087, 0.008252427184466019, 0.006067961165048544],
[24, 0.652582902, 29280.56623875216, 0.012135922330097087, 0.008252427184466019, 0.00558252427184466],
[25, 0.6792118030000001, 29278.167913015426, 0.009708737864077669, 0.008737864077669903, 0.005825242718446602],
[26, 0.705874204, 29275.97874837358, 0.009708737864077669, 0.008737864077669903, 0.00558252427184466],
[27, 0.734889304, 29273.940010171034, 0.014563106796116505, 0.0077669902912621365, 0.00558252427184466],
[28, 0.762542704, 29272.186846030698, 0.014563106796116505, 0.008252427184466019, 0.006067961165048544],
[29, 0.789378104, 29270.576040758064, 0.012135922330097087, 0.0077669902912621365, 0.005825242718446602],
[30, 0.816116805, 29269.09493584058, 0.014563106796116505, 0.007281553398058253, 0.005825242718446602],
[31, 0.8449845039999999, 29267.741620026532, 0.012135922330097087, 0.007281553398058253, 0.005825242718446602],
[32, 0.870995903, 29266.605921306327, 0.009708737864077669, 0.007281553398058253, 0.006310679611650486],
[33, 0.898075202, 29265.561564281394, 0.009708737864077669, 0.006796116504854369, 0.006067961165048544],
[34, 0.926368001, 29264.570647929188, 0.009708737864077669, 0.006796116504854369, 0.006310679611650486],
[35, 0.9527755010000001, 29263.671702002248, 0.009708737864077669, 0.006796116504854369, 0.006310679611650486],
[36, 0.9791254010000001, 29262.9801753374, 0.009708737864077669, 0.006796116504854369, 0.006310679611650486],
[37, 1.0055505020000002, 29262.303077548422, 0.009708737864077669, 0.006796116504854369, 0.006310679611650486],
[38, 1.0320881020000001, 29261.596860300255, 0.009708737864077669, 0.007281553398058253, 0.006310679611650486],
[39, 1.059507602, 29261.083748283778, 0.009708737864077669, 0.007281553398058253, 0.006310679611650486],
[40, 1.086179002, 29260.55739416211, 0.009708737864077669, 0.007281553398058253, 0.006067961165048544],
[41, 1.113587202, 29260.12783668343, 0.009708737864077669, 0.007281553398058253, 0.006067961165048544],
[42, 1.139968602, 29259.7356864655, 0.009708737864077669, 0.007281553398058253, 0.006067961165048544],
[43, 1.169349902, 29259.38152486071, 0.009708737864077669, 0.007281553398058253, 0.006067961165048544],
[44, 1.195393001, 29259.025086531798, 0.009708737864077669, 0.007281553398058253, 0.006067961165048544],
[45, 1.223072502, 29258.676103168837, 0.009708737864077669, 0.007281553398058253, 0.006067961165048544],
[46, 1.251710501, 29258.483144110334, 0.009708737864077669, 0.007281553398058253, 0.006067961165048544],
[47, 1.278262101, 29258.19403276052, 0.009708737864077669, 0.007281553398058253, 0.006067961165048544],
[48, 1.305024601, 29257.948572503083, 0.009708737864077669, 0.007281553398058253, 0.006067961165048544],
[49, 1.332397201, 29257.788819283913, 0.009708737864077669, 0.007281553398058253, 0.006067961165048544],
[50, 1.360216502, 29257.655077906515, 0.009708737864077669, 0.007281553398058253, 0.006310679611650486],
[51, 1.3863161030000002, 29257.49890417981, 0.009708737864077669, 0.007281553398058253, 0.006310679611650486],
[52, 1.4134400040000001, 29257.346159706474, 0.009708737864077669, 0.007281553398058253, 0.006310679611650486],
[53, 1.4397835040000002, 29257.22279201242, 0.009708737864077669, 0.007281553398058253, 0.006310679611650486],
[54, 1.4653200040000003, 29257.11178706842, 0.009708737864077669, 0.007281553398058253, 0.006310679611650486],
[55, 1.4941071040000002, 29256.95491384472, 0.009708737864077669, 0.007281553398058253, 0.006310679611650486],
[56, 1.5198195040000002, 29256.87612222294, 0.009708737864077669, 0.007281553398058253, 0.006310679611650486],
[57, 1.5462322050000001, 29256.756358346982, 0.009708737864077669, 0.007281553398058253, 0.006310679611650486],
[58, 1.5721010050000002, 29256.71521576344, 0.009708737864077669, 0.007281553398058253, 0.006310679611650486],
[59, 1.602153305, 29256.6555978396, 0.009708737864077669, 0.007281553398058253, 0.006310679611650486],
[60, 1.629489505, 29256.56052542261, 0.009708737864077669, 0.007281553398058253, 0.006310679611650486],
[61, 1.656836405, 29256.53914885443, 0.009708737864077669, 0.007281553398058253, 0.006310679611650486],
[62, 1.683812505, 29256.428568744443, 0.009708737864077669, 0.007281553398058253, 0.006310679611650486],
[63, 1.7091731049999999, 29256.397069956874, 0.009708737864077669, 0.007281553398058253, 0.006310679611650486],
[64, 1.7345089059999999, 29256.418973425367, 0.009708737864077669, 0.007281553398058253, 0.006310679611650486],
[65, 1.763736107, 29256.323810166283, 0.009708737864077669, 0.007281553398058253, 0.006310679611650486],
[66, 1.790613507, 29256.340354982993, 0.009708737864077669, 0.007281553398058253, 0.006310679611650486],
[67, 1.815983707, 29256.29073398243, 0.009708737864077669, 0.007281553398058253, 0.006310679611650486],
[68, 1.843829908, 29256.22510775994, 0.009708737864077669, 0.007281553398058253, 0.006310679611650486],
[69, 1.872036107, 29256.23636709865, 0.009708737864077669, 0.007281553398058253, 0.006310679611650486],
[70, 1.898263807, 29256.184922069755, 0.009708737864077669, 0.007281553398058253, 0.006310679611650486],
[71, 1.923993807, 29256.198517723817, 0.009708737864077669, 0.007281553398058253, 0.006310679611650486],
[72, 1.952427407, 29256.175077270414, 0.009708737864077669, 0.007281553398058253, 0.006310679611650486],
[73, 1.980871407, 29256.17056148762, 0.009708737864077669, 0.007281553398058253, 0.006310679611650486],
[74, 2.006292308, 29256.15241754232, 0.009708737864077669, 0.007281553398058253, 0.006310679611650486],
[75, 2.031211109, 29256.109313204895, 0.009708737864077669, 0.007281553398058253, 0.006310679611650486],
[76, 2.058562109, 29256.133232295186, 0.009708737864077669, 0.007281553398058253, 0.006310679611650486],
[77, 2.0847219089999998, 29256.11114145122, 0.009708737864077669, 0.007281553398058253, 0.006310679611650486],
[78, 2.111836909, 29256.06926626209, 0.009708737864077669, 0.007281553398058253, 0.006310679611650486],
[79, 2.1371366099999998, 29256.116116400935, 0.009708737864077669, 0.007281553398058253, 0.006310679611650486],
[80, 2.1659502089999996, 29256.073605669877, 0.009708737864077669, 0.007281553398058253, 0.006310679611650486],
[81, 2.1926220089999995, 29256.144884097386, 0.009708737864077669, 0.007281553398058253, 0.006310679611650486],
[82, 2.2194591099999994, 29256.07423242029, 0.009708737864077669, 0.007281553398058253, 0.006310679611650486],
[83, 2.2463251099999995, 29256.06254986578, 0.009708737864077669, 0.007281553398058253, 0.006310679611650486],
[84, 2.2752579089999996, 29256.076441456175, 0.009708737864077669, 0.007281553398058253, 0.006310679611650486],
[85, 2.3045421099999994, 29256.049423729244, 0.009708737864077669, 0.007281553398058253, 0.006310679611650486],
[86, 2.3308403109999993, 29256.037539013232, 0.009708737864077669, 0.007281553398058253, 0.006310679611650486],
[87, 2.3566383109999993, 29256.064215394184, 0.009708737864077669, 0.007281553398058253, 0.006310679611650486],
[88, 2.3853215109999995, 29256.047343477057, 0.009708737864077669, 0.007281553398058253, 0.006310679611650486],
[89, 2.4129327109999994, 29256.044327678723, 0.009708737864077669, 0.007281553398058253, 0.006310679611650486],
[90, 2.4419343119999994, 29256.059506961756, 0.009708737864077669, 0.007281553398058253, 0.006310679611650486],
[91, 2.4683295119999995, 29256.0472773301, 0.009708737864077669, 0.007281553398058253, 0.006310679611650486],
[92, 2.4967747119999997, 29256.059957746173, 0.009708737864077669, 0.007281553398058253, 0.006310679611650486],
[93, 2.5234869109999996, 29256.049092571368, 0.009708737864077669, 0.007281553398058253, 0.006310679611650486],
[94, 2.5483398119999996, 29256.028346086503, 0.009708737864077669, 0.007281553398058253, 0.006310679611650486],
[95, 2.5754149109999998, 29256.007304406365, 0.009708737864077669, 0.007281553398058253, 0.006310679611650486],
[96, 2.6018308099999996, 29256.061420696686, 0.009708737864077669, 0.007281553398058253, 0.006310679611650486],
[97, 2.6281222109999995, 29256.023946298814, 0.009708737864077669, 0.007281553398058253, 0.006310679611650486],
[98, 2.6547960109999997, 29256.05842302221, 0.009708737864077669, 0.007281553398058253, 0.006310679611650486],
[99, 2.6823746099999997, 29256.034109401444, 0.009708737864077669, 0.007281553398058253, 0.006310679611650486],
[100, 2.7101649089999995, 29256.073623688164, 0.009708737864077669, 0.007281553398058253, 0.006310679611650486],
[101, 2.7379648099999994, 29256.071861176184, 0.009708737864077669, 0.007281553398058253, 0.006310679611650486],
[102, 2.7642357099999995, 29256.008340167577, 0.009708737864077669, 0.007281553398058253, 0.006310679611650486],
[103, 2.7906982089999994, 29255.98384633713, 0.009708737864077669, 0.007281553398058253, 0.006310679611650486],
[104, 2.8187720089999995, 29256.011252559707, 0.009708737864077669, 0.007281553398058253, 0.006310679611650486],
[105, 2.8449382089999995, 29256.020552199076, 0.009708737864077669, 0.007281553398058253, 0.006310679611650486],
[106, 2.8732219089999993, 29256.069814674116, 0.009708737864077669, 0.007281553398058253, 0.006310679611650486],
[107, 2.9002225089999993, 29256.025630244796, 0.009708737864077669, 0.007281553398058253, 0.006310679611650486],
[108, 2.9274541089999992, 29256.02161999711, 0.009708737864077669, 0.007281553398058253, 0.006310679611650486],
[109, 2.953673109999999, 29256.071896797195, 0.009708737864077669, 0.007281553398058253, 0.006310679611650486],
[110, 2.979539010999999, 29255.980317256155, 0.009708737864077669, 0.007281553398058253, 0.006310679611650486],
[111, 3.008112710999999, 29255.975039779707, 0.009708737864077669, 0.007281553398058253, 0.006310679611650486],
[112, 3.033915911999999, 29256.017517156317, 0.009708737864077669, 0.007281553398058253, 0.006310679611650486],
[113, 3.059928110999999, 29255.999136457573, 0.009708737864077669, 0.007281553398058253, 0.006310679611650486],
[114, 3.0878190109999992, 29255.979846510563, 0.009708737864077669, 0.007281553398058253, 0.006310679611650486],
[115, 3.1141841109999993, 29256.05518360439, 0.009708737864077669, 0.007281553398058253, 0.006310679611650486],
[116, 3.1403329119999994, 29256.048301862673, 0.009708737864077669, 0.007281553398058253, 0.006310679611650486],
[117, 3.1670155119999994, 29256.025045243037, 0.009708737864077669, 0.007281553398058253, 0.006310679611650486],
[118, 3.1940321119999995, 29256.029398773782, 0.009708737864077669, 0.007281553398058253, 0.006310679611650486],
[119, 3.2195435119999996, 29255.98312058248, 0.009708737864077669, 0.007281553398058253, 0.006310679611650486],
[120, 3.2468065129999997, 29256.0110076914, 0.009708737864077669, 0.007281553398058253, 0.006310679611650486],
[121, 3.273716912, 29255.977348411423, 0.009708737864077669, 0.007281553398058253, 0.006310679611650486],
