rank: 30, ratio of 0 vs 1: 3, lambda:7, learning_rate: 0.1
iter time objective_function precision@K = 1, 5, 10
[0,30135.49737853973, 0.009708737864077669 0.004368932038834952 0.0036407766990291263],
[1, 0.02791, 29864.297899858295, 0.009708737864077669, 0.004368932038834952, 0.0038834951456310682],
[2, 0.053089, 29752.766086272433, 0.007281553398058253, 0.0038834951456310682, 0.002912621359223301],
[3, 0.078251901, 29684.425098614094, 0.0048543689320388345, 0.0038834951456310682, 0.003155339805825243],
[4, 0.103371501, 29631.993474566174, 0.007281553398058253, 0.0033980582524271844, 0.0033980582524271844],
[5, 0.130321701, 29587.28192340394, 0.0048543689320388345, 0.0048543689320388345, 0.004126213592233009],
[6, 0.156289101, 29548.452627093993, 0.009708737864077669, 0.0048543689320388345, 0.004368932038834952],
[7, 0.18186080100000002, 29513.822085850137, 0.0048543689320388345, 0.005825242718446602, 0.004611650485436893],
[8, 0.207737001, 29482.670142329822, 0.0048543689320388345, 0.005339805825242719, 0.005097087378640777],
[9, 0.237101801, 29454.559059106163, 0.0048543689320388345, 0.006310679611650486, 0.00558252427184466],
[10, 0.262318501, 29429.58916477439, 0.009708737864077669, 0.007281553398058253, 0.005339805825242719],
[11, 0.2883011, 29407.131480987424, 0.0024271844660194173, 0.005825242718446602, 0.00558252427184466],
[12, 0.31332689999999996, 29386.79892564248, 0.007281553398058253, 0.0077669902912621365, 0.00558252427184466],
[13, 0.34059079999999997, 29368.493500040324, 0.0048543689320388345, 0.005825242718446602, 0.005339805825242719],
[14, 0.3674345, 29352.051197947774, 0.0048543689320388345, 0.005825242718446602, 0.0038834951456310682],
[15, 0.3941709, 29337.221712974246, 0.007281553398058253, 0.0048543689320388345, 0.004126213592233009],
[16, 0.422796901, 29323.875902527525, 0.0048543689320388345, 0.005339805825242719, 0.004368932038834952],
[17, 0.452232001, 29311.875231304428, 0.0024271844660194173, 0.005825242718446602, 0.004368932038834952],
[18, 0.482881002, 29301.065028787158, 0.0, 0.005825242718446602, 0.004368932038834952],
[19, 0.507881401, 29291.32199212516, 0.0024271844660194173, 0.0048543689320388345, 0.004368932038834952],
[20, 0.5345744020000001, 29282.546972150747, 0.0, 0.0048543689320388345, 0.004611650485436893],
[21, 0.5609404020000001, 29274.66341925505, 0.0024271844660194173, 0.0048543689320388345, 0.0038834951456310682],
[22, 0.586698602, 29267.566313689727, 0.0024271844660194173, 0.005339805825242719, 0.0036407766990291263],
[23, 0.6131512020000001, 29261.171145506352, 0.0024271844660194173, 0.0048543689320388345, 0.0033980582524271844],
[24, 0.6392183020000001, 29255.389272204593, 0.0, 0.004368932038834952, 0.0038834951456310682],
[25, 0.672868502, 29250.223067523006, 0.0, 0.0038834951456310682, 0.004368932038834952],
[26, 0.698995103, 29245.718673319905, 0.0, 0.002912621359223301, 0.0038834951456310682],
[27, 0.726498903, 29241.6366618558, 0.0, 0.0033980582524271844, 0.0038834951456310682],
[28, 0.753213103, 29238.20500319651, 0.0, 0.0033980582524271844, 0.0038834951456310682],
[29, 0.779827902, 29234.918878381082, 0.0, 0.0038834951456310682, 0.0036407766990291263],
[30, 0.8062182019999999, 29232.14142081058, 0.0, 0.004368932038834952, 0.0036407766990291263],
[31, 0.8315367029999999, 29229.46224031243, 0.0, 0.0038834951456310682, 0.0036407766990291263],
[32, 0.8597755029999999, 29227.237735476363, 0.0, 0.0038834951456310682, 0.0036407766990291263],
[33, 0.8860422039999999, 29225.190634538547, 0.0, 0.0033980582524271844, 0.0036407766990291263],
[34, 0.9100645039999999, 29223.503371909843, 0.0, 0.0033980582524271844, 0.0036407766990291263],
[35, 0.9380500039999999, 29221.84515880389, 0.0, 0.0033980582524271844, 0.0036407766990291263],
[36, 0.9647804029999999, 29220.55343966579, 0.0, 0.0033980582524271844, 0.0033980582524271844],
[37, 0.9918095029999999, 29219.356854181668, 0.0, 0.0033980582524271844, 0.0033980582524271844],
[38, 1.018388103, 29218.282971061733, 0.0, 0.0033980582524271844, 0.0036407766990291263],
[39, 1.044592003, 29217.321542289897, 0.0, 0.0033980582524271844, 0.0033980582524271844],
[40, 1.071055803, 29216.458241171513, 0.0, 0.0033980582524271844, 0.003155339805825243],
[41, 1.097448802, 29215.68076682455, 0.0, 0.0033980582524271844, 0.003155339805825243],
[42, 1.1265999009999998, 29214.977190228576, 0.0, 0.0033980582524271844, 0.0026699029126213596],
[43, 1.153266301, 29214.346879756384, 0.0, 0.0033980582524271844, 0.0026699029126213596],
[44, 1.178900901, 29213.821440172105, 0.0, 0.0033980582524271844, 0.0026699029126213596],
[45, 1.2091662, 29213.307586676474, 0.0, 0.0033980582524271844, 0.0026699029126213596],
[46, 1.237364201, 29212.930160253378, 0.0, 0.0033980582524271844, 0.0026699029126213596],
[47, 1.2642751010000002, 29212.504696496937, 0.0, 0.0033980582524271844, 0.0026699029126213596],
[48, 1.2909515010000001, 29212.1882519986, 0.0, 0.0033980582524271844, 0.0026699029126213596],
[49, 1.3185819010000002, 29211.860107653396, 0.0, 0.0038834951456310682, 0.0026699029126213596],
[50, 1.3448996010000003, 29211.608472508786, 0.0, 0.0038834951456310682, 0.0026699029126213596],
[51, 1.3714749010000002, 29211.33565096182, 0.0, 0.0038834951456310682, 0.0026699029126213596],
[52, 1.3961277010000002, 29211.13002672349, 0.0, 0.0038834951456310682, 0.0026699029126213596],
[53, 1.421931701, 29210.907332447987, 0.0, 0.0038834951456310682, 0.0026699029126213596],
[54, 1.4479572010000001, 29210.74337074655, 0.0, 0.0038834951456310682, 0.002912621359223301],
[55, 1.4749186010000002, 29210.561471731027, 0.0, 0.0038834951456310682, 0.0026699029126213596],
[56, 1.5023912000000001, 29210.42374842165, 0.0, 0.0038834951456310682, 0.0026699029126213596],
[57, 1.5280494000000002, 29210.27387897488, 0.0, 0.0038834951456310682, 0.0026699029126213596],
[58, 1.5548504000000003, 29210.167707210487, 0.0, 0.0038834951456310682, 0.0026699029126213596],
[59, 1.5834633000000002, 29210.055503898286, 0.0, 0.0038834951456310682, 0.002912621359223301],
[60, 1.6108245000000003, 29209.960914754098, 0.0, 0.0038834951456310682, 0.002912621359223301],
[61, 1.6363017990000004, 29209.87180092178, 0.0, 0.0038834951456310682, 0.002912621359223301],
[62, 1.6622046990000003, 29209.793094419547, 0.0, 0.0038834951456310682, 0.002912621359223301],
[63, 1.6889998980000003, 29209.714521196467, 0.0, 0.0038834951456310682, 0.002912621359223301],
[64, 1.7156522980000002, 29209.661051391646, 0.0, 0.0038834951456310682, 0.002912621359223301],
[65, 1.7463796990000002, 29209.592107695076, 0.0, 0.0038834951456310682, 0.002912621359223301],
[66, 1.7721540980000001, 29209.555143524798, 0.0, 0.0038834951456310682, 0.002912621359223301],
[67, 1.8014899990000002, 29209.50272909328, 0.0, 0.0038834951456310682, 0.002912621359223301],
[68, 1.8280526990000001, 29209.45957972431, 0.0, 0.0038834951456310682, 0.002912621359223301],
[69, 1.853963199, 29209.421170428148, 0.0, 0.0038834951456310682, 0.002912621359223301],
[70, 1.880460899, 29209.38780106598, 0.0, 0.0038834951456310682, 0.002912621359223301],
[71, 1.9060582990000001, 29209.358554767197, 0.0, 0.0038834951456310682, 0.002912621359223301],
[72, 1.9328005990000001, 29209.332534152894, 0.0, 0.0038834951456310682, 0.002912621359223301],
[73, 1.959808398, 29209.30658384986, 0.0, 0.0038834951456310682, 0.002912621359223301],
[74, 1.985003698, 29209.287513505904, 0.0, 0.0038834951456310682, 0.002912621359223301],
[75, 2.009958198, 29209.26139369862, 0.0, 0.0038834951456310682, 0.002912621359223301],
[76, 2.036224798, 29209.2485205255, 0.0, 0.0038834951456310682, 0.002912621359223301],
[77, 2.063724698, 29209.227833661706, 0.0, 0.0038834951456310682, 0.002912621359223301],
[78, 2.0970273980000003, 29209.211500458616, 0.0, 0.0038834951456310682, 0.002912621359223301],
[79, 2.1237118990000003, 29209.20346277979, 0.0, 0.0038834951456310682, 0.002912621359223301],
[80, 2.1512628990000002, 29209.18928347805, 0.0, 0.0038834951456310682, 0.002912621359223301],
[81, 2.1767679990000004, 29209.185406305805, 0.0, 0.0038834951456310682, 0.002912621359223301],
[82, 2.205857899, 29209.171546688187, 0.0, 0.0038834951456310682, 0.002912621359223301],
[83, 2.2308222, 29209.16065591044, 0.0, 0.0038834951456310682, 0.002912621359223301],
[84, 2.2576759, 29209.153487744883, 0.0, 0.0038834951456310682, 0.002912621359223301],
[85, 2.2857665010000003, 29209.14411222854, 0.0, 0.0038834951456310682, 0.002912621359223301],
[86, 2.3118382010000005, 29209.135562582833, 0.0, 0.0038834951456310682, 0.002912621359223301],
[87, 2.3391042000000004, 29209.1356069049, 0.0, 0.0038834951456310682, 0.002912621359223301],
[88, 2.3654454010000006, 29209.130440274403, 0.0, 0.0038834951456310682, 0.002912621359223301],
[89, 2.3911988000000006, 29209.124285295595, 0.0, 0.0038834951456310682, 0.002912621359223301],
[90, 2.4183114010000004, 29209.124595834597, 0.0, 0.0038834951456310682, 0.002912621359223301],
[91, 2.4450954020000006, 29209.117837858314, 0.0, 0.0038834951456310682, 0.002912621359223301],
[92, 2.470744801000001, 29209.115140702004, 0.0, 0.0038834951456310682, 0.002912621359223301],
[93, 2.496109701000001, 29209.113285442156, 0.0, 0.0038834951456310682, 0.002912621359223301],
[94, 2.522464201000001, 29209.10881560965, 0.0, 0.0038834951456310682, 0.002912621359223301],
[95, 2.547651301000001, 29209.106303680255, 0.0, 0.0038834951456310682, 0.002912621359223301],
[96, 2.574289301000001, 29209.108230192305, 0.0, 0.0038834951456310682, 0.002912621359223301],
[97, 2.6009775010000014, 29209.1045060774, 0.0, 0.0038834951456310682, 0.002912621359223301],
[98, 2.6262651010000013, 29209.102652708003, 0.0, 0.0038834951456310682, 0.002912621359223301],
[99, 2.6525450000000013, 29209.100465813954, 0.0, 0.0038834951456310682, 0.002912621359223301],
[100, 2.679897899000001, 29209.101713666998, 0.0, 0.0038834951456310682, 0.002912621359223301],
[101, 2.707474500000001, 29209.10069700535, 0.0, 0.0038834951456310682, 0.002912621359223301],
[102, 2.733622000000001, 29209.092302509915, 0.0, 0.0038834951456310682, 0.002912621359223301],
[103, 2.759090500000001, 29209.088234156312, 0.0, 0.0038834951456310682, 0.002912621359223301],
[104, 2.785062300000001, 29209.08877217744, 0.0, 0.0038834951456310682, 0.002912621359223301],
[105, 2.811419900000001, 29209.088964928345, 0.0, 0.0038834951456310682, 0.002912621359223301],
[106, 2.8377535010000012, 29209.097162621445, 0.0, 0.0038834951456310682, 0.002912621359223301],
[107, 2.8623646020000013, 29209.088833729267, 0.0, 0.0038834951456310682, 0.002912621359223301],
[108, 2.8878983030000014, 29209.08793589075, 0.0, 0.0038834951456310682, 0.002912621359223301],
[109, 2.9143765030000015, 29209.09255585481, 0.0, 0.0038834951456310682, 0.002912621359223301],
[110, 2.9401231040000013, 29209.087418514446, 0.0, 0.0038834951456310682, 0.002912621359223301],
[111, 2.9686791030000013, 29209.081778765853, 0.0, 0.0038834951456310682, 0.002912621359223301],
[112, 2.9992249030000013, 29209.08805707787, 0.0, 0.0038834951456310682, 0.002912621359223301],
[113, 3.0257386030000015, 29209.08383680721, 0.0, 0.0038834951456310682, 0.002912621359223301],
[114, 3.0533305030000015, 29209.0835303973, 0.0, 0.0038834951456310682, 0.002912621359223301],
[115, 3.0801781030000015, 29209.089139693606, 0.0, 0.0038834951456310682, 0.002912621359223301],
[116, 3.1066636030000017, 29209.08945394517, 0.0, 0.0038834951456310682, 0.002912621359223301],
[117, 3.1322598030000015, 29209.084175363, 0.0, 0.0038834951456310682, 0.002912621359223301],
[118, 3.1592181040000016, 29209.08529036888, 0.0, 0.0038834951456310682, 0.002912621359223301],
[119, 3.1851466040000016, 29209.08287726286, 0.0, 0.0038834951456310682, 0.002912621359223301],
[120, 3.2120158040000018, 29209.087476731474, 0.0, 0.0038834951456310682, 0.002912621359223301],
[121, 3.2388268030000016, 29209.08145002022, 0.0, 0.0038834951456310682, 0.002912621359223301],
