rank: 30, ratio of 0 vs 1: 3, lambda:2, learning_rate: 0.1
iter time objective_function precision@K = 1, 5, 10
[0,29449.377758687373, 0.009708737864077669 0.004368932038834952 0.0036407766990291263],
[1, 0.0299848, 29419.004569999583, 0.007281553398058253, 0.004368932038834952, 0.0038834951456310682],
[2, 0.0572824, 29400.506647700327, 0.007281553398058253, 0.005339805825242719, 0.0036407766990291263],
[3, 0.085682999, 29388.751271499485, 0.007281553398058253, 0.0038834951456310682, 0.003155339805825243],
[4, 0.115294499, 29382.115162920498, 0.007281553398058253, 0.004368932038834952, 0.0033980582524271844],
[5, 0.146111799, 29375.57156357241, 0.007281553398058253, 0.0033980582524271844, 0.0033980582524271844],
[6, 0.18175399799999997, 29373.027062736695, 0.007281553398058253, 0.0033980582524271844, 0.0038834951456310682],
[7, 0.20880439899999997, 29369.406222461268, 0.007281553398058253, 0.0033980582524271844, 0.004368932038834952],
[8, 0.23803909799999998, 29368.668500650507, 0.007281553398058253, 0.0033980582524271844, 0.004126213592233009],
[9, 0.26711269899999995, 29364.718966439996, 0.007281553398058253, 0.0033980582524271844, 0.004611650485436893],
[10, 0.29971189899999995, 29364.17543927132, 0.007281553398058253, 0.0033980582524271844, 0.004368932038834952],
[11, 0.32728499899999997, 29364.616066383514, 0.007281553398058253, 0.0033980582524271844, 0.004611650485436893],
[12, 0.35912479899999994, 29363.931327732018, 0.007281553398058253, 0.0033980582524271844, 0.004611650485436893],
[13, 0.38677199999999995, 29362.037009980555, 0.007281553398058253, 0.0033980582524271844, 0.004611650485436893],
[14, 0.41607629999999995, 29363.477589077796, 0.007281553398058253, 0.0038834951456310682, 0.004611650485436893],
[15, 0.44498560099999995, 29362.308983583902, 0.009708737864077669, 0.0033980582524271844, 0.004611650485436893],
[16, 0.47594649999999994, 29363.111870858218, 0.009708737864077669, 0.004368932038834952, 0.004368932038834952],
[17, 0.5057567989999999, 29362.530228446358, 0.009708737864077669, 0.0038834951456310682, 0.004368932038834952],
[18, 0.537797699, 29362.19653572016, 0.009708737864077669, 0.0038834951456310682, 0.004368932038834952],
[19, 0.5670314, 29362.66079984675, 0.009708737864077669, 0.0038834951456310682, 0.004368932038834952],
[20, 0.5998481, 29362.697458568997, 0.009708737864077669, 0.0038834951456310682, 0.004368932038834952],
[21, 0.628638999, 29362.724428602152, 0.009708737864077669, 0.0038834951456310682, 0.004368932038834952],
[22, 0.659376498, 29362.972957402988, 0.009708737864077669, 0.0038834951456310682, 0.004368932038834952],
[23, 0.692980198, 29362.584743597028, 0.009708737864077669, 0.004368932038834952, 0.004368932038834952],
[24, 0.723980398, 29361.2830715358, 0.009708737864077669, 0.004368932038834952, 0.004368932038834952],
[25, 0.756123898, 29362.46107676887, 0.009708737864077669, 0.004368932038834952, 0.004368932038834952],
[26, 0.7856258970000001, 29362.38771264498, 0.009708737864077669, 0.004368932038834952, 0.004368932038834952],
[27, 0.8161497970000001, 29362.266060424638, 0.009708737864077669, 0.004368932038834952, 0.004368932038834952],
[28, 0.8504233970000001, 29362.450679329053, 0.009708737864077669, 0.004368932038834952, 0.004368932038834952],
[29, 0.8861184970000001, 29362.332347977874, 0.009708737864077669, 0.004368932038834952, 0.004368932038834952],
[30, 0.9213210960000001, 29362.37975695972, 0.009708737864077669, 0.004368932038834952, 0.004368932038834952],
[31, 0.9466404970000001, 29361.22319712464, 0.009708737864077669, 0.004368932038834952, 0.004368932038834952],
[32, 0.9751675960000001, 29361.369918495362, 0.009708737864077669, 0.004368932038834952, 0.004368932038834952],
[33, 1.0104415960000002, 29362.450581261153, 0.009708737864077669, 0.004368932038834952, 0.004368932038834952],
[34, 1.0450815960000002, 29360.99545973802, 0.009708737864077669, 0.004368932038834952, 0.004368932038834952],
[35, 1.0746704950000001, 29362.042150683836, 0.009708737864077669, 0.004368932038834952, 0.004368932038834952],
[36, 1.1063091950000001, 29362.08855891217, 0.009708737864077669, 0.004368932038834952, 0.004368932038834952],
[37, 1.1344895940000002, 29361.884031266192, 0.009708737864077669, 0.004368932038834952, 0.004368932038834952],
[38, 1.1599291930000002, 29361.083657450443, 0.009708737864077669, 0.004368932038834952, 0.004368932038834952],
[39, 1.1945643920000002, 29361.76279765845, 0.009708737864077669, 0.004368932038834952, 0.004368932038834952],
[40, 1.2201780910000002, 29362.223255754336, 0.009708737864077669, 0.004368932038834952, 0.004368932038834952],
[41, 1.2488008900000003, 29362.704997996712, 0.009708737864077669, 0.004368932038834952, 0.004368932038834952],
[42, 1.2836450900000003, 29363.068028558824, 0.009708737864077669, 0.004368932038834952, 0.004368932038834952],
[43, 1.3171891900000003, 29362.290792077976, 0.009708737864077669, 0.004368932038834952, 0.004368932038834952],
[44, 1.3463263900000004, 29362.485809904163, 0.009708737864077669, 0.004368932038834952, 0.004368932038834952],
[45, 1.3756483900000005, 29362.489585477564, 0.009708737864077669, 0.004368932038834952, 0.004368932038834952],
[46, 1.4059560890000005, 29361.53239119734, 0.009708737864077669, 0.004368932038834952, 0.004368932038834952],
[47, 1.4399422890000004, 29361.691279789975, 0.009708737864077669, 0.004368932038834952, 0.004368932038834952],
[48, 1.4663328880000004, 29361.213714064812, 0.009708737864077669, 0.004368932038834952, 0.004368932038834952],
[49, 1.5005521870000005, 29362.55468899441, 0.009708737864077669, 0.004368932038834952, 0.004368932038834952],
[50, 1.5281127880000005, 29362.162039767205, 0.009708737864077669, 0.004368932038834952, 0.004368932038834952],
[51, 1.5566442880000004, 29363.05632422942, 0.009708737864077669, 0.004368932038834952, 0.004368932038834952],
[52, 1.5877915880000004, 29362.139054459112, 0.009708737864077669, 0.004368932038834952, 0.004368932038834952],
[53, 1.6168869880000005, 29362.243648884672, 0.009708737864077669, 0.004368932038834952, 0.004368932038834952],
[54, 1.6475562880000005, 29362.133913011683, 0.009708737864077669, 0.004368932038834952, 0.004368932038834952],
[55, 1.6803658880000005, 29361.181824551546, 0.009708737864077669, 0.004368932038834952, 0.004368932038834952],
[56, 1.7088433890000005, 29361.45109967528, 0.009708737864077669, 0.004368932038834952, 0.004368932038834952],
[57, 1.7399788890000005, 29362.674581727086, 0.009708737864077669, 0.004368932038834952, 0.004368932038834952],
[58, 1.7684677890000005, 29362.140885801487, 0.009708737864077669, 0.004368932038834952, 0.004368932038834952],
[59, 1.7948775880000005, 29361.319191897193, 0.009708737864077669, 0.004368932038834952, 0.004368932038834952],
[60, 1.8233775870000006, 29361.939066870502, 0.009708737864077669, 0.004368932038834952, 0.004368932038834952],
[61, 1.8525232870000006, 29362.188395654903, 0.009708737864077669, 0.004368932038834952, 0.004368932038834952],
[62, 1.8806544860000005, 29362.162863166843, 0.009708737864077669, 0.004368932038834952, 0.004368932038834952],
[63, 1.9110978860000005, 29361.582881145023, 0.009708737864077669, 0.004368932038834952, 0.004368932038834952],
[64, 1.9410128850000006, 29362.027951432934, 0.009708737864077669, 0.004368932038834952, 0.004368932038834952],
[65, 1.9735228850000006, 29361.0807190605, 0.009708737864077669, 0.004368932038834952, 0.004368932038834952],
[66, 2.0014001860000006, 29362.527075493505, 0.009708737864077669, 0.004368932038834952, 0.004368932038834952],
[67, 2.0295966860000005, 29362.227291670988, 0.009708737864077669, 0.004368932038834952, 0.004368932038834952],
[68, 2.0595660860000007, 29361.642480642546, 0.009708737864077669, 0.004368932038834952, 0.004368932038834952],
[69, 2.0884116860000006, 29362.645567939897, 0.009708737864077669, 0.004368932038834952, 0.004368932038834952],
[70, 2.1156964860000005, 29362.315853083404, 0.009708737864077669, 0.004368932038834952, 0.004368932038834952],
[71, 2.1439729860000005, 29361.16505039111, 0.009708737864077669, 0.004368932038834952, 0.004368932038834952],
[72, 2.1721882860000004, 29362.381456008658, 0.009708737864077669, 0.004368932038834952, 0.004368932038834952],
[73, 2.200520887, 29361.708208059812, 0.009708737864077669, 0.004368932038834952, 0.004368932038834952],
[74, 2.228882788, 29361.133792725468, 0.009708737864077669, 0.004368932038834952, 0.004368932038834952],
[75, 2.258098489, 29360.822612130767, 0.009708737864077669, 0.004368932038834952, 0.004368932038834952],
[76, 2.288171389, 29362.74923030459, 0.009708737864077669, 0.004368932038834952, 0.004368932038834952],
[77, 2.320371888, 29361.938657909683, 0.009708737864077669, 0.004368932038834952, 0.004368932038834952],
[78, 2.347447389, 29361.92894497398, 0.009708737864077669, 0.004368932038834952, 0.004368932038834952],
[79, 2.376821189, 29361.14997859883, 0.009708737864077669, 0.004368932038834952, 0.004368932038834952],
[80, 2.403320588, 29362.795323358147, 0.009708737864077669, 0.004368932038834952, 0.004368932038834952],
[81, 2.4335088870000003, 29361.978632178303, 0.009708737864077669, 0.004368932038834952, 0.004368932038834952],
[82, 2.459767686, 29362.100742850584, 0.009708737864077669, 0.004368932038834952, 0.004368932038834952],
[83, 2.487637485, 29362.245756957243, 0.009708737864077669, 0.004368932038834952, 0.004368932038834952],
[84, 2.516128585, 29362.48164487829, 0.009708737864077669, 0.004368932038834952, 0.004368932038834952],
[85, 2.5488244840000003, 29361.723061631405, 0.009708737864077669, 0.004368932038834952, 0.004368932038834952],
[86, 2.574226985, 29361.796370569202, 0.009708737864077669, 0.004368932038834952, 0.004368932038834952],
[87, 2.602735286, 29362.588100593115, 0.009708737864077669, 0.004368932038834952, 0.004368932038834952],
[88, 2.632060487, 29361.40446772424, 0.009708737864077669, 0.004368932038834952, 0.004368932038834952],
[89, 2.661126887, 29361.787480069263, 0.009708737864077669, 0.004368932038834952, 0.004368932038834952],
[90, 2.697325187, 29362.247939934714, 0.009708737864077669, 0.004368932038834952, 0.004368932038834952],
[91, 2.724988986, 29362.409516808588, 0.009708737864077669, 0.004368932038834952, 0.004368932038834952],
[92, 2.754767186, 29362.355606857564, 0.009708737864077669, 0.004368932038834952, 0.004368932038834952],
[93, 2.7829100860000002, 29362.2487681016, 0.009708737864077669, 0.004368932038834952, 0.004368932038834952],
[94, 2.8133703860000003, 29361.924898498524, 0.009708737864077669, 0.004368932038834952, 0.004368932038834952],
[95, 2.8502723870000004, 29361.13016611105, 0.009708737864077669, 0.004368932038834952, 0.004368932038834952],
[96, 2.8804645880000006, 29363.266245060724, 0.009708737864077669, 0.004368932038834952, 0.004368932038834952],
[97, 2.9089694890000004, 29360.77808464719, 0.009708737864077669, 0.004368932038834952, 0.004368932038834952],
[98, 2.9397904880000003, 29362.340048768456, 0.009708737864077669, 0.004368932038834952, 0.004368932038834952],
[99, 2.9706501880000005, 29361.83256107079, 0.009708737864077669, 0.004368932038834952, 0.004368932038834952],
[100, 3.0011685870000004, 29362.829242599833, 0.009708737864077669, 0.004368932038834952, 0.004368932038834952],
[101, 3.0387719870000005, 29361.942763338102, 0.009708737864077669, 0.004368932038834952, 0.004368932038834952],
[102, 3.0725702870000005, 29361.294314849754, 0.009708737864077669, 0.004368932038834952, 0.004368932038834952],
[103, 3.1048554870000005, 29361.120353881342, 0.009708737864077669, 0.004368932038834952, 0.004368932038834952],
[104, 3.1322233860000006, 29362.082761550206, 0.009708737864077669, 0.004368932038834952, 0.004368932038834952],
[105, 3.165988986000001, 29362.599753839695, 0.009708737864077669, 0.004368932038834952, 0.004368932038834952],
[106, 3.194974186000001, 29363.321672482416, 0.009708737864077669, 0.004368932038834952, 0.004368932038834952],
[107, 3.226395686000001, 29361.10840523137, 0.009708737864077669, 0.004368932038834952, 0.004368932038834952],
[108, 3.254402286000001, 29362.495693885998, 0.009708737864077669, 0.004368932038834952, 0.004368932038834952],
[109, 3.280873986000001, 29363.314824352725, 0.009708737864077669, 0.004368932038834952, 0.004368932038834952],
[110, 3.312987886000001, 29361.68324489794, 0.009708737864077669, 0.004368932038834952, 0.004368932038834952],
[111, 3.3441237860000013, 29360.927505637756, 0.009708737864077669, 0.004368932038834952, 0.004368932038834952],
[112, 3.3743279860000013, 29362.165233571053, 0.009708737864077669, 0.004368932038834952, 0.004368932038834952],
[113, 3.4025856860000014, 29361.485682700168, 0.009708737864077669, 0.004368932038834952, 0.004368932038834952],
[114, 3.4294811850000015, 29362.305555667128, 0.009708737864077669, 0.004368932038834952, 0.004368932038834952],
[115, 3.4593176850000016, 29362.165000916357, 0.009708737864077669, 0.004368932038834952, 0.004368932038834952],
[116, 3.4865052850000016, 29362.428459370665, 0.009708737864077669, 0.004368932038834952, 0.004368932038834952],
[117, 3.5165573860000015, 29362.348165954398, 0.009708737864077669, 0.004368932038834952, 0.004368932038834952],
[118, 3.5468413860000014, 29362.976795203267, 0.009708737864077669, 0.004368932038834952, 0.004368932038834952],
[119, 3.5795061870000016, 29361.163171392614, 0.009708737864077669, 0.004368932038834952, 0.004368932038834952],
[120, 3.6058517870000015, 29361.168258548012, 0.009708737864077669, 0.004368932038834952, 0.004368932038834952],
[121, 3.6325572870000014, 29361.77422081694, 0.009708737864077669, 0.004368932038834952, 0.004368932038834952],
