rank: 30, ratio of 0 vs 1: 3, lambda:3, learning_rate: 0.1
iter time objective_function precision@K = 1, 5, 10
[0,29586.601682657845, 0.009708737864077669 0.004368932038834952 0.0036407766990291263],
[1, 0.0264597, 29526.707334885, 0.007281553398058253, 0.004368932038834952, 0.0036407766990291263],
[2, 0.054926401, 29486.803537869964, 0.007281553398058253, 0.005339805825242719, 0.0036407766990291263],
[3, 0.083975601, 29459.21698554029, 0.007281553398058253, 0.0033980582524271844, 0.0033980582524271844],
[4, 0.110481102, 29439.55828135393, 0.0048543689320388345, 0.004368932038834952, 0.004368932038834952],
[5, 0.136274702, 29422.91041872757, 0.0024271844660194173, 0.0048543689320388345, 0.0038834951456310682],
[6, 0.163413101, 29410.63599804889, 0.007281553398058253, 0.0038834951456310682, 0.004126213592233009],
[7, 0.190921802, 29399.57820048213, 0.009708737864077669, 0.0038834951456310682, 0.0036407766990291263],
[8, 0.216483203, 29390.145709916647, 0.012135922330097087, 0.004368932038834952, 0.003155339805825243],
[9, 0.244508102, 29380.32852735306, 0.012135922330097087, 0.006310679611650486, 0.004126213592233009],
[10, 0.272238702, 29372.944361750717, 0.012135922330097087, 0.006310679611650486, 0.004611650485436893],
[11, 0.299630402, 29366.440086498405, 0.012135922330097087, 0.006796116504854369, 0.004368932038834952],
[12, 0.328145703, 29359.764332443225, 0.012135922330097087, 0.006310679611650486, 0.005825242718446602],
[13, 0.35455510300000004, 29353.290320607535, 0.009708737864077669, 0.005825242718446602, 0.004611650485436893],
[14, 0.38279910300000003, 29347.75880525554, 0.007281553398058253, 0.006796116504854369, 0.00558252427184466],
[15, 0.41180170400000005, 29342.210479812147, 0.007281553398058253, 0.0077669902912621365, 0.006796116504854369],
[16, 0.43969620500000006, 29337.043994866624, 0.009708737864077669, 0.007281553398058253, 0.006796116504854369],
[17, 0.46825220400000006, 29332.233011499247, 0.014563106796116505, 0.0077669902912621365, 0.006553398058252427],
[18, 0.49546650500000006, 29327.683074185963, 0.009708737864077669, 0.008252427184466019, 0.006553398058252427],
[19, 0.5253299050000001, 29323.312587294262, 0.012135922330097087, 0.008252427184466019, 0.006796116504854369],
[20, 0.5513480050000001, 29319.11946414484, 0.012135922330097087, 0.0077669902912621365, 0.006067961165048544],
[21, 0.5789083050000001, 29315.406372771282, 0.009708737864077669, 0.008252427184466019, 0.006310679611650486],
[22, 0.6063155050000001, 29311.749754085868, 0.012135922330097087, 0.0077669902912621365, 0.005825242718446602],
[23, 0.633218405, 29308.190217872783, 0.007281553398058253, 0.007281553398058253, 0.006310679611650486],
[24, 0.660767404, 29304.44884636127, 0.007281553398058253, 0.0077669902912621365, 0.00558252427184466],
[25, 0.687299004, 29301.4231226722, 0.007281553398058253, 0.008252427184466019, 0.006796116504854369],
[26, 0.714210804, 29298.470128347726, 0.009708737864077669, 0.008252427184466019, 0.006796116504854369],
[27, 0.744042504, 29295.493679249168, 0.009708737864077669, 0.009223300970873786, 0.006796116504854369],
[28, 0.7722557040000001, 29292.886659648506, 0.014563106796116505, 0.009223300970873786, 0.00703883495145631],
[29, 0.8003238030000001, 29290.324353187254, 0.012135922330097087, 0.008737864077669903, 0.006796116504854369],
[30, 0.828442603, 29287.77851514374, 0.012135922330097087, 0.009223300970873786, 0.007524271844660194],
[31, 0.855121303, 29285.32252905784, 0.014563106796116505, 0.008737864077669903, 0.007281553398058253],
[32, 0.882627303, 29283.208475431726, 0.012135922330097087, 0.008737864077669903, 0.00703883495145631],
[33, 0.9103417030000001, 29281.172814054673, 0.012135922330097087, 0.009223300970873786, 0.007524271844660194],
[34, 0.939414402, 29279.046684057204, 0.014563106796116505, 0.008737864077669903, 0.006796116504854369],
[35, 0.971412202, 29277.084482787664, 0.014563106796116505, 0.008737864077669903, 0.00703883495145631],
[36, 0.997811702, 29275.461665712497, 0.014563106796116505, 0.008737864077669903, 0.00703883495145631],
[37, 1.0251233020000001, 29273.80441717996, 0.01699029126213592, 0.008737864077669903, 0.00703883495145631],
[38, 1.0525269030000002, 29271.94257120453, 0.01699029126213592, 0.008737864077669903, 0.0077669902912621365],
[39, 1.0774808040000001, 29270.52042334024, 0.014563106796116505, 0.008737864077669903, 0.0077669902912621365],
[40, 1.1043206040000002, 29269.022943251028, 0.014563106796116505, 0.009223300970873786, 0.007281553398058253],
[41, 1.1337113040000002, 29267.711284369645, 0.01699029126213592, 0.008252427184466019, 0.007281553398058253],
[42, 1.1613345040000003, 29266.43653962347, 0.01699029126213592, 0.0077669902912621365, 0.007281553398058253],
[43, 1.1897847040000002, 29265.168958038645, 0.014563106796116505, 0.008252427184466019, 0.007281553398058253],
[44, 1.2147648050000002, 29263.962184032047, 0.014563106796116505, 0.0077669902912621365, 0.007281553398058253],
[45, 1.240450905, 29262.704895352832, 0.014563106796116505, 0.0077669902912621365, 0.007281553398058253],
[46, 1.2666802060000002, 29261.764332161434, 0.014563106796116505, 0.008737864077669903, 0.007281553398058253],
[47, 1.2953323070000002, 29260.65655946227, 0.012135922330097087, 0.0077669902912621365, 0.007524271844660194],
[48, 1.3240032080000002, 29259.60707932646, 0.014563106796116505, 0.009223300970873786, 0.007524271844660194],
[49, 1.3498619070000002, 29258.78889776409, 0.014563106796116505, 0.009223300970873786, 0.007524271844660194],
[50, 1.3767546070000003, 29257.972255158467, 0.012135922330097087, 0.009223300970873786, 0.0077669902912621365],
[51, 1.4046773070000003, 29257.13852314598, 0.012135922330097087, 0.008737864077669903, 0.0077669902912621365],
[52, 1.4346479080000003, 29256.308430128352, 0.012135922330097087, 0.009708737864077669, 0.0077669902912621365],
[53, 1.4642693080000002, 29255.57680804923, 0.012135922330097087, 0.009223300970873786, 0.0077669902912621365],
[54, 1.4912619080000002, 29254.85915262345, 0.012135922330097087, 0.008737864077669903, 0.0077669902912621365],
[55, 1.5204526080000003, 29254.054620946954, 0.012135922330097087, 0.008252427184466019, 0.0077669902912621365],
[56, 1.5483851080000002, 29253.45088030749, 0.012135922330097087, 0.008252427184466019, 0.0077669902912621365],
[57, 1.5763421090000003, 29252.77227288199, 0.012135922330097087, 0.008737864077669903, 0.0077669902912621365],
[58, 1.6020748100000002, 29252.282323466956, 0.012135922330097087, 0.0077669902912621365, 0.0077669902912621365],
[59, 1.6319536110000001, 29251.701793816963, 0.012135922330097087, 0.0077669902912621365, 0.0077669902912621365],
[60, 1.659999411, 29251.106589780313, 0.014563106796116505, 0.0077669902912621365, 0.0077669902912621365],
[61, 1.6873719120000001, 29250.666786234535, 0.012135922330097087, 0.008252427184466019, 0.0077669902912621365],
[62, 1.7148757120000002, 29250.099517406165, 0.012135922330097087, 0.008252427184466019, 0.0077669902912621365],
[63, 1.742528411, 29249.67520167444, 0.012135922330097087, 0.0077669902912621365, 0.008009708737864078],
[64, 1.7687158100000002, 29249.33550466346, 0.012135922330097087, 0.0077669902912621365, 0.008009708737864078],
[65, 1.7959140100000002, 29248.81660276588, 0.012135922330097087, 0.008252427184466019, 0.008009708737864078],
[66, 1.8241890090000001, 29248.511142824646, 0.012135922330097087, 0.008252427184466019, 0.008009708737864078],
[67, 1.852404509, 29248.124436370792, 0.012135922330097087, 0.008252427184466019, 0.008009708737864078],
[68, 1.87786281, 29247.693659051285, 0.012135922330097087, 0.008252427184466019, 0.008009708737864078],
[69, 1.9044947090000002, 29247.409446071037, 0.012135922330097087, 0.008737864077669903, 0.008009708737864078],
[70, 1.9298822080000002, 29247.06265266986, 0.012135922330097087, 0.008737864077669903, 0.008009708737864078],
[71, 1.9571226080000002, 29246.795013435683, 0.012135922330097087, 0.008737864077669903, 0.008009708737864078],
[72, 1.9822047090000001, 29246.51097640566, 0.012135922330097087, 0.008252427184466019, 0.008009708737864078],
[73, 2.01024241, 29246.26140712421, 0.012135922330097087, 0.008252427184466019, 0.008009708737864078],
[74, 2.038359709, 29245.987191549702, 0.012135922330097087, 0.008252427184466019, 0.008009708737864078],
[75, 2.065386809, 29245.669653962097, 0.012135922330097087, 0.008252427184466019, 0.008009708737864078],
[76, 2.09250691, 29245.540827066776, 0.012135922330097087, 0.008252427184466019, 0.008009708737864078],
[77, 2.120234011, 29245.300275232294, 0.012135922330097087, 0.008252427184466019, 0.008009708737864078],
[78, 2.148312511, 29245.01000826197, 0.012135922330097087, 0.008252427184466019, 0.008009708737864078],
[79, 2.176347711, 29244.90415001165, 0.012135922330097087, 0.008737864077669903, 0.008009708737864078],
[80, 2.203764711, 29244.688566771747, 0.012135922330097087, 0.008737864077669903, 0.008009708737864078],
[81, 2.22996771, 29244.62676085795, 0.012135922330097087, 0.008252427184466019, 0.008009708737864078],
[82, 2.25723001, 29244.308467165018, 0.012135922330097087, 0.008252427184466019, 0.008009708737864078],
[83, 2.284105511, 29244.166576489373, 0.012135922330097087, 0.008252427184466019, 0.008009708737864078],
[84, 2.31165661, 29244.030432780943, 0.012135922330097087, 0.008737864077669903, 0.008009708737864078],
[85, 2.337850311, 29243.83721123064, 0.014563106796116505, 0.008737864077669903, 0.008009708737864078],
[86, 2.366347212, 29243.698910912313, 0.012135922330097087, 0.008737864077669903, 0.008009708737864078],
[87, 2.392648112, 29243.598336630632, 0.014563106796116505, 0.008737864077669903, 0.008009708737864078],
[88, 2.420978913, 29243.461427197504, 0.014563106796116505, 0.008737864077669903, 0.008009708737864078],
[89, 2.447439014, 29243.34617157238, 0.014563106796116505, 0.008737864077669903, 0.008009708737864078],
[90, 2.479205614, 29243.264214825922, 0.014563106796116505, 0.008252427184466019, 0.008009708737864078],
[91, 2.505305214, 29243.114755351817, 0.014563106796116505, 0.008737864077669903, 0.008009708737864078],
[92, 2.5338162129999997, 29243.03888562918, 0.014563106796116505, 0.008737864077669903, 0.008009708737864078],
[93, 2.563107213, 29242.955828663824, 0.014563106796116505, 0.008737864077669903, 0.008009708737864078],
[94, 2.595394613, 29242.821326720463, 0.014563106796116505, 0.008737864077669903, 0.008009708737864078],
[95, 2.621677214, 29242.667947064285, 0.014563106796116505, 0.008737864077669903, 0.008009708737864078],
[96, 2.648077813, 29242.72165830035, 0.014563106796116505, 0.008737864077669903, 0.008009708737864078],
[97, 2.674464314, 29242.56724271119, 0.014563106796116505, 0.008737864077669903, 0.008009708737864078],
[98, 2.700368414, 29242.576235753186, 0.014563106796116505, 0.008737864077669903, 0.008009708737864078],
[99, 2.7269920130000003, 29242.441868170907, 0.014563106796116505, 0.008737864077669903, 0.008009708737864078],
[100, 2.7523585130000003, 29242.44871714679, 0.014563106796116505, 0.008737864077669903, 0.008009708737864078],
[101, 2.7811014130000005, 29242.37253214945, 0.014563106796116505, 0.008737864077669903, 0.008009708737864078],
[102, 2.8083180140000006, 29242.209667813462, 0.014563106796116505, 0.008737864077669903, 0.008009708737864078],
[103, 2.8366392140000007, 29242.09852696194, 0.014563106796116505, 0.008737864077669903, 0.008009708737864078],
[104, 2.8627355140000006, 29242.0834324645, 0.014563106796116505, 0.008737864077669903, 0.008009708737864078],
[105, 2.8892712150000004, 29242.055007625328, 0.014563106796116505, 0.008737864077669903, 0.008009708737864078],
[106, 2.9158819150000004, 29242.097126166685, 0.014563106796116505, 0.008737864077669903, 0.008009708737864078],
[107, 2.9439149150000006, 29241.97754625649, 0.014563106796116505, 0.008737864077669903, 0.008009708737864078],
[108, 2.9718179160000004, 29241.942358668653, 0.014563106796116505, 0.008737864077669903, 0.008009708737864078],
[109, 3.0000007150000005, 29241.98154031903, 0.014563106796116505, 0.008737864077669903, 0.008009708737864078],
[110, 3.0267636150000006, 29241.772989497025, 0.014563106796116505, 0.008737864077669903, 0.008009708737864078],
[111, 3.0563891150000004, 29241.71922301466, 0.014563106796116505, 0.008737864077669903, 0.008009708737864078],
[112, 3.0821479160000003, 29241.744039525995, 0.014563106796116505, 0.008737864077669903, 0.008009708737864078],
[113, 3.1081540160000003, 29241.68783147955, 0.014563106796116505, 0.008737864077669903, 0.008009708737864078],
[114, 3.133935016, 29241.64194783595, 0.014563106796116505, 0.008737864077669903, 0.008009708737864078],
[115, 3.159799216, 29241.738171636698, 0.014563106796116505, 0.008737864077669903, 0.008009708737864078],
[116, 3.190715415, 29241.668280185782, 0.014563106796116505, 0.008737864077669903, 0.008009708737864078],
[117, 3.217534116, 29241.62226032521, 0.014563106796116505, 0.008737864077669903, 0.008009708737864078],
[118, 3.246911316, 29241.61000330719, 0.014563106796116505, 0.008737864077669903, 0.008009708737864078],
[119, 3.274272415, 29241.492459000154, 0.014563106796116505, 0.008737864077669903, 0.008009708737864078],
[120, 3.301454116, 29241.520489714207, 0.014563106796116505, 0.008737864077669903, 0.008009708737864078],
[121, 3.328259716, 29241.439338327025, 0.014563106796116505, 0.008737864077669903, 0.008009708737864078],
