rank: 30, ratio of 0 vs 1: 3, lambda:8, learning_rate: 0.1
iter time objective_function precision@K = 1, 5, 10
[0,30272.721302510203, 0.009708737864077669 0.004368932038834952 0.0036407766990291263],
[1, 0.0260831, 29930.91905973592, 0.009708737864077669, 0.0038834951456310682, 0.0038834951456310682],
[2, 0.052907499, 29815.60838319289, 0.007281553398058253, 0.0038834951456310682, 0.002912621359223301],
[3, 0.07946719899999999, 29748.39523078722, 0.0048543689320388345, 0.004368932038834952, 0.0036407766990291263],
[4, 0.10595639899999999, 29700.508784014106, 0.0048543689320388345, 0.0038834951456310682, 0.0026699029126213596],
[5, 0.131852098, 29663.51297680684, 0.0048543689320388345, 0.0033980582524271844, 0.004368932038834952],
[6, 0.163972697, 29634.92835543807, 0.007281553398058253, 0.0048543689320388345, 0.004126213592233009],
[7, 0.189709697, 29612.157218698874, 0.007281553398058253, 0.0038834951456310682, 0.004126213592233009],
[8, 0.214973097, 29594.050609147493, 0.009708737864077669, 0.004368932038834952, 0.004126213592233009],
[9, 0.241356097, 29579.284294132598, 0.009708737864077669, 0.005825242718446602, 0.004126213592233009],
[10, 0.267739697, 29567.89934414701, 0.009708737864077669, 0.005339805825242719, 0.004368932038834952],
[11, 0.295447697, 29558.853211022062, 0.009708737864077669, 0.0048543689320388345, 0.004126213592233009],
[12, 0.320623897, 29551.49347187128, 0.009708737864077669, 0.006310679611650486, 0.004126213592233009],
[13, 0.347092697, 29545.519670079797, 0.009708737864077669, 0.006796116504854369, 0.004611650485436893],
[14, 0.37332439700000003, 29540.914351336698, 0.009708737864077669, 0.006796116504854369, 0.004368932038834952],
[15, 0.39913249700000003, 29537.116992430114, 0.009708737864077669, 0.006796116504854369, 0.004368932038834952],
[16, 0.42704119700000004, 29534.13324726241, 0.009708737864077669, 0.006310679611650486, 0.004611650485436893],
[17, 0.45272319800000005, 29531.75347686671, 0.009708737864077669, 0.006310679611650486, 0.004368932038834952],
[18, 0.47744439800000005, 29529.82757458704, 0.009708737864077669, 0.006310679611650486, 0.004368932038834952],
[19, 0.5030701980000001, 29528.308685298984, 0.012135922330097087, 0.006310679611650486, 0.004611650485436893],
[20, 0.5289531980000001, 29527.049556512055, 0.012135922330097087, 0.006310679611650486, 0.004611650485436893],
[21, 0.5556584980000001, 29526.101878243742, 0.012135922330097087, 0.006310679611650486, 0.004611650485436893],
[22, 0.5821878980000001, 29525.353468506717, 0.012135922330097087, 0.006310679611650486, 0.004611650485436893],
[23, 0.6078064990000002, 29524.700883182904, 0.012135922330097087, 0.006310679611650486, 0.004611650485436893],
[24, 0.6333358990000002, 29524.058123858544, 0.012135922330097087, 0.006310679611650486, 0.004611650485436893],
[25, 0.6595514990000002, 29523.736260761554, 0.012135922330097087, 0.006310679611650486, 0.004611650485436893],
[26, 0.6846266980000002, 29523.435894864706, 0.012135922330097087, 0.006310679611650486, 0.004611650485436893],
[27, 0.7110004980000002, 29523.142629080296, 0.012135922330097087, 0.006310679611650486, 0.004611650485436893],
[28, 0.7366944990000002, 29522.962764322812, 0.012135922330097087, 0.006310679611650486, 0.004611650485436893],
[29, 0.7627132980000002, 29522.78974909376, 0.012135922330097087, 0.006310679611650486, 0.004611650485436893],
[30, 0.7891975980000002, 29522.627607679387, 0.012135922330097087, 0.006310679611650486, 0.004611650485436893],
[31, 0.8151888980000003, 29522.46799951738, 0.012135922330097087, 0.006310679611650486, 0.004611650485436893],
[32, 0.8407787980000003, 29522.41576655124, 0.012135922330097087, 0.006310679611650486, 0.004611650485436893],
[33, 0.8667715970000003, 29522.38409422576, 0.012135922330097087, 0.006310679611650486, 0.004611650485436893],
[34, 0.8946289960000002, 29522.25312896774, 0.012135922330097087, 0.006310679611650486, 0.004611650485436893],
[35, 0.9205347960000002, 29522.22163372687, 0.012135922330097087, 0.006310679611650486, 0.004611650485436893],
[36, 0.9472365960000002, 29522.250629240018, 0.012135922330097087, 0.006310679611650486, 0.004611650485436893],
[37, 0.9723330960000002, 29522.251995694594, 0.012135922330097087, 0.006310679611650486, 0.004611650485436893],
[38, 0.9987974960000001, 29522.119207302865, 0.012135922330097087, 0.006310679611650486, 0.004611650485436893],
[39, 1.024971896, 29522.167174641087, 0.012135922330097087, 0.006310679611650486, 0.004611650485436893],
[40, 1.0501687960000001, 29522.128946077384, 0.012135922330097087, 0.006310679611650486, 0.004611650485436893],
[41, 1.077311895, 29522.157546924875, 0.012135922330097087, 0.006310679611650486, 0.004611650485436893],
[42, 1.103886094, 29522.202255536016, 0.012135922330097087, 0.006310679611650486, 0.004611650485436893],
[43, 1.1302532939999999, 29522.200413449274, 0.012135922330097087, 0.006310679611650486, 0.004611650485436893],
[44, 1.1558928929999999, 29522.170575051125, 0.012135922330097087, 0.006310679611650486, 0.004611650485436893],
[45, 1.1816737929999999, 29522.104337022975, 0.012135922330097087, 0.006310679611650486, 0.004611650485436893],
[46, 1.2068216929999998, 29522.15735513362, 0.012135922330097087, 0.006310679611650486, 0.004611650485436893],
[47, 1.2321018929999998, 29522.103230844335, 0.012135922330097087, 0.006310679611650486, 0.004611650485436893],
[48, 1.258571792, 29522.055960026537, 0.012135922330097087, 0.006310679611650486, 0.004611650485436893],
[49, 1.285817292, 29522.13226859855, 0.012135922330097087, 0.006310679611650486, 0.004611650485436893],
[50, 1.312411792, 29522.18776347566, 0.012135922330097087, 0.006310679611650486, 0.004611650485436893],
[51, 1.338485791, 29522.183570199722, 0.012135922330097087, 0.006310679611650486, 0.004611650485436893],
[52, 1.3636536910000001, 29522.147687369015, 0.012135922330097087, 0.006310679611650486, 0.004611650485436893],
[53, 1.38950879, 29522.169090919022, 0.012135922330097087, 0.006310679611650486, 0.004611650485436893],
[54, 1.415710489, 29522.163862555324, 0.012135922330097087, 0.006310679611650486, 0.004611650485436893],
[55, 1.4420573890000001, 29522.093559928817, 0.012135922330097087, 0.006310679611650486, 0.004611650485436893],
[56, 1.4690381890000002, 29522.11601136058, 0.012135922330097087, 0.006310679611650486, 0.004611650485436893],
[57, 1.4961704890000003, 29522.121720314608, 0.012135922330097087, 0.006310679611650486, 0.004611650485436893],
[58, 1.5220328900000002, 29522.098754848837, 0.012135922330097087, 0.006310679611650486, 0.004611650485436893],
[59, 1.5482634910000002, 29522.09197288637, 0.012135922330097087, 0.006310679611650486, 0.004611650485436893],
[60, 1.5737594910000001, 29522.091478500024, 0.012135922330097087, 0.006310679611650486, 0.004611650485436893],
[61, 1.60101679, 29522.160843821297, 0.012135922330097087, 0.006310679611650486, 0.004611650485436893],
[62, 1.62753609, 29522.05047192636, 0.012135922330097087, 0.006310679611650486, 0.004611650485436893],
[63, 1.65516259, 29522.048925829724, 0.012135922330097087, 0.006310679611650486, 0.004611650485436893],
[64, 1.682482389, 29522.181650947176, 0.012135922330097087, 0.006310679611650486, 0.004611650485436893],
[65, 1.709809189, 29522.083360129312, 0.012135922330097087, 0.006310679611650486, 0.004611650485436893],
[66, 1.736604788, 29522.165695006188, 0.012135922330097087, 0.006310679611650486, 0.004611650485436893],
[67, 1.7628901879999999, 29522.12334131234, 0.012135922330097087, 0.006310679611650486, 0.004611650485436893],
[68, 1.7896034879999998, 29522.0633065233, 0.012135922330097087, 0.006310679611650486, 0.004611650485436893],
[69, 1.8164987889999997, 29522.16591799109, 0.012135922330097087, 0.006310679611650486, 0.004611650485436893],
[70, 1.8428352899999998, 29522.082370933906, 0.012135922330097087, 0.006310679611650486, 0.004611650485436893],
[71, 1.8688673899999997, 29522.11485100584, 0.012135922330097087, 0.006310679611650486, 0.004611650485436893],
[72, 1.8941641899999997, 29522.125058406902, 0.012135922330097087, 0.006310679611650486, 0.004611650485436893],
[73, 1.9203176889999998, 29522.105585565372, 0.012135922330097087, 0.006310679611650486, 0.004611650485436893],
[74, 1.9461922889999999, 29522.0959534262, 0.012135922330097087, 0.006310679611650486, 0.004611650485436893],
[75, 1.9716772889999998, 29522.055709208402, 0.012135922330097087, 0.006310679611650486, 0.004611650485436893],
[76, 1.99984729, 29522.145944551834, 0.012135922330097087, 0.006310679611650486, 0.004611650485436893],
[77, 2.02652979, 29522.105433916982, 0.012135922330097087, 0.006310679611650486, 0.004611650485436893],
[78, 2.0552015900000002, 29522.05817852085, 0.012135922330097087, 0.006310679611650486, 0.004611650485436893],
[79, 2.080716391, 29522.1119383344, 0.012135922330097087, 0.006310679611650486, 0.004611650485436893],
[80, 2.1076713920000003, 29522.102805075083, 0.012135922330097087, 0.006310679611650486, 0.004611650485436893],
[81, 2.1337491920000002, 29522.17110585042, 0.012135922330097087, 0.006310679611650486, 0.004611650485436893],
[82, 2.160487192, 29522.11745435482, 0.012135922330097087, 0.006310679611650486, 0.004611650485436893],
[83, 2.1857898920000003, 29522.11269432547, 0.012135922330097087, 0.006310679611650486, 0.004611650485436893],
[84, 2.213293392, 29522.147318802745, 0.012135922330097087, 0.006310679611650486, 0.004611650485436893],
[85, 2.240082992, 29522.09795473623, 0.012135922330097087, 0.006310679611650486, 0.004611650485436893],
[86, 2.267370893, 29522.10589237672, 0.012135922330097087, 0.006310679611650486, 0.004611650485436893],
[87, 2.293891794, 29522.165157663196, 0.012135922330097087, 0.006310679611650486, 0.004611650485436893],
[88, 2.3204083929999997, 29522.091469680254, 0.012135922330097087, 0.006310679611650486, 0.004611650485436893],
[89, 2.3466500929999996, 29522.1067039622, 0.012135922330097087, 0.006310679611650486, 0.004611650485436893],
[90, 2.3722897929999998, 29522.123480745526, 0.012135922330097087, 0.006310679611650486, 0.004611650485436893],
[91, 2.398061093, 29522.14212769471, 0.012135922330097087, 0.006310679611650486, 0.004611650485436893],
[92, 2.423667492, 29522.155035296226, 0.012135922330097087, 0.006310679611650486, 0.004611650485436893],
[93, 2.4491445919999997, 29522.12343550512, 0.012135922330097087, 0.006310679611650486, 0.004611650485436893],
[94, 2.474843691, 29522.08347775895, 0.012135922330097087, 0.006310679611650486, 0.004611650485436893],
[95, 2.5007865899999997, 29522.07390567187, 0.012135922330097087, 0.006310679611650486, 0.004611650485436893],
[96, 2.5301672899999996, 29522.16113705716, 0.012135922330097087, 0.006310679611650486, 0.004611650485436893],
[97, 2.5564818899999997, 29522.056828540204, 0.012135922330097087, 0.006310679611650486, 0.004611650485436893],
[98, 2.5826228909999998, 29522.16301019354, 0.012135922330097087, 0.006310679611650486, 0.004611650485436893],
[99, 2.60840499, 29522.092835303527, 0.012135922330097087, 0.006310679611650486, 0.004611650485436893],
[100, 2.635571391, 29522.178569342628, 0.012135922330097087, 0.006310679611650486, 0.004611650485436893],
[101, 2.661955091, 29522.168690348437, 0.012135922330097087, 0.006310679611650486, 0.004611650485436893],
[102, 2.68863619, 29522.07929820262, 0.012135922330097087, 0.006310679611650486, 0.004611650485436893],
[103, 2.715803091, 29522.032510878445, 0.012135922330097087, 0.006310679611650486, 0.004611650485436893],
[104, 2.7411988920000003, 29522.11996753032, 0.012135922330097087, 0.006310679611650486, 0.004611650485436893],
[105, 2.7666088920000003, 29522.143944974672, 0.012135922330097087, 0.006310679611650486, 0.004611650485436893],
[106, 2.7913265920000003, 29522.190852401905, 0.012135922330097087, 0.006310679611650486, 0.004611650485436893],
[107, 2.819376392, 29522.097204491136, 0.012135922330097087, 0.006310679611650486, 0.004611650485436893],
[108, 2.845246291, 29522.117703795233, 0.012135922330097087, 0.006310679611650486, 0.004611650485436893],
[109, 2.871346391, 29522.20588136585, 0.012135922330097087, 0.006310679611650486, 0.004611650485436893],
[110, 2.8974353909999997, 29522.0572580046, 0.012135922330097087, 0.006310679611650486, 0.004611650485436893],
[111, 2.9227096909999997, 29522.040134117928, 0.012135922330097087, 0.006310679611650486, 0.004611650485436893],
[112, 2.9523616899999996, 29522.13521533687, 0.012135922330097087, 0.006310679611650486, 0.004611650485436893],
[113, 2.9789800899999994, 29522.070358172343, 0.012135922330097087, 0.006310679611650486, 0.004611650485436893],
[114, 3.0048087909999994, 29522.070176496338, 0.012135922330097087, 0.006310679611650486, 0.004611650485436893],
[115, 3.0314848919999995, 29522.152438006615, 0.012135922330097087, 0.006310679611650486, 0.004611650485436893],
[116, 3.0575126929999996, 29522.169268807254, 0.012135922330097087, 0.006310679611650486, 0.004611650485436893],
[117, 3.0835385929999997, 29522.133973740583, 0.012135922330097087, 0.006310679611650486, 0.004611650485436893],
[118, 3.110339693, 29522.147922365843, 0.012135922330097087, 0.006310679611650486, 0.004611650485436893],
[119, 3.137619392, 29522.021653397558, 0.012135922330097087, 0.006310679611650486, 0.004611650485436893],
[120, 3.168389391, 29522.063008955367, 0.012135922330097087, 0.006310679611650486, 0.004611650485436893],
[121, 3.194665991, 29522.062694136424, 0.012135922330097087, 0.006310679611650486, 0.004611650485436893],
