rank: 30, ratio of 0 vs 1: 3, lambda:9, learning_rate: 0.1
iter time objective_function precision@K = 1, 5, 10
[0,30409.945226480675, 0.009708737864077669 0.004368932038834952 0.0036407766990291263],
[1, 0.0292159, 29992.64183370798, 0.0048543689320388345, 0.0038834951456310682, 0.0033980582524271844],
[2, 0.0562998, 29857.224016649452, 0.007281553398058253, 0.004368932038834952, 0.003155339805825243],
[3, 0.0847227, 29770.42393057466, 0.0048543689320388345, 0.0038834951456310682, 0.0038834951456310682],
[4, 0.109607399, 29701.99355858199, 0.009708737864077669, 0.0048543689320388345, 0.004611650485436893],
[5, 0.136305798, 29644.926604560107, 0.009708737864077669, 0.005339805825242719, 0.0048543689320388345],
[6, 0.16382659800000002, 29597.0483642668, 0.009708737864077669, 0.0038834951456310682, 0.004368932038834952],
[7, 0.19167259700000003, 29556.44538330642, 0.007281553398058253, 0.005825242718446602, 0.005339805825242719],
[8, 0.21753579800000003, 29521.883322216312, 0.0048543689320388345, 0.006310679611650486, 0.005339805825242719],
[9, 0.24425989800000003, 29492.432041667977, 0.0048543689320388345, 0.006796116504854369, 0.005339805825242719],
[10, 0.269619298, 29467.602112323246, 0.0048543689320388345, 0.006310679611650486, 0.005339805825242719],
[11, 0.297300997, 29446.500599803945, 0.0048543689320388345, 0.006796116504854369, 0.005339805825242719],
[12, 0.324138497, 29428.4947601386, 0.0048543689320388345, 0.005825242718446602, 0.005097087378640777],
[13, 0.35101019800000005, 29413.181678294943, 0.007281553398058253, 0.005339805825242719, 0.005097087378640777],
[14, 0.37594549800000004, 29400.195681578847, 0.0048543689320388345, 0.005339805825242719, 0.004368932038834952],
[15, 0.40344059800000004, 29389.133572198825, 0.007281553398058253, 0.005825242718446602, 0.004611650485436893],
[16, 0.430134298, 29379.737128764107, 0.0048543689320388345, 0.005825242718446602, 0.004611650485436893],
[17, 0.456055798, 29371.761599716672, 0.0048543689320388345, 0.005825242718446602, 0.0048543689320388345],
[18, 0.483066598, 29364.9744357971, 0.0048543689320388345, 0.005825242718446602, 0.005097087378640777],
[19, 0.513170798, 29359.19948388052, 0.0048543689320388345, 0.005339805825242719, 0.0048543689320388345],
[20, 0.539339597, 29354.284447851835, 0.0024271844660194173, 0.005339805825242719, 0.005097087378640777],
[21, 0.5660220970000001, 29350.123060622936, 0.0024271844660194173, 0.0048543689320388345, 0.0048543689320388345],
[22, 0.5949790970000001, 29346.587381962974, 0.0024271844660194173, 0.004368932038834952, 0.0048543689320388345],
[23, 0.6218362970000001, 29343.57259579127, 0.0024271844660194173, 0.004368932038834952, 0.0048543689320388345],
[24, 0.6476470970000001, 29340.978253579535, 0.0024271844660194173, 0.004368932038834952, 0.0048543689320388345],
[25, 0.6738175970000001, 29338.818673335656, 0.0024271844660194173, 0.004368932038834952, 0.0048543689320388345],
[26, 0.6992908980000001, 29336.97326593534, 0.0024271844660194173, 0.004368932038834952, 0.005097087378640777],
[27, 0.7256892980000001, 29335.390399001015, 0.0024271844660194173, 0.004368932038834952, 0.005097087378640777],
[28, 0.7516587990000001, 29334.059078310147, 0.0024271844660194173, 0.004368932038834952, 0.005097087378640777],
[29, 0.7774388980000001, 29332.925118594692, 0.0024271844660194173, 0.004368932038834952, 0.0048543689320388345],
[30, 0.8044336970000001, 29331.946076918783, 0.0024271844660194173, 0.004368932038834952, 0.0048543689320388345],
[31, 0.8303421970000001, 29331.11774900876, 0.0024271844660194173, 0.004368932038834952, 0.0048543689320388345],
[32, 0.8558458970000001, 29330.433516567697, 0.0024271844660194173, 0.004368932038834952, 0.0048543689320388345],
[33, 0.8835088960000002, 29329.83793117688, 0.0024271844660194173, 0.004368932038834952, 0.0048543689320388345],
[34, 0.9093100950000002, 29329.327339015857, 0.0024271844660194173, 0.004368932038834952, 0.0048543689320388345],
[35, 0.9343250950000002, 29328.88570847508, 0.0024271844660194173, 0.004368932038834952, 0.0048543689320388345],
[36, 0.9623021950000001, 29328.545717706853, 0.0024271844660194173, 0.004368932038834952, 0.0048543689320388345],
[37, 0.9893066960000001, 29328.240068585837, 0.0024271844660194173, 0.004368932038834952, 0.0048543689320388345],
[38, 1.015381096, 29327.95922611973, 0.0024271844660194173, 0.004368932038834952, 0.0048543689320388345],
[39, 1.040126496, 29327.748042961633, 0.0024271844660194173, 0.004368932038834952, 0.0048543689320388345],
[40, 1.066388796, 29327.54897616723, 0.0024271844660194173, 0.004368932038834952, 0.0048543689320388345],
[41, 1.094999797, 29327.393284307556, 0.0024271844660194173, 0.004368932038834952, 0.0048543689320388345],
[42, 1.1231694970000001, 29327.263400825093, 0.0024271844660194173, 0.004368932038834952, 0.0048543689320388345],
[43, 1.1492274980000001, 29327.15321548511, 0.0024271844660194173, 0.004368932038834952, 0.0048543689320388345],
[44, 1.1757355980000002, 29327.045321333524, 0.0024271844660194173, 0.004368932038834952, 0.0048543689320388345],
[45, 1.2066879980000003, 29326.94420935664, 0.0024271844660194173, 0.004368932038834952, 0.0048543689320388345],
[46, 1.2321756980000003, 29326.89922456209, 0.0024271844660194173, 0.004368932038834952, 0.0048543689320388345],
[47, 1.2578381980000002, 29326.818536646562, 0.0024271844660194173, 0.004368932038834952, 0.0048543689320388345],
[48, 1.2837208990000002, 29326.761085680817, 0.0024271844660194173, 0.004368932038834952, 0.0048543689320388345],
[49, 1.3094813990000003, 29326.728406292907, 0.0024271844660194173, 0.004368932038834952, 0.0048543689320388345],
[50, 1.3358572990000002, 29326.70825037578, 0.0024271844660194173, 0.004368932038834952, 0.0048543689320388345],
[51, 1.3613610990000002, 29326.67172558145, 0.0024271844660194173, 0.004368932038834952, 0.0048543689320388345],
[52, 1.3870275990000003, 29326.64402044573, 0.0024271844660194173, 0.004368932038834952, 0.0048543689320388345],
[53, 1.4127326980000003, 29326.621005340556, 0.0024271844660194173, 0.004368932038834952, 0.0048543689320388345],
[54, 1.4378107980000003, 29326.60626647317, 0.0024271844660194173, 0.004368932038834952, 0.0048543689320388345],
[55, 1.4642029980000004, 29326.576402303213, 0.0024271844660194173, 0.004368932038834952, 0.0048543689320388345],
[56, 1.4900749980000003, 29326.56368276546, 0.0024271844660194173, 0.004368932038834952, 0.0048543689320388345],
[57, 1.5175608980000004, 29326.53855045418, 0.0024271844660194173, 0.004368932038834952, 0.0048543689320388345],
[58, 1.5464422990000004, 29326.53370310738, 0.0024271844660194173, 0.004368932038834952, 0.0048543689320388345],
[59, 1.5739410990000005, 29326.53223742605, 0.0024271844660194173, 0.004368932038834952, 0.0048543689320388345],
[60, 1.6002224990000005, 29326.519287227162, 0.0024271844660194173, 0.004368932038834952, 0.0048543689320388345],
[61, 1.6269261000000004, 29326.525952933942, 0.0024271844660194173, 0.004368932038834952, 0.0048543689320388345],
[62, 1.6529196000000004, 29326.49668057846, 0.0024271844660194173, 0.004368932038834952, 0.0048543689320388345],
[63, 1.6788883010000004, 29326.491432003706, 0.0024271844660194173, 0.004368932038834952, 0.0048543689320388345],
[64, 1.7070408020000005, 29326.514907511515, 0.0024271844660194173, 0.004368932038834952, 0.0048543689320388345],
[65, 1.7333438010000006, 29326.492350747743, 0.0024271844660194173, 0.004368932038834952, 0.0048543689320388345],
[66, 1.7591178000000007, 29326.50526921082, 0.0024271844660194173, 0.004368932038834952, 0.0048543689320388345],
[67, 1.7952751000000007, 29326.496096718627, 0.0024271844660194173, 0.004368932038834952, 0.0048543689320388345],
[68, 1.8210703000000006, 29326.481670603614, 0.0024271844660194173, 0.004368932038834952, 0.0048543689320388345],
[69, 1.8467244000000005, 29326.495610487065, 0.0024271844660194173, 0.004368932038834952, 0.0048543689320388345],
[70, 1.8754717000000005, 29326.47748637711, 0.0024271844660194173, 0.004368932038834952, 0.0048543689320388345],
[71, 1.9026860000000005, 29326.4925132033, 0.0024271844660194173, 0.004368932038834952, 0.0048543689320388345],
[72, 1.9285503000000006, 29326.48732759907, 0.0024271844660194173, 0.004368932038834952, 0.0048543689320388345],
[73, 1.9552452000000007, 29326.486865124785, 0.0024271844660194173, 0.004368932038834952, 0.0048543689320388345],
[74, 1.9805690010000008, 29326.486725547562, 0.0024271844660194173, 0.004368932038834952, 0.0048543689320388345],
[75, 2.0059434020000007, 29326.477280909032, 0.0024271844660194173, 0.004368932038834952, 0.0048543689320388345],
[76, 2.0340514020000007, 29326.486900522632, 0.0024271844660194173, 0.004368932038834952, 0.0048543689320388345],
[77, 2.0612054030000007, 29326.48000098886, 0.0024271844660194173, 0.004368932038834952, 0.0048543689320388345],
[78, 2.0876937020000006, 29326.470043167956, 0.0024271844660194173, 0.004368932038834952, 0.0048543689320388345],
[79, 2.1145486010000005, 29326.488046176444, 0.0024271844660194173, 0.004368932038834952, 0.0048543689320388345],
[80, 2.1407328010000004, 29326.474733780808, 0.0024271844660194173, 0.004368932038834952, 0.0048543689320388345],
[81, 2.1674449020000006, 29326.49957411678, 0.0024271844660194173, 0.004368932038834952, 0.0048543689320388345],
[82, 2.193733102000001, 29326.48291956356, 0.0024271844660194173, 0.004368932038834952, 0.0048543689320388345],
[83, 2.220919603000001, 29326.478582428244, 0.0024271844660194173, 0.004368932038834952, 0.0048543689320388345],
[84, 2.247998402000001, 29326.484803464005, 0.0024271844660194173, 0.004368932038834952, 0.0048543689320388345],
[85, 2.274707302000001, 29326.477008298465, 0.0024271844660194173, 0.004368932038834952, 0.0048543689320388345],
[86, 2.3004660020000007, 29326.47599281153, 0.0024271844660194173, 0.004368932038834952, 0.0048543689320388345],
[87, 2.327633702000001, 29326.487518152713, 0.0024271844660194173, 0.004368932038834952, 0.0048543689320388345],
[88, 2.3542722030000007, 29326.480304304714, 0.0024271844660194173, 0.004368932038834952, 0.0048543689320388345],
[89, 2.3827320030000005, 29326.478464458934, 0.0024271844660194173, 0.004368932038834952, 0.0048543689320388345],
[90, 2.4086924030000008, 29326.484266940297, 0.0024271844660194173, 0.004368932038834952, 0.0048543689320388345],
[91, 2.4341917020000006, 29326.48548927657, 0.0024271844660194173, 0.004368932038834952, 0.0048543689320388345],
[92, 2.4595687010000007, 29326.488812396903, 0.0024271844660194173, 0.004368932038834952, 0.0048543689320388345],
[93, 2.4854991000000006, 29326.48307314941, 0.0024271844660194173, 0.004368932038834952, 0.0048543689320388345],
[94, 2.5105632010000005, 29326.474703188695, 0.0024271844660194173, 0.004368932038834952, 0.0048543689320388345],
[95, 2.5384654010000007, 29326.478117590974, 0.0024271844660194173, 0.004368932038834952, 0.0048543689320388345],
[96, 2.5646350020000006, 29326.48814346342, 0.0024271844660194173, 0.004368932038834952, 0.0048543689320388345],
[97, 2.5905008010000006, 29326.47869468866, 0.0024271844660194173, 0.004368932038834952, 0.0048543689320388345],
[98, 2.6159679010000008, 29326.488531481336, 0.0024271844660194173, 0.004368932038834952, 0.0048543689320388345],
[99, 2.6451923010000007, 29326.480591123312, 0.0024271844660194173, 0.004368932038834952, 0.0048543689320388345],
[100, 2.6720169000000005, 29326.492801030683, 0.0024271844660194173, 0.004368932038834952, 0.0048543689320388345],
[101, 2.6989209000000005, 29326.494614984676, 0.0024271844660194173, 0.004368932038834952, 0.0048543689320388345],
[102, 2.7246799990000006, 29326.47507062523, 0.0024271844660194173, 0.004368932038834952, 0.0048543689320388345],
[103, 2.7497750990000007, 29326.465173755794, 0.0024271844660194173, 0.004368932038834952, 0.0048543689320388345],
[104, 2.7794770990000006, 29326.476898930265, 0.0024271844660194173, 0.004368932038834952, 0.0048543689320388345],
[105, 2.8057749000000007, 29326.48209931638, 0.0024271844660194173, 0.004368932038834952, 0.0048543689320388345],
[106, 2.8313870000000008, 29326.493319878176, 0.0024271844660194173, 0.004368932038834952, 0.0048543689320388345],
[107, 2.856810400000001, 29326.48057324087, 0.0024271844660194173, 0.004368932038834952, 0.0048543689320388345],
[108, 2.882095001000001, 29326.477349688706, 0.0024271844660194173, 0.004368932038834952, 0.0048543689320388345],
[109, 2.907130801000001, 29326.494665102313, 0.0024271844660194173, 0.004368932038834952, 0.0048543689320388345],
[110, 2.937864301000001, 29326.469144236777, 0.0024271844660194173, 0.004368932038834952, 0.0048543689320388345],
[111, 2.972468102000001, 29326.465942737177, 0.0024271844660194173, 0.004368932038834952, 0.0048543689320388345],
[112, 2.998207903000001, 29326.484362252257, 0.0024271844660194173, 0.004368932038834952, 0.0048543689320388345],
[113, 3.026570404000001, 29326.471442083075, 0.0024271844660194173, 0.004368932038834952, 0.0048543689320388345],
[114, 3.054874804000001, 29326.46601113185, 0.0024271844660194173, 0.004368932038834952, 0.0048543689320388345],
[115, 3.082663305000001, 29326.487481401076, 0.0024271844660194173, 0.004368932038834952, 0.0048543689320388345],
[116, 3.107580505000001, 29326.491328010055, 0.0024271844660194173, 0.004368932038834952, 0.0048543689320388345],
[117, 3.134942404000001, 29326.480539782777, 0.0024271844660194173, 0.004368932038834952, 0.0048543689320388345],
[118, 3.161804704000001, 29326.481245623043, 0.0024271844660194173, 0.004368932038834952, 0.0048543689320388345],
[119, 3.189095903000001, 29326.46635807504, 0.0024271844660194173, 0.004368932038834952, 0.0048543689320388345],
[120, 3.222700603000001, 29326.475671688226, 0.0024271844660194173, 0.004368932038834952, 0.0048543689320388345],
[121, 3.2500678040000013, 29326.4680820884, 0.0024271844660194173, 0.004368932038834952, 0.0048543689320388345],
