rank: 30, ratio of 0 vs 1: 3, lambda:7, learning_rate: 0.1
iter time objective_function precision@K = 1, 5, 10
[0,30135.49737853973, 0.009708737864077669 0.004368932038834952 0.0036407766990291263],
[1, 0.027798301, 29864.297899858295, 0.009708737864077669, 0.004368932038834952, 0.0038834951456310682],
[2, 0.054879801000000006, 29763.25368565019, 0.007281553398058253, 0.0038834951456310682, 0.003155339805825243],
[3, 0.083152901, 29705.901107980837, 0.0048543689320388345, 0.0033980582524271844, 0.004126213592233009],
[4, 0.110812201, 29666.57514130479, 0.0048543689320388345, 0.004368932038834952, 0.0038834951456310682],
[5, 0.1375208, 29636.67266040386, 0.0024271844660194173, 0.0038834951456310682, 0.0038834951456310682],
[6, 0.16367879899999999, 29614.110517661607, 0.007281553398058253, 0.0033980582524271844, 0.0036407766990291263],
[7, 0.19098079899999998, 29596.16711266706, 0.007281553398058253, 0.002912621359223301, 0.002912621359223301],
[8, 0.21765299899999999, 29582.056915817022, 0.007281553398058253, 0.0033980582524271844, 0.003155339805825243],
[9, 0.24364239899999998, 29570.337519106903, 0.007281553398058253, 0.0048543689320388345, 0.0036407766990291263],
[10, 0.26954639799999996, 29561.557765727648, 0.007281553398058253, 0.004368932038834952, 0.0036407766990291263],
[11, 0.294075498, 29554.642075389685, 0.009708737864077669, 0.0038834951456310682, 0.0036407766990291263],
[12, 0.320150298, 29548.936092207503, 0.009708737864077669, 0.0048543689320388345, 0.0036407766990291263],
[13, 0.346840899, 29544.227858402453, 0.009708737864077669, 0.0048543689320388345, 0.0038834951456310682],
[14, 0.37349989899999997, 29540.753724435872, 0.009708737864077669, 0.0048543689320388345, 0.0038834951456310682],
[15, 0.40178599899999995, 29537.779186142874, 0.009708737864077669, 0.005825242718446602, 0.0038834951456310682],
[16, 0.42836099899999996, 29535.506366068872, 0.009708737864077669, 0.005825242718446602, 0.0038834951456310682],
[17, 0.45441809899999996, 29533.669341628665, 0.009708737864077669, 0.005339805825242719, 0.0038834951456310682],
[18, 0.48163339899999996, 29532.176470451344, 0.009708737864077669, 0.005339805825242719, 0.0038834951456310682],
[19, 0.508545799, 29531.02627963146, 0.009708737864077669, 0.005339805825242719, 0.004126213592233009],
[20, 0.5348327979999999, 29530.040374560587, 0.009708737864077669, 0.005339805825242719, 0.004126213592233009],
[21, 0.5615044969999999, 29529.32987864554, 0.009708737864077669, 0.005339805825242719, 0.004126213592233009],
[22, 0.587432098, 29528.779043272534, 0.009708737864077669, 0.005825242718446602, 0.004126213592233009],
[23, 0.6140116969999999, 29528.254472077202, 0.009708737864077669, 0.005339805825242719, 0.004126213592233009],
[24, 0.6435371969999999, 29527.659534511873, 0.009708737864077669, 0.005339805825242719, 0.004126213592233009],
[25, 0.6709279979999999, 29527.47799539582, 0.009708737864077669, 0.005339805825242719, 0.004126213592233009],
[26, 0.6965875989999999, 29527.255931361884, 0.009708737864077669, 0.005339805825242719, 0.004126213592233009],
[27, 0.7235689989999999, 29527.00946898477, 0.009708737864077669, 0.005339805825242719, 0.004126213592233009],
[28, 0.7494814989999999, 29526.887602162766, 0.009708737864077669, 0.005339805825242719, 0.004126213592233009],
[29, 0.776810499, 29526.747174009728, 0.009708737864077669, 0.005339805825242719, 0.004126213592233009],
[30, 0.8018725999999999, 29526.609581710618, 0.009708737864077669, 0.005339805825242719, 0.004126213592233009],
[31, 0.829795, 29526.43313783917, 0.009708737864077669, 0.005339805825242719, 0.004126213592233009],
[32, 0.8554411, 29526.410770688286, 0.009708737864077669, 0.005339805825242719, 0.004126213592233009],
[33, 0.8818332999999999, 29526.431572332946, 0.009708737864077669, 0.005339805825242719, 0.004126213592233009],
[34, 0.9105494999999999, 29526.25708589637, 0.009708737864077669, 0.005339805825242719, 0.004126213592233009],
[35, 0.9359327, 29526.26413858825, 0.009708737864077669, 0.005339805825242719, 0.004126213592233009],
[36, 0.9635444999999999, 29526.31697431945, 0.009708737864077669, 0.005339805825242719, 0.004126213592233009],
[37, 0.9895724989999999, 29526.33184608987, 0.009708737864077669, 0.005339805825242719, 0.004126213592233009],
[38, 1.0150522, 29526.150993222345, 0.009708737864077669, 0.005339805825242719, 0.004126213592233009],
[39, 1.0424342, 29526.236917739483, 0.009708737864077669, 0.005339805825242719, 0.004126213592233009],
[40, 1.068403701, 29526.20492858546, 0.009708737864077669, 0.005339805825242719, 0.004126213592233009],
[41, 1.0949296020000001, 29526.259599919547, 0.009708737864077669, 0.005339805825242719, 0.004126213592233009],
[42, 1.121818302, 29526.330127730056, 0.009708737864077669, 0.005339805825242719, 0.004126213592233009],
[43, 1.147426303, 29526.314061213023, 0.009708737864077669, 0.005339805825242719, 0.004126213592233009],
[44, 1.173153903, 29526.28303209796, 0.009708737864077669, 0.005339805825242719, 0.004126213592233009],
[45, 1.198893103, 29526.201432955157, 0.009708737864077669, 0.005339805825242719, 0.004126213592233009],
[46, 1.225787903, 29526.249065608023, 0.009708737864077669, 0.005339805825242719, 0.004126213592233009],
[47, 1.255322003, 29526.187451206628, 0.009708737864077669, 0.005339805825242719, 0.004126213592233009],
[48, 1.2813274030000001, 29526.115527316597, 0.009708737864077669, 0.005339805825242719, 0.004126213592233009],
[49, 1.3095112020000002, 29526.243858061418, 0.009708737864077669, 0.005339805825242719, 0.004126213592233009],
[50, 1.3356334020000002, 29526.306904254605, 0.009708737864077669, 0.005339805825242719, 0.004126213592233009],
[51, 1.3620268030000002, 29526.321543147176, 0.009708737864077669, 0.005339805825242719, 0.004126213592233009],
[52, 1.3881741030000003, 29526.255051442204, 0.009708737864077669, 0.005339805825242719, 0.004126213592233009],
[53, 1.4132805030000004, 29526.28744424191, 0.009708737864077669, 0.005339805825242719, 0.004126213592233009],
[54, 1.4381630030000003, 29526.275926356855, 0.009708737864077669, 0.005339805825242719, 0.004126213592233009],
[55, 1.4639584030000004, 29526.165082932475, 0.009708737864077669, 0.005339805825242719, 0.004126213592233009],
[56, 1.4911456030000003, 29526.20221266847, 0.009708737864077669, 0.005339805825242719, 0.004126213592233009],
[57, 1.5202157020000002, 29526.239516053058, 0.009708737864077669, 0.005339805825242719, 0.004126213592233009],
[58, 1.5465199020000002, 29526.196150768264, 0.009708737864077669, 0.005339805825242719, 0.004126213592233009],
[59, 1.5717641010000003, 29526.167272621704, 0.009708737864077669, 0.005339805825242719, 0.004126213592233009],
[60, 1.5973535010000004, 29526.180118999273, 0.009708737864077669, 0.005339805825242719, 0.004126213592233009],
[61, 1.6247372000000004, 29526.274886230338, 0.009708737864077669, 0.005339805825242719, 0.004126213592233009],
[62, 1.6540588000000005, 29526.131788463, 0.009708737864077669, 0.005339805825242719, 0.004126213592233009],
[63, 1.6812774990000006, 29526.11983405287, 0.009708737864077669, 0.005339805825242719, 0.004126213592233009],
[64, 1.7102204990000005, 29526.299790584213, 0.009708737864077669, 0.005339805825242719, 0.004126213592233009],
[65, 1.7361281980000005, 29526.154130402803, 0.009708737864077669, 0.005339805825242719, 0.004126213592233009],
[66, 1.7647711970000004, 29526.28916775495, 0.009708737864077669, 0.005339805825242719, 0.004126213592233009],
[67, 1.7901096980000004, 29526.228696267197, 0.009708737864077669, 0.005339805825242719, 0.004126213592233009],
[68, 1.8166523970000004, 29526.13795327317, 0.009708737864077669, 0.005339805825242719, 0.004126213592233009],
[69, 1.8449846980000004, 29526.29229864196, 0.009708737864077669, 0.005339805825242719, 0.004126213592233009],
[70, 1.8729052980000005, 29526.17817075839, 0.009708737864077669, 0.005339805825242719, 0.004126213592233009],
[71, 1.8994911990000005, 29526.194190855498, 0.009708737864077669, 0.005339805825242719, 0.004126213592233009],
[72, 1.9253269990000006, 29526.233997479205, 0.009708737864077669, 0.005339805825242719, 0.004126213592233009],
[73, 1.9511118980000006, 29526.194832069, 0.009708737864077669, 0.005339805825242719, 0.004126213592233009],
[74, 1.9770379980000006, 29526.169803349792, 0.009708737864077669, 0.005339805825242719, 0.004126213592233009],
[75, 2.0026080980000005, 29526.111862425274, 0.009708737864077669, 0.005339805825242719, 0.004126213592233009],
[76, 2.0290089990000006, 29526.267528602108, 0.009708737864077669, 0.005339805825242719, 0.004126213592233009],
[77, 2.057549699000001, 29526.200439418637, 0.009708737864077669, 0.005339805825242719, 0.004126213592233009],
[78, 2.084476500000001, 29526.13824617927, 0.009708737864077669, 0.005339805825242719, 0.004126213592233009],
[79, 2.110605899000001, 29526.190526938914, 0.009708737864077669, 0.005339805825242719, 0.004126213592233009],
[80, 2.136281798000001, 29526.213962527545, 0.009708737864077669, 0.005339805825242719, 0.004126213592233009],
[81, 2.160907798000001, 29526.284346191565, 0.009708737864077669, 0.005339805825242719, 0.004126213592233009],
[82, 2.1865691980000013, 29526.218414102827, 0.009708737864077669, 0.005339805825242719, 0.004126213592233009],
[83, 2.2108260970000013, 29526.215528596287, 0.009708737864077669, 0.005339805825242719, 0.004126213592233009],
[84, 2.2368326970000014, 29526.26593153355, 0.009708737864077669, 0.005339805825242719, 0.004126213592233009],
[85, 2.2612126960000016, 29526.185842015144, 0.009708737864077669, 0.005339805825242719, 0.004126213592233009],
[86, 2.2881015960000015, 29526.1987762879, 0.009708737864077669, 0.005339805825242719, 0.004126213592233009],
[87, 2.3156421970000016, 29526.29077495623, 0.009708737864077669, 0.005339805825242719, 0.004126213592233009],
[88, 2.3434897970000015, 29526.170378933864, 0.009708737864077669, 0.005339805825242719, 0.004126213592233009],
[89, 2.3689612970000016, 29526.198760810512, 0.009708737864077669, 0.005339805825242719, 0.004126213592233009],
[90, 2.3953531970000017, 29526.229381720295, 0.009708737864077669, 0.005339805825242719, 0.004126213592233009],
[91, 2.423410198000002, 29526.25556726839, 0.009708737864077669, 0.005339805825242719, 0.004126213592233009],
[92, 2.450915997000002, 29526.272633960318, 0.009708737864077669, 0.005339805825242719, 0.004126213592233009],
[93, 2.477420497000002, 29526.22878940818, 0.009708737864077669, 0.005339805825242719, 0.004126213592233009],
[94, 2.503130496000002, 29526.170867395896, 0.009708737864077669, 0.005339805825242719, 0.004126213592233009],
[95, 2.530006897000002, 29526.138661694717, 0.009708737864077669, 0.005339805825242719, 0.004126213592233009],
[96, 2.556279498000002, 29526.298088946398, 0.009708737864077669, 0.005339805825242719, 0.004126213592233009],
[97, 2.582090498000002, 29526.110246265405, 0.009708737864077669, 0.005339805825242719, 0.004126213592233009],
[98, 2.608292599000002, 29526.28272496947, 0.009708737864077669, 0.005339805825242719, 0.004126213592233009],
[99, 2.636789900000002, 29526.1789121427, 0.009708737864077669, 0.005339805825242719, 0.004126213592233009],
[100, 2.663272700000002, 29526.311627565028, 0.009708737864077669, 0.005339805825242719, 0.004126213592233009],
[101, 2.690095501000002, 29526.28056096685, 0.009708737864077669, 0.005339805825242719, 0.004126213592233009],
[102, 2.7267848000000017, 29526.152135084114, 0.009708737864077669, 0.005339805825242719, 0.004126213592233009],
[103, 2.7529032000000018, 29526.089032050993, 0.009708737864077669, 0.005339805825242719, 0.004126213592233009],
[104, 2.780581299000002, 29526.22354320553, 0.009708737864077669, 0.005339805825242719, 0.004126213592233009],
[105, 2.806190299000002, 29526.263736325058, 0.009708737864077669, 0.005339805825242719, 0.004126213592233009],
[106, 2.833311500000002, 29526.3387327076, 0.009708737864077669, 0.005339805825242719, 0.004126213592233009],
[107, 2.857998700000002, 29526.170808709976, 0.009708737864077669, 0.005339805825242719, 0.004126213592233009],
[108, 2.884059299000002, 29526.22728199219, 0.009708737864077669, 0.005339805825242719, 0.004126213592233009],
[109, 2.9102526980000016, 29526.357840425706, 0.009708737864077669, 0.005339805825242719, 0.004126213592233009],
[110, 2.9438050990000018, 29526.131093097323, 0.009708737864077669, 0.005339805825242719, 0.004126213592233009],
[111, 2.971542099000002, 29526.094235868415, 0.009708737864077669, 0.005339805825242719, 0.004126213592233009],
[112, 2.9977267980000017, 29526.241408253765, 0.009708737864077669, 0.005339805825242719, 0.004126213592233009],
[113, 3.0238407990000016, 29526.146355906007, 0.009708737864077669, 0.005339805825242719, 0.004126213592233009],
[114, 3.0495686980000016, 29526.160514834824, 0.009708737864077669, 0.005339805825242719, 0.004126213592233009],
[115, 3.0768849980000015, 29526.265723614793, 0.009708737864077669, 0.005339805825242719, 0.004126213592233009],
[116, 3.1038178980000013, 29526.291335440823, 0.009708737864077669, 0.005339805825242719, 0.004126213592233009],
[117, 3.1304179980000013, 29526.245022514304, 0.009708737864077669, 0.005339805825242719, 0.004126213592233009],
[118, 3.160481697000001, 29526.277345762355, 0.009708737864077669, 0.005339805825242719, 0.004126213592233009],
[119, 3.1858996970000013, 29526.074277291493, 0.009708737864077669, 0.005339805825242719, 0.004126213592233009],
[120, 3.2127841970000013, 29526.12695085096, 0.009708737864077669, 0.005339805825242719, 0.004126213592233009],
[121, 3.238999296000001, 29526.139604220018, 0.009708737864077669, 0.005339805825242719, 0.004126213592233009],
