rank: 30, ratio of 0 vs 1: 3, lambda:8, learning_rate: 0.1
iter time objective_function precision@K = 1, 5, 10
[0,30272.721302510203, 0.009708737864077669 0.004368932038834952 0.0036407766990291263],
[1, 0.026050999, 29930.91905973592, 0.009708737864077669, 0.0038834951456310682, 0.0038834951456310682],
[2, 0.052805099999999994, 29821.80178851653, 0.007281553398058253, 0.0038834951456310682, 0.002912621359223301],
[3, 0.078074699, 29761.13395851677, 0.0048543689320388345, 0.0038834951456310682, 0.0038834951456310682],
[4, 0.104489899, 29720.584581189112, 0.0048543689320388345, 0.0038834951456310682, 0.0038834951456310682],
[5, 0.1315409, 29691.123091587808, 0.0048543689320388345, 0.0038834951456310682, 0.0033980582524271844],
[6, 0.1623501, 29670.001928930586, 0.007281553398058253, 0.0033980582524271844, 0.003155339805825243],
[7, 0.1890924, 29654.138771874073, 0.007281553398058253, 0.002912621359223301, 0.0026699029126213596],
[8, 0.214770899, 29642.43808284404, 0.009708737864077669, 0.0033980582524271844, 0.003155339805825243],
[9, 0.240669999, 29633.200659246548, 0.009708737864077669, 0.0033980582524271844, 0.0033980582524271844],
[10, 0.267924398, 29626.786600380547, 0.009708737864077669, 0.0033980582524271844, 0.0033980582524271844],
[11, 0.293310298, 29622.073931478863, 0.009708737864077669, 0.0038834951456310682, 0.0036407766990291263],
[12, 0.320445499, 29618.391700305685, 0.009708737864077669, 0.0038834951456310682, 0.0038834951456310682],
[13, 0.34683620000000004, 29615.449523565905, 0.009708737864077669, 0.0033980582524271844, 0.0038834951456310682],
[14, 0.37855420100000003, 29613.563466609714, 0.009708737864077669, 0.0033980582524271844, 0.0036407766990291263],
[15, 0.41725900200000005, 29611.931404148127, 0.009708737864077669, 0.0033980582524271844, 0.0036407766990291263],
[16, 0.44239790100000004, 29610.83446381116, 0.009708737864077669, 0.0033980582524271844, 0.0038834951456310682],
[17, 0.46978080000000005, 29609.979869059236, 0.009708737864077669, 0.0033980582524271844, 0.0036407766990291263],
[18, 0.49754330100000005, 29609.311107451653, 0.009708737864077669, 0.0033980582524271844, 0.0038834951456310682],
[19, 0.524724101, 29608.874141429922, 0.009708737864077669, 0.0033980582524271844, 0.0038834951456310682],
[20, 0.553386401, 29608.469161774578, 0.009708737864077669, 0.0033980582524271844, 0.0038834951456310682],
[21, 0.5793404010000001, 29608.23212802074, 0.009708737864077669, 0.0033980582524271844, 0.0038834951456310682],
[22, 0.606577401, 29608.080900921817, 0.009708737864077669, 0.0033980582524271844, 0.0038834951456310682],
[23, 0.632430301, 29607.88315707215, 0.009708737864077669, 0.0033980582524271844, 0.0038834951456310682],
[24, 0.6601713, 29607.558109872865, 0.009708737864077669, 0.0033980582524271844, 0.0038834951456310682],
[25, 0.684729901, 29607.61546042023, 0.009708737864077669, 0.0033980582524271844, 0.0038834951456310682],
[26, 0.709837301, 29607.573212953677, 0.009708737864077669, 0.0033980582524271844, 0.0038834951456310682],
[27, 0.7359241009999999, 29607.48352965258, 0.009708737864077669, 0.0033980582524271844, 0.0038834951456310682],
[28, 0.762637601, 29607.489127260298, 0.009708737864077669, 0.0033980582524271844, 0.0038834951456310682],
[29, 0.787516001, 29607.430038102593, 0.009708737864077669, 0.0033980582524271844, 0.0038834951456310682],
[30, 0.813655501, 29607.38220160235, 0.009708737864077669, 0.0033980582524271844, 0.0038834951456310682],
[31, 0.8404877009999999, 29607.265819803597, 0.009708737864077669, 0.0033980582524271844, 0.0038834951456310682],
[32, 0.866604501, 29607.286914435143, 0.009708737864077669, 0.0033980582524271844, 0.0038834951456310682],
[33, 0.894881101, 29607.365588646742, 0.009708737864077669, 0.0033980582524271844, 0.0038834951456310682],
[34, 0.9203450009999999, 29607.20574043989, 0.009708737864077669, 0.0033980582524271844, 0.0038834951456310682],
[35, 0.9472266009999999, 29607.261873181156, 0.009708737864077669, 0.0038834951456310682, 0.0038834951456310682],
[36, 0.9751313019999999, 29607.32115465482, 0.009708737864077669, 0.0038834951456310682, 0.0038834951456310682],
[37, 1.0020244019999998, 29607.35909799748, 0.009708737864077669, 0.0038834951456310682, 0.0038834951456310682],
[38, 1.0349588019999998, 29607.188046528037, 0.009708737864077669, 0.0038834951456310682, 0.0038834951456310682],
[39, 1.0600754009999998, 29607.299379179345, 0.009708737864077669, 0.0038834951456310682, 0.0038834951456310682],
[40, 1.0863223009999998, 29607.271587400413, 0.009708737864077669, 0.0038834951456310682, 0.0038834951456310682],
[41, 1.1122269019999997, 29607.340711621302, 0.009708737864077669, 0.0038834951456310682, 0.0038834951456310682],
[42, 1.1399239009999997, 29607.42758002223, 0.009708737864077669, 0.0038834951456310682, 0.0038834951456310682],
[43, 1.1656474009999997, 29607.39669767177, 0.009708737864077669, 0.0038834951456310682, 0.0038834951456310682],
[44, 1.1928169009999998, 29607.381756473285, 0.009708737864077669, 0.0038834951456310682, 0.0038834951456310682],
[45, 1.2186034, 29607.319514956816, 0.009708737864077669, 0.0038834951456310682, 0.0038834951456310682],
[46, 1.246701399, 29607.33940356274, 0.009708737864077669, 0.0038834951456310682, 0.0038834951456310682],
[47, 1.272745799, 29607.28573906572, 0.009708737864077669, 0.0038834951456310682, 0.0038834951456310682],
[48, 1.2981467979999999, 29607.20587128687, 0.009708737864077669, 0.0038834951456310682, 0.0038834951456310682],
[49, 1.3242865979999998, 29607.361147618994, 0.009708737864077669, 0.0038834951456310682, 0.0038834951456310682],
[50, 1.3511914979999997, 29607.40997552213, 0.009708737864077669, 0.0038834951456310682, 0.0038834951456310682],
[51, 1.3768985989999998, 29607.430048225182, 0.009708737864077669, 0.0038834951456310682, 0.0038834951456310682],
[52, 1.4037033989999999, 29607.35616146094, 0.009708737864077669, 0.0038834951456310682, 0.0038834951456310682],
[53, 1.4309639989999998, 29607.38691333218, 0.009708737864077669, 0.0038834951456310682, 0.0038834951456310682],
[54, 1.456783499, 29607.37150055601, 0.009708737864077669, 0.0038834951456310682, 0.0038834951456310682],
[55, 1.4819285979999999, 29607.263441123556, 0.009708737864077669, 0.0038834951456310682, 0.0038834951456310682],
[56, 1.5081020969999999, 29607.29804255105, 0.009708737864077669, 0.0038834951456310682, 0.0038834951456310682],
[57, 1.535022698, 29607.364215647885, 0.009708737864077669, 0.0038834951456310682, 0.0038834951456310682],
[58, 1.5624343969999999, 29607.309267371722, 0.009708737864077669, 0.0038834951456310682, 0.0038834951456310682],
[59, 1.5897131969999998, 29607.26364631195, 0.009708737864077669, 0.0038834951456310682, 0.0038834951456310682],
[60, 1.6155650979999998, 29607.27584610358, 0.009708737864077669, 0.0038834951456310682, 0.0038834951456310682],
[61, 1.6423762979999998, 29607.38207109035, 0.009708737864077669, 0.0038834951456310682, 0.0038834951456310682],
[62, 1.6697997969999998, 29607.242849743758, 0.009708737864077669, 0.0038834951456310682, 0.0038834951456310682],
[63, 1.6961284979999998, 29607.22364112166, 0.009708737864077669, 0.0038834951456310682, 0.0038834951456310682],
[64, 1.7238851969999998, 29607.40183977748, 0.009708737864077669, 0.0038834951456310682, 0.0038834951456310682],
[65, 1.7516278969999997, 29607.244505237908, 0.009708737864077669, 0.0038834951456310682, 0.0038834951456310682],
[66, 1.7793156969999997, 29607.41086334087, 0.009708737864077669, 0.0038834951456310682, 0.0038834951456310682],
[67, 1.8045412959999998, 29607.339138156072, 0.009708737864077669, 0.0038834951456310682, 0.0038834951456310682],
[68, 1.8298163969999999, 29607.24736307864, 0.009708737864077669, 0.0038834951456310682, 0.0038834951456310682],
[69, 1.855677297, 29607.41901842944, 0.009708737864077669, 0.0038834951456310682, 0.0038834951456310682],
[70, 1.882110296, 29607.300204923602, 0.009708737864077669, 0.0038834951456310682, 0.0038834951456310682],
[71, 1.909311297, 29607.2945629938, 0.009708737864077669, 0.0038834951456310682, 0.0038834951456310682],
[72, 1.9349288969999998, 29607.34520630689, 0.009708737864077669, 0.0038834951456310682, 0.0038834951456310682],
[73, 1.9630661969999998, 29607.295504373447, 0.009708737864077669, 0.0038834951456310682, 0.0038834951456310682],
[74, 1.9890540979999998, 29607.27471265444, 0.009708737864077669, 0.0038834951456310682, 0.0038834951456310682],
[75, 2.0155080979999997, 29607.201901307373, 0.009708737864077669, 0.0038834951456310682, 0.0038834951456310682],
[76, 2.0424424979999998, 29607.387638416207, 0.009708737864077669, 0.0038834951456310682, 0.0038834951456310682],
[77, 2.067758299, 29607.306410915287, 0.009708737864077669, 0.0038834951456310682, 0.0038834951456310682],
[78, 2.095430399, 29607.23571426802, 0.009708737864077669, 0.0038834951456310682, 0.0038834951456310682],
[79, 2.1210358990000002, 29607.289903399364, 0.009708737864077669, 0.0038834951456310682, 0.0038834951456310682],
[80, 2.1468994, 29607.339601233103, 0.009708737864077669, 0.0038834951456310682, 0.0038834951456310682],
[81, 2.1739960010000003, 29607.3715113899, 0.009708737864077669, 0.0038834951456310682, 0.0038834951456310682],
[82, 2.2011953, 29607.32666485091, 0.009708737864077669, 0.0038834951456310682, 0.0038834951456310682],
[83, 2.2261346000000004, 29607.333989780218, 0.009708737864077669, 0.0038834951456310682, 0.0038834951456310682],
[84, 2.2515423000000006, 29607.376295748214, 0.009708737864077669, 0.0038834951456310682, 0.0038834951456310682],
[85, 2.2777408990000008, 29607.29350257111, 0.009708737864077669, 0.0038834951456310682, 0.0038834951456310682],
[86, 2.3037400990000005, 29607.303841044923, 0.009708737864077669, 0.0038834951456310682, 0.0038834951456310682],
[87, 2.3303729990000006, 29607.414877402593, 0.009708737864077669, 0.0038834951456310682, 0.0038834951456310682],
[88, 2.3579000990000005, 29607.262172174815, 0.009708737864077669, 0.0038834951456310682, 0.0038834951456310682],
[89, 2.3844145990000007, 29607.31123261928, 0.009708737864077669, 0.0038834951456310682, 0.0038834951456310682],
[90, 2.410798298000001, 29607.334078650627, 0.009708737864077669, 0.0038834951456310682, 0.0038834951456310682],
[91, 2.4367135980000008, 29607.367352728717, 0.009708737864077669, 0.0038834951456310682, 0.0038834951456310682],
[92, 2.4616349990000006, 29607.378501016636, 0.009708737864077669, 0.0038834951456310682, 0.0038834951456310682],
[93, 2.487624500000001, 29607.343346859212, 0.009708737864077669, 0.0038834951456310682, 0.0038834951456310682],
[94, 2.5130877000000007, 29607.28360275866, 0.009708737864077669, 0.0038834951456310682, 0.0038834951456310682],
[95, 2.5418168000000008, 29607.233843507376, 0.009708737864077669, 0.0038834951456310682, 0.0038834951456310682],
[96, 2.5667145000000007, 29607.41560988723, 0.009708737864077669, 0.0038834951456310682, 0.0038834951456310682],
[97, 2.5924870000000007, 29607.19928397684, 0.009708737864077669, 0.0038834951456310682, 0.0038834951456310682],
[98, 2.6182440000000007, 29607.399624611196, 0.009708737864077669, 0.0038834951456310682, 0.0038834951456310682],
[99, 2.6444817000000005, 29607.27396742439, 0.009708737864077669, 0.0038834951456310682, 0.0038834951456310682],
[100, 2.6702560010000003, 29607.423985181962, 0.009708737864077669, 0.0038834951456310682, 0.0038834951456310682],
[101, 2.697922101, 29607.391742184253, 0.009708737864077669, 0.0038834951456310682, 0.0038834951456310682],
[102, 2.7234307010000003, 29607.25302169433, 0.009708737864077669, 0.0038834951456310682, 0.0038834951456310682],
[103, 2.7509341010000004, 29607.187335330065, 0.009708737864077669, 0.0038834951456310682, 0.0038834951456310682],
[104, 2.7802944020000004, 29607.33145705774, 0.009708737864077669, 0.0038834951456310682, 0.0038834951456310682],
[105, 2.8055528010000006, 29607.380095480414, 0.009708737864077669, 0.0038834951456310682, 0.0038834951456310682],
[106, 2.8310201010000005, 29607.465961779402, 0.009708737864077669, 0.0038834951456310682, 0.0038834951456310682],
[107, 2.8565019010000006, 29607.270163436533, 0.009708737864077669, 0.0038834951456310682, 0.0038834951456310682],
[108, 2.8836306010000006, 29607.337624326898, 0.009708737864077669, 0.0038834951456310682, 0.0038834951456310682],
[109, 2.9102742020000005, 29607.481790935904, 0.009708737864077669, 0.0038834951456310682, 0.0038834951456310682],
[110, 2.9383097020000006, 29607.24117833667, 0.009708737864077669, 0.0038834951456310682, 0.0038834951456310682],
[111, 2.9657158020000005, 29607.192368443033, 0.009708737864077669, 0.0038834951456310682, 0.0038834951456310682],
[112, 2.9921642030000006, 29607.351605958473, 0.009708737864077669, 0.0038834951456310682, 0.0038834951456310682],
[113, 3.0186522030000007, 29607.2434436155, 0.009708737864077669, 0.0038834951456310682, 0.0038834951456310682],
[114, 3.0441422030000007, 29607.293721528964, 0.009708737864077669, 0.0038834951456310682, 0.0038834951456310682],
[115, 3.070845903000001, 29607.38008626154, 0.009708737864077669, 0.0038834951456310682, 0.0038834951456310682],
[116, 3.096642604000001, 29607.401865619362, 0.009708737864077669, 0.0038834951456310682, 0.0038834951456310682],
[117, 3.1223348040000007, 29607.362618054092, 0.009708737864077669, 0.0038834951456310682, 0.0038834951456310682],
[118, 3.1474789050000007, 29607.398909687363, 0.009708737864077669, 0.0038834951456310682, 0.0038834951456310682],
[119, 3.172662705000001, 29607.166286709344, 0.009708737864077669, 0.0038834951456310682, 0.0038834951456310682],
[120, 3.198976205000001, 29607.229772319657, 0.009708737864077669, 0.0038834951456310682, 0.0038834951456310682],
[121, 3.224447604000001, 29607.249104325747, 0.009708737864077669, 0.0038834951456310682, 0.0038834951456310682],
