rank: 30, ratio of 0 vs 1: 3, lambda:11, learning_rate: 0.25
iter time objective_function precision@K = 1, 5, 10
[0,30684.39307442162, 0.009708737864077669 0.004368932038834952 0.0036407766990291263],
[1, 0.026352201, 30201.489491396227, 0.007281553398058253, 0.0019417475728155341, 0.0024271844660194173],
[2, 0.052947999999999995, 29656.585461697698, 0.0048543689320388345, 0.0038834951456310682, 0.0036407766990291263],
[3, 0.07966180099999999, 29278.384903050333, 0.0048543689320388345, 0.0038834951456310682, 0.0038834951456310682],
[4, 0.10728360099999999, 29406.95634108835, 0.0024271844660194173, 0.0024271844660194173, 0.003155339805825243],
[5, 0.133138302, 29210.831805278533, 0.0, 0.0038834951456310682, 0.004126213592233009],
[6, 0.15897510099999998, 29377.62629798394, 0.0024271844660194173, 0.0019417475728155341, 0.0026699029126213596],
[7, 0.18387980099999998, 29199.019700043813, 0.007281553398058253, 0.005339805825242719, 0.005097087378640777],
[8, 0.21099830099999997, 29343.798903397656, 0.007281553398058253, 0.005825242718446602, 0.006553398058252427],
[9, 0.23683200099999996, 29188.15152891507, 0.012135922330097087, 0.005339805825242719, 0.005339805825242719],
[10, 0.263632901, 29317.79095719365, 0.009708737864077669, 0.004368932038834952, 0.00558252427184466],
[11, 0.28920150099999997, 29186.284218513683, 0.0024271844660194173, 0.005825242718446602, 0.006067961165048544],
[12, 0.31540100099999996, 29289.852299849015, 0.0048543689320388345, 0.008252427184466019, 0.00849514563106796],
[13, 0.34322769999999997, 29180.600741246493, 0.0024271844660194173, 0.005339805825242719, 0.0048543689320388345],
[14, 0.369820699, 29271.432166132054, 0.0024271844660194173, 0.0048543689320388345, 0.005097087378640777],
[15, 0.39557879799999995, 29181.085909719826, 0.012135922330097087, 0.008737864077669903, 0.008737864077669903],
[16, 0.42100119799999997, 29251.442139334777, 0.0, 0.002912621359223301, 0.005825242718446602],
[17, 0.447103997, 29177.751447525563, 0.009708737864077669, 0.005825242718446602, 0.00558252427184466],
[18, 0.47371449699999996, 29238.98487906989, 0.0024271844660194173, 0.004368932038834952, 0.0048543689320388345],
[19, 0.500136696, 29178.671767863656, 0.014563106796116505, 0.005339805825242719, 0.006067961165048544],
[20, 0.5255105959999999, 29225.277146940356, 0.009708737864077669, 0.006796116504854369, 0.006553398058252427],
[21, 0.5518952949999999, 29176.82375163349, 0.014563106796116505, 0.0077669902912621365, 0.0077669902912621365],
[22, 0.5762636949999999, 29216.77016255084, 0.012135922330097087, 0.008737864077669903, 0.006067961165048544],
[23, 0.6012447949999998, 29177.3219054147, 0.019417475728155338, 0.010194174757281554, 0.008252427184466019],
[24, 0.6281732939999999, 29207.884772123518, 0.007281553398058253, 0.005825242718446602, 0.005097087378640777],
[25, 0.6525394939999999, 29175.997730587394, 0.0048543689320388345, 0.004368932038834952, 0.004611650485436893],
[26, 0.6812011939999999, 29202.41606936808, 0.009708737864077669, 0.0077669902912621365, 0.006067961165048544],
[27, 0.7082597929999999, 29176.474684922305, 0.019417475728155338, 0.0077669902912621365, 0.008009708737864078],
[28, 0.7362088919999998, 29196.436984583015, 0.014563106796116505, 0.010194174757281554, 0.007281553398058253],
[29, 0.7625547919999999, 29175.63634721617, 0.009708737864077669, 0.007281553398058253, 0.006310679611650486],
[30, 0.7897694929999999, 29192.818831466077, 0.009708737864077669, 0.005825242718446602, 0.007281553398058253],
[31, 0.8163587929999999, 29175.824209354807, 0.014563106796116505, 0.008252427184466019, 0.008009708737864078],
[32, 0.8473987929999999, 29189.021171249955, 0.007281553398058253, 0.005825242718446602, 0.005339805825242719],
[33, 0.8747135929999998, 29175.27643117804, 0.0024271844660194173, 0.0048543689320388345, 0.005339805825242719],
[34, 0.9024058939999998, 29186.645113522634, 0.007281553398058253, 0.005339805825242719, 0.005097087378640777],
[35, 0.9301649939999999, 29175.5217637594, 0.01699029126213592, 0.006796116504854369, 0.006067961165048544],
[36, 0.9556659939999999, 29184.03147966188, 0.0024271844660194173, 0.0077669902912621365, 0.006796116504854369],
[37, 0.9829332939999998, 29175.08988206426, 0.007281553398058253, 0.006796116504854369, 0.006067961165048544],
[38, 1.009470894, 29182.54502983135, 0.012135922330097087, 0.008252427184466019, 0.005825242718446602],
[39, 1.035744794, 29175.223039315657, 0.007281553398058253, 0.008737864077669903, 0.007524271844660194],
[40, 1.062283394, 29180.858037741356, 0.007281553398058253, 0.0048543689320388345, 0.0048543689320388345],
[41, 1.088318994, 29174.961485304717, 0.007281553398058253, 0.0048543689320388345, 0.005339805825242719],
[42, 1.1134161949999999, 29179.860993744915, 0.01699029126213592, 0.0077669902912621365, 0.008009708737864078],
[43, 1.1398969939999999, 29175.063754064504, 0.01699029126213592, 0.012621359223300972, 0.008009708737864078],
[44, 1.167513793, 29178.739261286577, 0.0048543689320388345, 0.0048543689320388345, 0.005339805825242719],
[45, 1.1926137929999998, 29174.89399883379, 0.012135922330097087, 0.006310679611650486, 0.007524271844660194],
[46, 1.2190375939999998, 29178.083262294997, 0.009708737864077669, 0.009223300970873786, 0.007524271844660194],
[47, 1.2468032929999997, 29174.941709598752, 0.019417475728155338, 0.010679611650485438, 0.008737864077669903],
[48, 1.2731618939999998, 29177.366671931723, 0.0048543689320388345, 0.007281553398058253, 0.006796116504854369],
[49, 1.2977583929999998, 29174.823964047955, 0.0, 0.0033980582524271844, 0.004368932038834952],
[50, 1.3266871919999998, 29176.942635438336, 0.0024271844660194173, 0.0077669902912621365, 0.00703883495145631],
[51, 1.3533891919999999, 29174.874596861406, 0.01699029126213592, 0.01116504854368932, 0.00849514563106796],
[52, 1.3797613919999998, 29176.45316379777, 0.012135922330097087, 0.008737864077669903, 0.008252427184466019],
[53, 1.4063668919999999, 29174.79752314632, 0.012135922330097087, 0.0077669902912621365, 0.006067961165048544],
[54, 1.431741792, 29176.17477270404, 0.0024271844660194173, 0.0038834951456310682, 0.006067961165048544],
[55, 1.458423992, 29174.821144280766, 0.0024271844660194173, 0.006796116504854369, 0.006553398058252427],
[56, 1.483670093, 29175.863225696656, 0.014563106796116505, 0.008737864077669903, 0.009466019417475728],
[57, 1.510503294, 29174.77129679597, 0.0048543689320388345, 0.007281553398058253, 0.006067961165048544],
[58, 1.536065493, 29175.67985313973, 0.014563106796116505, 0.006310679611650486, 0.006067961165048544],
[59, 1.563794294, 29174.78899237697, 0.007281553398058253, 0.008252427184466019, 0.007281553398058253],
[60, 1.5886703930000001, 29175.473250684103, 0.007281553398058253, 0.008737864077669903, 0.0077669902912621365],
[61, 1.615740093, 29174.759281624516, 0.007281553398058253, 0.005825242718446602, 0.005339805825242719],
[62, 1.641546594, 29175.349946856724, 0.009708737864077669, 0.008252427184466019, 0.006553398058252427],
[63, 1.666806193, 29174.768780344202, 0.01699029126213592, 0.009223300970873786, 0.005825242718446602],
[64, 1.692125692, 29175.216505459022, 0.012135922330097087, 0.008252427184466019, 0.006796116504854369],
[65, 1.7187425920000001, 29174.746103094716, 0.007281553398058253, 0.0033980582524271844, 0.00558252427184466],
[66, 1.745416893, 29175.138789881134, 0.0, 0.006310679611650486, 0.005339805825242719],
[67, 1.770991593, 29174.75534983207, 0.007281553398058253, 0.006310679611650486, 0.0048543689320388345],
[68, 1.800372493, 29175.048224961913, 0.007281553398058253, 0.0038834951456310682, 0.004368932038834952],
[69, 1.826012792, 29174.74148577921, 0.0024271844660194173, 0.004368932038834952, 0.0048543689320388345],
[70, 1.851748891, 29174.99622145215, 0.009708737864077669, 0.007281553398058253, 0.00703883495145631],
[71, 1.877404591, 29174.745491583908, 0.01699029126213592, 0.009708737864077669, 0.007524271844660194],
[72, 1.903740891, 29174.938862668732, 0.0048543689320388345, 0.005825242718446602, 0.006067961165048544],
[73, 1.930079892, 29174.73628083705, 0.0048543689320388345, 0.005339805825242719, 0.007281553398058253],
[74, 1.957289592, 29174.90485706359, 0.007281553398058253, 0.005339805825242719, 0.005825242718446602],
[75, 1.983715592, 29174.73992979114, 0.014563106796116505, 0.006796116504854369, 0.006553398058252427],
[76, 2.009142692, 29174.866203170634, 0.012135922330097087, 0.005825242718446602, 0.006796116504854369],
[77, 2.034345193, 29174.733961384998, 0.009708737864077669, 0.005825242718446602, 0.0048543689320388345],
[78, 2.062236992, 29174.84381769631, 0.012135922330097087, 0.0038834951456310682, 0.0036407766990291263],
[79, 2.0873710919999997, 29174.73583334022, 0.009708737864077669, 0.0038834951456310682, 0.005097087378640777],
[80, 2.1141284909999998, 29174.81897918317, 0.0024271844660194173, 0.008252427184466019, 0.006553398058252427],
[81, 2.1408947909999996, 29174.732019697374, 0.0048543689320388345, 0.006796116504854369, 0.00558252427184466],
[82, 2.1673170909999997, 29174.80418982377, 0.01699029126213592, 0.009223300970873786, 0.0077669902912621365],
[83, 2.1920679909999996, 29174.73322606067, 0.01699029126213592, 0.01116504854368932, 0.007281553398058253],
[84, 2.2169802909999996, 29174.78791504827, 0.019417475728155338, 0.008252427184466019, 0.006310679611650486],
[85, 2.2420388919999996, 29174.73079398197, 0.0048543689320388345, 0.006310679611650486, 0.00558252427184466],
[86, 2.2671410909999996, 29174.778141682767, 0.009708737864077669, 0.006796116504854369, 0.005339805825242719],
[87, 2.2944122909999995, 29174.731696898656, 0.01699029126213592, 0.009223300970873786, 0.006796116504854369],
[88, 2.3213615899999995, 29174.767352259492, 0.007281553398058253, 0.004368932038834952, 0.004368932038834952],
[89, 2.3478510889999997, 29174.729934949308, 0.007281553398058253, 0.006310679611650486, 0.006310679611650486],
[90, 2.3740835879999995, 29174.76110623145, 0.0024271844660194173, 0.005825242718446602, 0.006796116504854369],
[91, 2.3989229879999994, 29174.730491729657, 0.0048543689320388345, 0.007281553398058253, 0.005825242718446602],
[92, 2.4249753879999996, 29174.754063020766, 0.01699029126213592, 0.008252427184466019, 0.006553398058252427],
[93, 2.4517941869999995, 29174.729473676936, 0.0024271844660194173, 0.0077669902912621365, 0.005097087378640777],
[94, 2.4772537869999995, 29174.74982703129, 0.0024271844660194173, 0.005339805825242719, 0.00703883495145631],
[95, 2.5024184859999994, 29174.72989505919, 0.012135922330097087, 0.009223300970873786, 0.008252427184466019],
[96, 2.5279511859999992, 29174.745149919134, 0.014563106796116505, 0.01116504854368932, 0.0077669902912621365],
[97, 2.5525680849999994, 29174.729085177845, 0.009708737864077669, 0.005825242718446602, 0.005097087378640777],
[98, 2.5777069849999994, 29174.742512584824, 0.007281553398058253, 0.009223300970873786, 0.008009708737864078],
[99, 2.6028791849999995, 29174.72933791614, 0.012135922330097087, 0.01116504854368932, 0.008737864077669903],
[100, 2.6292756849999996, 29174.739467597778, 0.014563106796116505, 0.008252427184466019, 0.0077669902912621365],
[101, 2.655271884, 29174.7288794907, 0.0048543689320388345, 0.006796116504854369, 0.00558252427184466],
[102, 2.6816036839999997, 29174.737664350174, 0.021844660194174758, 0.012621359223300972, 0.008252427184466019],
[103, 2.708548085, 29174.72905154273, 0.024271844660194174, 0.012135922330097087, 0.00703883495145631],
[104, 2.735478385, 29174.735660321403, 0.007281553398058253, 0.008252427184466019, 0.006310679611650486],
[105, 2.764101185, 29174.72872632494, 0.009708737864077669, 0.005825242718446602, 0.006067961165048544],
[106, 2.792222886, 29174.73450165239, 0.0048543689320388345, 0.006796116504854369, 0.006796116504854369],
[107, 2.8174868859999997, 29174.72883622934, 0.012135922330097087, 0.006310679611650486, 0.006553398058252427],
[108, 2.842676885, 29174.73318979386, 0.007281553398058253, 0.006796116504854369, 0.006067961165048544],
[109, 2.868296685, 29174.728637269152, 0.007281553398058253, 0.006310679611650486, 0.005825242718446602],
[110, 2.894963286, 29174.73241516966, 0.021844660194174758, 0.008737864077669903, 0.006067961165048544],
[111, 2.919839385, 29174.728709346462, 0.024271844660194174, 0.009708737864077669, 0.007524271844660194],
[112, 2.947010885, 29174.73155448691, 0.0048543689320388345, 0.006310679611650486, 0.004611650485436893],
[113, 2.973262084, 29174.72857302053, 0.009708737864077669, 0.006310679611650486, 0.005825242718446602],
[114, 2.998643483, 29174.7310520428, 0.009708737864077669, 0.006310679611650486, 0.005825242718446602],
[115, 3.025530284, 29174.728614294454, 0.01699029126213592, 0.0077669902912621365, 0.008009708737864078],
[116, 3.0506436839999997, 29174.730493367882, 0.009708737864077669, 0.007281553398058253, 0.007524271844660194],
[117, 3.075133083, 29174.728528726435, 0.007281553398058253, 0.005825242718446602, 0.005339805825242719],
[118, 3.099956684, 29174.730159842587, 0.012135922330097087, 0.008737864077669903, 0.00703883495145631],
[119, 3.125013584, 29174.728567356215, 0.019417475728155338, 0.012135922330097087, 0.009951456310679611],
[120, 3.1503953829999998, 29174.729781740327, 0.0024271844660194173, 0.007281553398058253, 0.006067961165048544],
[121, 3.176553983, 29174.72850369972, 0.0048543689320388345, 0.005339805825242719, 0.005097087378640777],
