rank: 30, ratio of 0 vs 1: 3, lambda:2, learning_rate: 0.25
iter time objective_function precision@K = 1, 5, 10
[0,29449.377758687373, 0.009708737864077669 0.004368932038834952 0.0036407766990291263],
[1, 0.029587199, 29387.126797448807, 0.0048543689320388345, 0.0048543689320388345, 0.0033980582524271844],
[2, 0.0571397, 29357.335950249464, 0.007281553398058253, 0.004368932038834952, 0.003155339805825243],
[3, 0.0858943, 29340.285487129604, 0.009708737864077669, 0.0048543689320388345, 0.0033980582524271844],
[4, 0.11681350100000001, 29328.282681883607, 0.007281553398058253, 0.005825242718446602, 0.00558252427184466],
[5, 0.14325870100000002, 29317.77371015644, 0.009708737864077669, 0.0048543689320388345, 0.005339805825242719],
[6, 0.17289910200000003, 29309.675866052152, 0.0024271844660194173, 0.006310679611650486, 0.006310679611650486],
[7, 0.20551320200000003, 29302.569476626682, 0.012135922330097087, 0.007281553398058253, 0.006553398058252427],
[8, 0.23963260100000003, 29295.196575929192, 0.014563106796116505, 0.008737864077669903, 0.007281553398058253],
[9, 0.26789740100000003, 29287.321450540174, 0.019417475728155338, 0.010679611650485438, 0.00849514563106796],
[10, 0.296944201, 29281.540754463982, 0.021844660194174758, 0.013106796116504855, 0.009708737864077669],
[11, 0.328640201, 29276.991185030674, 0.019417475728155338, 0.01407766990291262, 0.010679611650485438],
[12, 0.35862160200000004, 29271.98403332946, 0.014563106796116505, 0.013592233009708738, 0.010194174757281554],
[13, 0.387736603, 29266.942937109714, 0.019417475728155338, 0.013106796116504855, 0.010679611650485438],
[14, 0.417055304, 29262.61797209458, 0.021844660194174758, 0.012621359223300972, 0.01116504854368932],
[15, 0.44812850400000004, 29258.615098637947, 0.021844660194174758, 0.014563106796116505, 0.01116504854368932],
[16, 0.477291104, 29254.681778151105, 0.021844660194174758, 0.015048543689320388, 0.012621359223300972],
[17, 0.509867504, 29251.04562826582, 0.021844660194174758, 0.01407766990291262, 0.011650485436893204],
[18, 0.538699905, 29248.061872751932, 0.021844660194174758, 0.015048543689320388, 0.011407766990291262],
[19, 0.567071205, 29244.45952911958, 0.019417475728155338, 0.015048543689320388, 0.01116504854368932],
[20, 0.5977058049999999, 29241.709554205718, 0.01699029126213592, 0.015533980582524273, 0.013106796116504855],
[21, 0.6332544059999999, 29239.011507975378, 0.014563106796116505, 0.014563106796116505, 0.012621359223300972],
[22, 0.661874906, 29236.59550918628, 0.021844660194174758, 0.016019417475728156, 0.013106796116504855],
[23, 0.691686607, 29234.096838948455, 0.021844660194174758, 0.014563106796116505, 0.014805825242718446],
[24, 0.722053006, 29231.22034825621, 0.021844660194174758, 0.01407766990291262, 0.01407766990291262],
[25, 0.749813406, 29229.35131027867, 0.019417475728155338, 0.015533980582524273, 0.01407766990291262],
[26, 0.783475506, 29227.495122159886, 0.021844660194174758, 0.016019417475728156, 0.014563106796116505],
[27, 0.812243206, 29225.097081397642, 0.021844660194174758, 0.015048543689320388, 0.015533980582524273],
[28, 0.839860705, 29224.176683043203, 0.024271844660194174, 0.016019417475728156, 0.015776699029126214],
[29, 0.869934305, 29221.501472115728, 0.021844660194174758, 0.016019417475728156, 0.015776699029126214],
[30, 0.897295005, 29220.606906062585, 0.024271844660194174, 0.01699029126213592, 0.015048543689320388],
[31, 0.927481905, 29218.62925851877, 0.024271844660194174, 0.01796116504854369, 0.015291262135922329],
[32, 0.955210506, 29217.116417905807, 0.024271844660194174, 0.017475728155339806, 0.015776699029126214],
[33, 0.983566806, 29215.56168299531, 0.024271844660194174, 0.018446601941747572, 0.015291262135922329],
[34, 1.016984607, 29214.334582692863, 0.02669902912621359, 0.018446601941747572, 0.015291262135922329],
[35, 1.0516731069999998, 29213.01236890674, 0.02912621359223301, 0.01699029126213592, 0.016262135922330098],
[36, 1.0837026069999998, 29211.981142858345, 0.03155339805825243, 0.01699029126213592, 0.016747572815533983],
[37, 1.1127719079999998, 29211.201604404345, 0.03155339805825243, 0.01796116504854369, 0.01699029126213592],
[38, 1.1472420069999998, 29209.616718895642, 0.03155339805825243, 0.01796116504854369, 0.01699029126213592],
[39, 1.181113607, 29208.840032261538, 0.03155339805825243, 0.018446601941747572, 0.017233009708737864],
[40, 1.213893207, 29208.622920182093, 0.03155339805825243, 0.018446601941747572, 0.01699029126213592],
[41, 1.244470406, 29207.39985384692, 0.03155339805825243, 0.018932038834951457, 0.017475728155339806],
[42, 1.279438005, 29206.702043646274, 0.03155339805825243, 0.018446601941747572, 0.01771844660194175],
[43, 1.314909704, 29206.647740640896, 0.02912621359223301, 0.018446601941747572, 0.01796116504854369],
[44, 1.348555904, 29205.666545629912, 0.03398058252427184, 0.018446601941747572, 0.01796116504854369],
[45, 1.3792204049999999, 29205.311707347613, 0.03398058252427184, 0.019417475728155338, 0.018446601941747572],
[46, 1.4105902039999998, 29204.047374531954, 0.038834951456310676, 0.019902912621359223, 0.01820388349514563],
[47, 1.4431262039999997, 29203.86490886221, 0.038834951456310676, 0.019902912621359223, 0.017233009708737864],
[48, 1.4708938039999997, 29202.949972603423, 0.038834951456310676, 0.019417475728155338, 0.017475728155339806],
[49, 1.5017218049999996, 29202.71388054176, 0.038834951456310676, 0.019417475728155338, 0.01771844660194175],
[50, 1.5337911049999997, 29202.40985742075, 0.038834951456310676, 0.018932038834951457, 0.01796116504854369],
[51, 1.5690937059999996, 29202.092091055598, 0.038834951456310676, 0.018932038834951457, 0.017475728155339806],
[52, 1.5980283049999997, 29201.822348480975, 0.038834951456310676, 0.018932038834951457, 0.017475728155339806],
[53, 1.6293327039999996, 29201.446218629793, 0.038834951456310676, 0.019417475728155338, 0.017233009708737864],
[54, 1.6561493039999997, 29200.849057679563, 0.038834951456310676, 0.019902912621359223, 0.01771844660194175],
[55, 1.6859241039999997, 29200.66923619967, 0.038834951456310676, 0.02087378640776699, 0.01820388349514563],
[56, 1.7149985029999997, 29200.106699001342, 0.0412621359223301, 0.019902912621359223, 0.017233009708737864],
[57, 1.7418240039999997, 29199.53347855393, 0.0412621359223301, 0.020388349514563107, 0.017475728155339806],
[58, 1.7702492039999997, 29200.228939348362, 0.0412621359223301, 0.020388349514563107, 0.01699029126213592],
[59, 1.8015725029999998, 29199.498098662676, 0.0412621359223301, 0.019902912621359223, 0.01699029126213592],
[60, 1.829420503, 29199.03514869623, 0.0412621359223301, 0.019902912621359223, 0.017233009708737864],
[61, 1.859131903, 29198.383784178754, 0.0412621359223301, 0.02087378640776699, 0.01699029126213592],
[62, 1.888215003, 29198.351712464573, 0.0412621359223301, 0.020388349514563107, 0.01699029126213592],
[63, 1.915338603, 29198.823221265167, 0.0412621359223301, 0.02087378640776699, 0.017233009708737864],
[64, 1.948168404, 29198.428219441997, 0.0412621359223301, 0.02087378640776699, 0.017233009708737864],
[65, 1.973771003, 29197.89663778165, 0.0412621359223301, 0.02087378640776699, 0.017233009708737864],
[66, 2.002654703, 29197.903765017534, 0.0412621359223301, 0.02087378640776699, 0.017233009708737864],
[67, 2.029448103, 29197.41100512379, 0.0412621359223301, 0.02087378640776699, 0.017475728155339806],
[68, 2.062602702, 29197.45479434345, 0.0412621359223301, 0.020388349514563107, 0.017475728155339806],
[69, 2.091344003, 29197.20747392123, 0.0412621359223301, 0.020388349514563107, 0.017475728155339806],
[70, 2.1173533030000002, 29196.962444382985, 0.0412621359223301, 0.020388349514563107, 0.01771844660194175],
[71, 2.148251703, 29197.135592317714, 0.0412621359223301, 0.020388349514563107, 0.017475728155339806],
[72, 2.182696104, 29196.976194022427, 0.0412621359223301, 0.020388349514563107, 0.01771844660194175],
[73, 2.215166904, 29197.35285878743, 0.0412621359223301, 0.020388349514563107, 0.01771844660194175],
[74, 2.2440333040000002, 29196.86859220036, 0.0412621359223301, 0.020388349514563107, 0.01771844660194175],
[75, 2.2724905050000004, 29196.54581515916, 0.0412621359223301, 0.020388349514563107, 0.01796116504854369],
[76, 2.2999499040000004, 29196.827828196867, 0.0412621359223301, 0.020388349514563107, 0.01796116504854369],
[77, 2.3280646050000002, 29196.724474388364, 0.0412621359223301, 0.020388349514563107, 0.01771844660194175],
[78, 2.3559508040000003, 29196.15115635188, 0.0412621359223301, 0.019902912621359223, 0.01771844660194175],
[79, 2.3865031040000004, 29196.733991009474, 0.0412621359223301, 0.019902912621359223, 0.01820388349514563],
[80, 2.4119621040000006, 29196.42725519569, 0.0412621359223301, 0.019902912621359223, 0.01820388349514563],
[81, 2.4377562050000003, 29196.244089136544, 0.0412621359223301, 0.019902912621359223, 0.01820388349514563],
[82, 2.4664161060000005, 29195.87574084714, 0.0412621359223301, 0.019902912621359223, 0.01820388349514563],
[83, 2.4968888070000004, 29195.876999098775, 0.0412621359223301, 0.019902912621359223, 0.01820388349514563],
[84, 2.5247688070000005, 29195.86765440212, 0.0412621359223301, 0.019902912621359223, 0.01820388349514563],
[85, 2.5510863060000006, 29195.83666382752, 0.0412621359223301, 0.019902912621359223, 0.01820388349514563],
[86, 2.5801595070000007, 29195.58161677191, 0.0412621359223301, 0.019902912621359223, 0.01820388349514563],
[87, 2.6164087070000006, 29195.740281869763, 0.0412621359223301, 0.019902912621359223, 0.01820388349514563],
[88, 2.6448581080000007, 29195.55075926676, 0.0412621359223301, 0.019902912621359223, 0.01796116504854369],
[89, 2.6733685080000007, 29195.75266630818, 0.0412621359223301, 0.019902912621359223, 0.01796116504854369],
[90, 2.7062736080000005, 29195.66804155296, 0.0412621359223301, 0.019902912621359223, 0.01820388349514563],
[91, 2.7390226080000004, 29195.562754472663, 0.0412621359223301, 0.019902912621359223, 0.01820388349514563],
[92, 2.7726134080000002, 29195.58126494491, 0.0412621359223301, 0.019902912621359223, 0.01820388349514563],
[93, 2.8019959070000002, 29195.56613095422, 0.0412621359223301, 0.019902912621359223, 0.01796116504854369],
[94, 2.833173507, 29195.851801455603, 0.0412621359223301, 0.019902912621359223, 0.01820388349514563],
[95, 2.860813808, 29195.195541410856, 0.0412621359223301, 0.019902912621359223, 0.01820388349514563],
[96, 2.889308708, 29195.478552328495, 0.0412621359223301, 0.019902912621359223, 0.01820388349514563],
[97, 2.9227273080000002, 29195.364021721467, 0.0412621359223301, 0.019902912621359223, 0.01820388349514563],
[98, 2.9520690070000004, 29195.762697681042, 0.0412621359223301, 0.019902912621359223, 0.01796116504854369],
[99, 2.9783006070000004, 29195.304891986547, 0.0412621359223301, 0.019902912621359223, 0.01796116504854369],
[100, 3.0112015080000005, 29195.41546866248, 0.0412621359223301, 0.019902912621359223, 0.01820388349514563],
[101, 3.0416553080000006, 29195.30377473659, 0.0412621359223301, 0.019902912621359223, 0.01820388349514563],
[102, 3.068147807000001, 29195.47946318542, 0.0412621359223301, 0.019902912621359223, 0.01820388349514563],
[103, 3.097115907000001, 29194.778735288528, 0.0412621359223301, 0.019902912621359223, 0.01820388349514563],
[104, 3.127708207000001, 29194.944169772065, 0.0412621359223301, 0.019902912621359223, 0.01820388349514563],
[105, 3.158504207000001, 29194.897390921662, 0.0412621359223301, 0.019902912621359223, 0.01820388349514563],
[106, 3.185245508000001, 29195.300777098077, 0.0412621359223301, 0.019902912621359223, 0.01820388349514563],
[107, 3.2139310080000008, 29195.046615733292, 0.0412621359223301, 0.019902912621359223, 0.01820388349514563],
[108, 3.244113407000001, 29195.543154058178, 0.0412621359223301, 0.019902912621359223, 0.01820388349514563],
[109, 3.2734782080000007, 29195.15778723417, 0.0412621359223301, 0.019902912621359223, 0.01820388349514563],
[110, 3.3058069080000005, 29194.978044783293, 0.0412621359223301, 0.019902912621359223, 0.01820388349514563],
[111, 3.3420380070000006, 29194.703880620662, 0.0412621359223301, 0.019902912621359223, 0.018446601941747572],
[112, 3.3693805070000007, 29194.65865995848, 0.0412621359223301, 0.019902912621359223, 0.018446601941747572],
[113, 3.4045008080000008, 29194.696025623278, 0.0412621359223301, 0.019902912621359223, 0.018446601941747572],
[114, 3.435050909000001, 29195.25451403421, 0.0412621359223301, 0.019902912621359223, 0.018446601941747572],
[115, 3.464747508000001, 29195.216479151233, 0.0412621359223301, 0.019902912621359223, 0.018446601941747572],
[116, 3.4924609080000013, 29194.60364410548, 0.0412621359223301, 0.019902912621359223, 0.018446601941747572],
[117, 3.5215451070000015, 29195.339978631033, 0.0412621359223301, 0.019902912621359223, 0.01820388349514563],
[118, 3.5472203060000016, 29195.504098706195, 0.0412621359223301, 0.019902912621359223, 0.018446601941747572],
[119, 3.5782530060000015, 29194.645060966865, 0.0412621359223301, 0.019902912621359223, 0.01820388349514563],
[120, 3.6079255060000017, 29194.85809451001, 0.0412621359223301, 0.019902912621359223, 0.01820388349514563],
[121, 3.641008406000002, 29194.692404512156, 0.0412621359223301, 0.019902912621359223, 0.01820388349514563],
