rank: 30, ratio of 0 vs 1: 3, lambda:6, learning_rate: 0.25
iter time objective_function precision@K = 1, 5, 10
[0,29998.27345456926, 0.009708737864077669 0.004368932038834952 0.0036407766990291263],
[1, 0.025765701, 29654.490828002632, 0.0048543689320388345, 0.0048543689320388345, 0.0048543689320388345],
[2, 0.052596501, 29551.682317912524, 0.0048543689320388345, 0.005339805825242719, 0.004126213592233009],
[3, 0.079600401, 29465.470045218422, 0.009708737864077669, 0.005339805825242719, 0.00558252427184466],
[4, 0.107240801, 29392.573811301892, 0.009708737864077669, 0.006796116504854369, 0.00558252427184466],
[5, 0.145160201, 29330.628946585755, 0.0024271844660194173, 0.0033980582524271844, 0.0038834951456310682],
[6, 0.170129501, 29277.988885229937, 0.0024271844660194173, 0.004368932038834952, 0.0038834951456310682],
[7, 0.196259402, 29233.877699543456, 0.0048543689320388345, 0.0048543689320388345, 0.0038834951456310682],
[8, 0.222300503, 29207.842466268616, 0.007281553398058253, 0.005339805825242719, 0.004611650485436893],
[9, 0.248146802, 29194.759907811833, 0.0048543689320388345, 0.006310679611650486, 0.0048543689320388345],
[10, 0.275226702, 29187.489506074467, 0.0024271844660194173, 0.002912621359223301, 0.00558252427184466],
[11, 0.302154602, 29186.25790303161, 0.009708737864077669, 0.005825242718446602, 0.004611650485436893],
[12, 0.330518602, 29183.887108665942, 0.0, 0.002912621359223301, 0.0036407766990291263],
[13, 0.357182903, 29183.418286977972, 0.0048543689320388345, 0.007281553398058253, 0.006553398058252427],
[14, 0.383681503, 29181.340261125344, 0.007281553398058253, 0.006796116504854369, 0.005825242718446602],
[15, 0.411756103, 29180.990418270725, 0.0, 0.0033980582524271844, 0.0048543689320388345],
[16, 0.439043504, 29179.515587253816, 0.0048543689320388345, 0.006310679611650486, 0.004611650485436893],
[17, 0.46673690399999995, 29179.42905400315, 0.0048543689320388345, 0.005825242718446602, 0.005825242718446602],
[18, 0.49261100499999994, 29178.266856745748, 0.0024271844660194173, 0.005339805825242719, 0.005339805825242719],
[19, 0.5197285049999999, 29177.962234203205, 0.007281553398058253, 0.006310679611650486, 0.005339805825242719],
[20, 0.5457290049999999, 29177.28800675946, 0.007281553398058253, 0.006310679611650486, 0.006310679611650486],
[21, 0.5727261059999998, 29177.15122100653, 0.014563106796116505, 0.005825242718446602, 0.006310679611650486],
[22, 0.5994484069999998, 29176.626028875693, 0.0048543689320388345, 0.002912621359223301, 0.0024271844660194173],
[23, 0.6259449059999997, 29176.38681676877, 0.009708737864077669, 0.005339805825242719, 0.00558252427184466],
[24, 0.6548463049999997, 29176.12692466937, 0.009708737864077669, 0.006796116504854369, 0.00558252427184466],
[25, 0.6807834049999998, 29175.99798006277, 0.0048543689320388345, 0.0048543689320388345, 0.006067961165048544],
[26, 0.7079434049999997, 29175.730002549742, 0.007281553398058253, 0.006796116504854369, 0.004368932038834952],
[27, 0.7340891059999998, 29175.609178600924, 0.012135922330097087, 0.0077669902912621365, 0.006310679611650486],
[28, 0.7609264069999998, 29175.43991225462, 0.009708737864077669, 0.006796116504854369, 0.004126213592233009],
[29, 0.7869078079999998, 29175.402240276235, 0.007281553398058253, 0.0033980582524271844, 0.004611650485436893],
[30, 0.8128533079999998, 29175.262036889402, 0.0048543689320388345, 0.005825242718446602, 0.00558252427184466],
[31, 0.8396598089999998, 29175.18439575437, 0.0048543689320388345, 0.005825242718446602, 0.005339805825242719],
[32, 0.8653746089999999, 29175.12174647135, 0.009708737864077669, 0.0077669902912621365, 0.006310679611650486],
[33, 0.8906950089999999, 29175.083790074852, 0.0048543689320388345, 0.006310679611650486, 0.008009708737864078],
[34, 0.9171545089999998, 29175.008495742248, 0.0024271844660194173, 0.007281553398058253, 0.006553398058252427],
[35, 0.9433212089999998, 29174.982596406513, 0.0048543689320388345, 0.0077669902912621365, 0.006067961165048544],
[36, 0.9691616099999998, 29174.936631552275, 0.009708737864077669, 0.005825242718446602, 0.006310679611650486],
[37, 0.9950710099999998, 29174.922569702023, 0.007281553398058253, 0.0077669902912621365, 0.006310679611650486],
[38, 1.0252562089999997, 29174.88056757736, 0.007281553398058253, 0.004368932038834952, 0.005825242718446602],
[39, 1.0505547089999996, 29174.86731074264, 0.007281553398058253, 0.005825242718446602, 0.005825242718446602],
[40, 1.0782282089999995, 29174.842949301783, 0.0024271844660194173, 0.002912621359223301, 0.0036407766990291263],
[41, 1.1034728089999994, 29174.8369685462, 0.007281553398058253, 0.006796116504854369, 0.006067961165048544],
[42, 1.1368356089999994, 29174.81626604935, 0.0048543689320388345, 0.005825242718446602, 0.005097087378640777],
[43, 1.1622677089999993, 29174.806668391455, 0.009708737864077669, 0.0077669902912621365, 0.006796116504854369],
[44, 1.1895209099999993, 29174.795176751653, 0.007281553398058253, 0.0038834951456310682, 0.004611650485436893],
[45, 1.2166619099999993, 29174.792130700942, 0.0048543689320388345, 0.006310679611650486, 0.004611650485436893],
[46, 1.2436763099999995, 29174.779115128287, 0.007281553398058253, 0.006796116504854369, 0.00558252427184466],
[47, 1.2730557099999995, 29174.77739108272, 0.009708737864077669, 0.007281553398058253, 0.00558252427184466],
[48, 1.3015033109999996, 29174.769373692998, 0.0048543689320388345, 0.006310679611650486, 0.0048543689320388345],
[49, 1.3274974099999997, 29174.768861064153, 0.009708737864077669, 0.008252427184466019, 0.005825242718446602],
[50, 1.3544932099999996, 29174.762150731076, 0.009708737864077669, 0.0038834951456310682, 0.005097087378640777],
[51, 1.3806981099999995, 29174.76020303169, 0.007281553398058253, 0.005825242718446602, 0.004611650485436893],
[52, 1.4074187099999995, 29174.756564926425, 0.009708737864077669, 0.007281553398058253, 0.00558252427184466],
[53, 1.4384168109999995, 29174.756138953275, 0.012135922330097087, 0.007281553398058253, 0.00703883495145631],
[54, 1.4656839109999995, 29174.752608411156, 0.009708737864077669, 0.006310679611650486, 0.006796116504854369],
[55, 1.4923079119999996, 29174.751857512805, 0.01699029126213592, 0.008252427184466019, 0.006067961165048544],
[56, 1.5192276129999995, 29174.749839305212, 0.007281553398058253, 0.006796116504854369, 0.00703883495145631],
[57, 1.5457541129999994, 29174.749648353525, 0.014563106796116505, 0.009223300970873786, 0.00849514563106796],
[58, 1.5732552129999995, 29174.747701875523, 0.014563106796116505, 0.006796116504854369, 0.006067961165048544],
[59, 1.6043563129999996, 29174.74742827204, 0.019417475728155338, 0.009708737864077669, 0.00849514563106796],
[60, 1.6349340129999996, 29174.74627484912, 0.007281553398058253, 0.006796116504854369, 0.006310679611650486],
[61, 1.6604498139999997, 29174.746183295803, 0.0048543689320388345, 0.008252427184466019, 0.006310679611650486],
[62, 1.6868562149999997, 29174.74526357721, 0.012135922330097087, 0.0077669902912621365, 0.006553398058252427],
[63, 1.7124718149999998, 29174.74495860346, 0.007281553398058253, 0.006310679611650486, 0.005825242718446602],
[64, 1.7381796149999997, 29174.744473997245, 0.014563106796116505, 0.006796116504854369, 0.005339805825242719],
[65, 1.7657829149999997, 29174.744425224184, 0.0048543689320388345, 0.0019417475728155341, 0.0033980582524271844],
[66, 1.7921701149999998, 29174.743885160806, 0.019417475728155338, 0.007281553398058253, 0.006067961165048544],
[67, 1.8172496159999998, 29174.743799599913, 0.0, 0.004368932038834952, 0.0048543689320388345],
[68, 1.8438487159999999, 29174.743495208528, 0.009708737864077669, 0.006796116504854369, 0.005825242718446602],
[69, 1.870154417, 29174.743472208986, 0.0048543689320388345, 0.005825242718446602, 0.005097087378640777],
[70, 1.895921316, 29174.74321276559, 0.012135922330097087, 0.008737864077669903, 0.008252427184466019],
[71, 1.922332615, 29174.74315040841, 0.0048543689320388345, 0.006310679611650486, 0.005825242718446602],
[72, 1.948302816, 29174.743002368876, 0.0048543689320388345, 0.004368932038834952, 0.0048543689320388345],
[73, 1.976188816, 29174.74299040118, 0.0024271844660194173, 0.006796116504854369, 0.005825242718446602],
[74, 2.002796316, 29174.7428468506, 0.007281553398058253, 0.005339805825242719, 0.005097087378640777],
[75, 2.027802716, 29174.742817012906, 0.0048543689320388345, 0.004368932038834952, 0.004126213592233009],
[76, 2.052310916, 29174.742739719153, 0.009708737864077669, 0.006310679611650486, 0.006553398058252427],
[77, 2.078930315, 29174.742731644266, 0.009708737864077669, 0.006796116504854369, 0.005825242718446602],
[78, 2.106684415, 29174.742659681462, 0.009708737864077669, 0.005339805825242719, 0.004126213592233009],
[79, 2.1334103150000003, 29174.74264635481, 0.0048543689320388345, 0.0048543689320388345, 0.005825242718446602],
[80, 2.161075615, 29174.74260219196, 0.0024271844660194173, 0.005339805825242719, 0.0048543689320388345],
[81, 2.187246914, 29174.742599863464, 0.0048543689320388345, 0.0048543689320388345, 0.0048543689320388345],
[82, 2.212725514, 29174.742561975447, 0.0, 0.0038834951456310682, 0.0033980582524271844],
[83, 2.238727414, 29174.74255232391, 0.0024271844660194173, 0.002912621359223301, 0.0033980582524271844],
[84, 2.263968814, 29174.742533590692, 0.012135922330097087, 0.008252427184466019, 0.007524271844660194],
[85, 2.289043115, 29174.742530369098, 0.009708737864077669, 0.010194174757281554, 0.007524271844660194],
[86, 2.315196815, 29174.742510097552, 0.007281553398058253, 0.005339805825242719, 0.005825242718446602],
[87, 2.340006615, 29174.742506545208, 0.007281553398058253, 0.006310679611650486, 0.005825242718446602],
[88, 2.367790616, 29174.74249448579, 0.012135922330097087, 0.006310679611650486, 0.004368932038834952],
[89, 2.3933983160000003, 29174.7424939996, 0.009708737864077669, 0.006310679611650486, 0.006796116504854369],
[90, 2.4183625170000003, 29174.742483941158, 0.009708737864077669, 0.004368932038834952, 0.005339805825242719],
[91, 2.4443967160000004, 29174.742481254358, 0.007281553398058253, 0.0048543689320388345, 0.005825242718446602],
[92, 2.4716320150000004, 29174.74247578891, 0.012135922330097087, 0.005339805825242719, 0.006067961165048544],
[93, 2.4970767150000004, 29174.74247525234, 0.0, 0.005339805825242719, 0.0048543689320388345],
[94, 2.5231303150000004, 29174.742469604735, 0.0024271844660194173, 0.002912621359223301, 0.0033980582524271844],
[95, 2.5487046150000006, 29174.74246856576, 0.009708737864077669, 0.0048543689320388345, 0.0048543689320388345],
[96, 2.5742670150000007, 29174.7424655422, 0.012135922330097087, 0.007281553398058253, 0.004611650485436893],
[97, 2.600684415000001, 29174.742465266605, 0.0, 0.0033980582524271844, 0.005097087378640777],
[98, 2.627320615000001, 29174.742462397087, 0.0, 0.0038834951456310682, 0.004126213592233009],
[99, 2.6538815160000007, 29174.742461783717, 0.0024271844660194173, 0.0024271844660194173, 0.0036407766990291263],
[100, 2.6791754150000004, 29174.74246024564, 0.0048543689320388345, 0.0033980582524271844, 0.005097087378640777],
[101, 2.7037223150000003, 29174.7424600826, 0.012135922330097087, 0.0038834951456310682, 0.004126213592233009],
[102, 2.730330614, 29174.742458634308, 0.0024271844660194173, 0.0048543689320388345, 0.004126213592233009],
[103, 2.7560349140000002, 29174.74245831431, 0.01699029126213592, 0.01116504854368932, 0.008009708737864078],
[104, 2.781262213, 29174.742457454257, 0.007281553398058253, 0.004368932038834952, 0.0038834951456310682],
[105, 2.808528812, 29174.742457421715, 0.0024271844660194173, 0.006796116504854369, 0.005097087378640777],
[106, 2.835232213, 29174.742456626936, 0.0, 0.0048543689320388345, 0.005339805825242719],
[107, 2.861278714, 29174.742456451473, 0.009708737864077669, 0.0048543689320388345, 0.004126213592233009],
[108, 2.888567713, 29174.74245603957, 0.007281553398058253, 0.0038834951456310682, 0.0048543689320388345],
[109, 2.916877412, 29174.742455996817, 0.012135922330097087, 0.0077669902912621365, 0.006553398058252427],
[110, 2.942047213, 29174.74245559697, 0.0, 0.0014563106796116505, 0.0033980582524271844],
[111, 2.971231313, 29174.74245550655, 0.009708737864077669, 0.0077669902912621365, 0.00558252427184466],
[112, 2.996579413, 29174.742455281386, 0.0024271844660194173, 0.006310679611650486, 0.005339805825242719],
[113, 3.022177314, 29174.74245525736, 0.0048543689320388345, 0.005339805825242719, 0.005339805825242719],
[114, 3.049749714, 29174.74245505471, 0.007281553398058253, 0.005339805825242719, 0.0038834951456310682],
[115, 3.075972914, 29174.74245500755, 0.0048543689320388345, 0.0077669902912621365, 0.006553398058252427],
[116, 3.1014614149999997, 29174.742454887935, 0.0024271844660194173, 0.0048543689320388345, 0.006310679611650486],
[117, 3.1277515159999996, 29174.742454884192, 0.007281553398058253, 0.0048543689320388345, 0.004126213592233009],
[118, 3.1540383159999994, 29174.74245476901, 0.009708737864077669, 0.007281553398058253, 0.006310679611650486],
[119, 3.179522414999999, 29174.742454742754, 0.0024271844660194173, 0.005339805825242719, 0.004368932038834952],
[120, 3.204214215999999, 29174.74245468656, 0.0024271844660194173, 0.0038834951456310682, 0.004368932038834952],
[121, 3.230057215999999, 29174.742454677315, 0.009708737864077669, 0.006796116504854369, 0.005339805825242719],
