rank: 30, ratio of 0 vs 1: 3, lambda:11, learning_rate: 0.25
iter time objective_function precision@K = 1, 5, 10
[0,30684.39307442162, 0.009708737864077669 0.004368932038834952 0.0036407766990291263],
[1, 0.0255624, 30201.489491396227, 0.007281553398058253, 0.0019417475728155341, 0.0024271844660194173],
[2, 0.052817198999999995, 29620.478762979157, 0.007281553398058253, 0.006310679611650486, 0.004126213592233009],
[3, 0.079204099, 29289.189808692612, 0.0048543689320388345, 0.004368932038834952, 0.004368932038834952],
[4, 0.106443499, 29272.652383919063, 0.009708737864077669, 0.005825242718446602, 0.004126213592233009],
[5, 0.132827199, 29248.067452978892, 0.0024271844660194173, 0.002912621359223301, 0.0024271844660194173],
[6, 0.158795499, 29240.319179234266, 0.0, 0.0024271844660194173, 0.0024271844660194173],
[7, 0.185177598, 29221.47438339016, 0.0, 0.002912621359223301, 0.003155339805825243],
[8, 0.210425297, 29216.876846339746, 0.0, 0.0019417475728155341, 0.0012135922330097086],
[9, 0.235414797, 29205.680828403063, 0.0024271844660194173, 0.0033980582524271844, 0.003155339805825243],
[10, 0.261390097, 29202.727376869985, 0.0048543689320388345, 0.004368932038834952, 0.005097087378640777],
[11, 0.287305797, 29193.39678836164, 0.007281553398058253, 0.004368932038834952, 0.0038834951456310682],
[12, 0.312389598, 29192.363054786045, 0.0048543689320388345, 0.002912621359223301, 0.0048543689320388345],
[13, 0.337905199, 29187.46910413061, 0.0, 0.0009708737864077671, 0.0024271844660194173],
[14, 0.362315699, 29186.30246213832, 0.0024271844660194173, 0.006796116504854369, 0.006310679611650486],
[15, 0.387409898, 29182.729743789434, 0.0048543689320388345, 0.005339805825242719, 0.004126213592233009],
[16, 0.41441439799999996, 29181.963299885734, 0.0, 0.0048543689320388345, 0.0048543689320388345],
[17, 0.44042059699999997, 29179.99660060851, 0.0048543689320388345, 0.002912621359223301, 0.0033980582524271844],
[18, 0.46587409799999996, 29179.333486041192, 0.0024271844660194173, 0.005825242718446602, 0.0033980582524271844],
[19, 0.492994699, 29178.05984255432, 0.0048543689320388345, 0.006796116504854369, 0.006553398058252427],
[20, 0.518610299, 29177.754948529746, 0.007281553398058253, 0.005339805825242719, 0.0038834951456310682],
[21, 0.545246498, 29176.831051742975, 0.009708737864077669, 0.005339805825242719, 0.006310679611650486],
[22, 0.570597797, 29176.620459527792, 0.009708737864077669, 0.0077669902912621365, 0.00558252427184466],
[23, 0.596470397, 29176.103704576886, 0.009708737864077669, 0.0038834951456310682, 0.005339805825242719],
[24, 0.6250921970000001, 29175.994614784428, 0.0024271844660194173, 0.0038834951456310682, 0.0033980582524271844],
[25, 0.6506537960000001, 29175.599557962625, 0.0, 0.006310679611650486, 0.005097087378640777],
[26, 0.676433495, 29175.463481416235, 0.007281553398058253, 0.0077669902912621365, 0.006310679611650486],
[27, 0.7049072940000001, 29175.30734963171, 0.009708737864077669, 0.006310679611650486, 0.005097087378640777],
[28, 0.7312133930000001, 29175.23646673397, 0.007281553398058253, 0.007281553398058253, 0.004611650485436893],
[29, 0.7574070930000001, 29175.08596433553, 0.0048543689320388345, 0.005825242718446602, 0.005339805825242719],
[30, 0.7831381930000001, 29175.043766062576, 0.012135922330097087, 0.006310679611650486, 0.005825242718446602],
[31, 0.8173704920000001, 29174.958938534386, 0.0, 0.0024271844660194173, 0.002912621359223301],
[32, 0.8427700920000001, 29174.941257554907, 0.012135922330097087, 0.006796116504854369, 0.00558252427184466],
[33, 0.8738501920000001, 29174.875222233157, 0.0024271844660194173, 0.007281553398058253, 0.005339805825242719],
[34, 0.8997802920000001, 29174.85555342251, 0.009708737864077669, 0.006310679611650486, 0.005339805825242719],
[35, 0.9268521920000001, 29174.823900330306, 0.0048543689320388345, 0.006310679611650486, 0.004611650485436893],
[36, 0.9534589920000002, 29174.814807307448, 0.0024271844660194173, 0.004368932038834952, 0.00558252427184466],
[37, 0.9804251920000002, 29174.788374172225, 0.0, 0.005339805825242719, 0.005825242718446602],
[38, 1.0067816920000001, 29174.782406820454, 0.0048543689320388345, 0.002912621359223301, 0.004611650485436893],
[39, 1.033205592, 29174.769562256253, 0.009708737864077669, 0.0077669902912621365, 0.005339805825242719],
[40, 1.0589301930000001, 29174.76392420451, 0.0, 0.004368932038834952, 0.0036407766990291263],
[41, 1.0862001920000002, 29174.753569725915, 0.007281553398058253, 0.0048543689320388345, 0.004368932038834952],
[42, 1.1121334920000001, 29174.750530568155, 0.0048543689320388345, 0.007281553398058253, 0.006067961165048544],
[43, 1.138981993, 29174.74535361348, 0.0024271844660194173, 0.007281553398058253, 0.006310679611650486],
[44, 1.164588393, 29174.743583726126, 0.0024271844660194173, 0.007281553398058253, 0.005097087378640777],
[45, 1.191085194, 29174.739244360437, 0.0, 0.0038834951456310682, 0.006310679611650486],
[46, 1.218785493, 29174.73828469494, 0.0024271844660194173, 0.0038834951456310682, 0.004368932038834952],
[47, 1.243948393, 29174.73577187273, 0.0, 0.002912621359223301, 0.003155339805825243],
[48, 1.2692784929999998, 29174.735270571455, 0.0, 0.004368932038834952, 0.0036407766990291263],
[49, 1.2959101929999999, 29174.733526635115, 0.0, 0.002912621359223301, 0.003155339805825243],
[50, 1.3220452939999998, 29174.732701600467, 0.007281553398058253, 0.005825242718446602, 0.006310679611650486],
[51, 1.3481544939999999, 29174.73204373722, 0.0048543689320388345, 0.0033980582524271844, 0.0036407766990291263],
[52, 1.3727791939999998, 29174.731721025793, 0.0, 0.0024271844660194173, 0.003155339805825243],
[53, 1.3985183939999999, 29174.730960252604, 0.0048543689320388345, 0.0033980582524271844, 0.0036407766990291263],
[54, 1.423971494, 29174.73080249356, 0.007281553398058253, 0.002912621359223301, 0.0026699029126213596],
[55, 1.4495230929999998, 29174.73038665125, 0.0048543689320388345, 0.0048543689320388345, 0.0048543689320388345],
[56, 1.4766520939999999, 29174.73028385279, 0.0024271844660194173, 0.010679611650485438, 0.006067961165048544],
[57, 1.5015977939999998, 29174.73002992941, 0.0048543689320388345, 0.006310679611650486, 0.005825242718446602],
[58, 1.5262840939999998, 29174.729914702522, 0.0024271844660194173, 0.0048543689320388345, 0.0038834951456310682],
[59, 1.5515084939999997, 29174.729746137386, 0.0024271844660194173, 0.0038834951456310682, 0.0033980582524271844],
[60, 1.5762545929999996, 29174.72969912572, 0.0024271844660194173, 0.0038834951456310682, 0.0048543689320388345],
[61, 1.6013852929999997, 29174.729593888555, 0.0048543689320388345, 0.004368932038834952, 0.004368932038834952],
[62, 1.6271110919999996, 29174.729568607214, 0.0024271844660194173, 0.002912621359223301, 0.003155339805825243],
[63, 1.6524326919999996, 29174.729485504788, 0.0048543689320388345, 0.0033980582524271844, 0.004611650485436893],
[64, 1.6783746919999996, 29174.72946436968, 0.0048543689320388345, 0.0077669902912621365, 0.006310679611650486],
[65, 1.7029835929999995, 29174.729430355565, 0.0048543689320388345, 0.004368932038834952, 0.0048543689320388345],
[66, 1.7286148929999994, 29174.729414611415, 0.0024271844660194173, 0.0033980582524271844, 0.002912621359223301],
[67, 1.7545062929999993, 29174.7293827254, 0.007281553398058253, 0.006310679611650486, 0.0048543689320388345],
[68, 1.7792960919999992, 29174.729370402627, 0.0048543689320388345, 0.004368932038834952, 0.004368932038834952],
[69, 1.8052784929999992, 29174.72935658897, 0.0024271844660194173, 0.004368932038834952, 0.0038834951456310682],
[70, 1.8376909929999992, 29174.729352520884, 0.0048543689320388345, 0.0024271844660194173, 0.0033980582524271844],
[71, 1.8631980929999992, 29174.729339066307, 0.014563106796116505, 0.006796116504854369, 0.005339805825242719],
[72, 1.8889609939999992, 29174.729334576637, 0.0, 0.0014563106796116505, 0.002912621359223301],
[73, 1.9148024929999992, 29174.729327384302, 0.0, 0.0019417475728155341, 0.0038834951456310682],
[74, 1.9418186919999991, 29174.72932630266, 0.0024271844660194173, 0.0048543689320388345, 0.005339805825242719],
[75, 1.9665501909999992, 29174.729320683207, 0.0024271844660194173, 0.0048543689320388345, 0.0048543689320388345],
[76, 1.9937483909999991, 29174.72931921112, 0.0048543689320388345, 0.004368932038834952, 0.003155339805825243],
[77, 2.0191386909999993, 29174.729316263452, 0.007281553398058253, 0.005825242718446602, 0.006553398058252427],
[78, 2.0442793919999995, 29174.729315348537, 0.0, 0.004368932038834952, 0.0038834951456310682],
[79, 2.0709733919999995, 29174.729313518776, 0.0024271844660194173, 0.0048543689320388345, 0.0036407766990291263],
[80, 2.0968319909999997, 29174.729312685766, 0.0048543689320388345, 0.004368932038834952, 0.0026699029126213596],
[81, 2.1213866899999996, 29174.729311527044, 0.0, 0.006310679611650486, 0.00558252427184466],
[82, 2.1535635909999997, 29174.729311173538, 0.009708737864077669, 0.005825242718446602, 0.0036407766990291263],
[83, 2.179112992, 29174.72931030134, 0.0048543689320388345, 0.0033980582524271844, 0.004126213592233009],
[84, 2.2053568919999997, 29174.7293101872, 0.009708737864077669, 0.006310679611650486, 0.006310679611650486],
[85, 2.230562793, 29174.72930958304, 0.0048543689320388345, 0.006310679611650486, 0.006796116504854369],
[86, 2.2565730929999996, 29174.729309370952, 0.009708737864077669, 0.005825242718446602, 0.006310679611650486],
[87, 2.282043993, 29174.72930910577, 0.0048543689320388345, 0.004368932038834952, 0.004126213592233009],
[88, 2.307878893, 29174.729309033934, 0.0048543689320388345, 0.006310679611650486, 0.004368932038834952],
[89, 2.3333243919999997, 29174.729308792394, 0.0048543689320388345, 0.0024271844660194173, 0.0024271844660194173],
[90, 2.3589996909999997, 29174.72930871998, 0.014563106796116505, 0.0038834951456310682, 0.004368932038834952],
[91, 2.386029591, 29174.729308587313, 0.0048543689320388345, 0.005339805825242719, 0.0036407766990291263],
[92, 2.4114140909999997, 29174.72930857141, 0.0048543689320388345, 0.004368932038834952, 0.003155339805825243],
[93, 2.4368207899999996, 29174.729308469523, 0.007281553398058253, 0.005339805825242719, 0.004611650485436893],
[94, 2.4628780889999997, 29174.729308427806, 0.009708737864077669, 0.0048543689320388345, 0.004126213592233009],
[95, 2.488559589, 29174.729308387035, 0.0, 0.005339805825242719, 0.004126213592233009],
[96, 2.5142993899999997, 29174.72930836835, 0.0048543689320388345, 0.006310679611650486, 0.00558252427184466],
[97, 2.540302389, 29174.729308332844, 0.0048543689320388345, 0.007281553398058253, 0.00558252427184466],
[98, 2.568322189, 29174.72930832616, 0.0048543689320388345, 0.006796116504854369, 0.005339805825242719],
[99, 2.594168689, 29174.72930829837, 0.009708737864077669, 0.007281553398058253, 0.005825242718446602],
[100, 2.620814889, 29174.729308292437, 0.007281553398058253, 0.006310679611650486, 0.006553398058252427],
[101, 2.64665089, 29174.729308278875, 0.0024271844660194173, 0.0038834951456310682, 0.002912621359223301],
[102, 2.673338991, 29174.729308275364, 0.0048543689320388345, 0.005339805825242719, 0.00558252427184466],
[103, 2.699044791, 29174.72930826605, 0.007281553398058253, 0.0048543689320388345, 0.004368932038834952],
[104, 2.726473591, 29174.72930826093, 0.0024271844660194173, 0.0038834951456310682, 0.0038834951456310682],
[105, 2.752613191, 29174.72930825629, 0.0048543689320388345, 0.006310679611650486, 0.005339805825242719],
[106, 2.783280892, 29174.729308255723, 0.0024271844660194173, 0.0019417475728155341, 0.0024271844660194173],
[107, 2.8107863920000002, 29174.72930825076, 0.007281553398058253, 0.005825242718446602, 0.006067961165048544],
[108, 2.836245592, 29174.729308249254, 0.0024271844660194173, 0.0038834951456310682, 0.0033980582524271844],
[109, 2.862586292, 29174.729308247337, 0.0048543689320388345, 0.0033980582524271844, 0.0033980582524271844],
[110, 2.8886712930000003, 29174.72930824702, 0.012135922330097087, 0.005339805825242719, 0.004126213592233009],
[111, 2.914454193, 29174.729308245052, 0.0048543689320388345, 0.002912621359223301, 0.004611650485436893],
[112, 2.941473493, 29174.729308244416, 0.0, 0.005825242718446602, 0.005339805825242719],
[113, 2.9673858920000002, 29174.729308243604, 0.0024271844660194173, 0.007281553398058253, 0.00558252427184466],
[114, 2.9929409920000003, 29174.7293082433, 0.0024271844660194173, 0.005339805825242719, 0.004611650485436893],
[115, 3.0197417920000005, 29174.729308242655, 0.009708737864077669, 0.006796116504854369, 0.006310679611650486],
[116, 3.0455838930000003, 29174.729308242462, 0.0048543689320388345, 0.0033980582524271844, 0.0038834951456310682],
[117, 3.0725581920000002, 29174.72930824205, 0.0048543689320388345, 0.004368932038834952, 0.004611650485436893],
[118, 3.0980215920000003, 29174.72930824195, 0.0, 0.002912621359223301, 0.004368932038834952],
[119, 3.124589792, 29174.729308241655, 0.009708737864077669, 0.006796116504854369, 0.0048543689320388345],
[120, 3.1507772910000003, 29174.72930824159, 0.0024271844660194173, 0.0048543689320388345, 0.0048543689320388345],
[121, 3.17759859, 29174.72930824143, 0.0048543689320388345, 0.0048543689320388345, 0.0048543689320388345],
