rank: 30, ratio of 0 vs 1: 3, lambda:1, learning_rate: 0.2
iter time objective_function precision@K = 1, 5, 10
[0,29312.1538347169, 0.009708737864077669 0.004368932038834952 0.0036407766990291263],
[1, 0.029559199, 29289.292398070713, 0.007281553398058253, 0.0038834951456310682, 0.0038834951456310682],
[2, 0.0565571, 29273.44801952008, 0.007281553398058253, 0.0048543689320388345, 0.0033980582524271844],
[3, 0.08638219999999999, 29262.54984596838, 0.007281553398058253, 0.005825242718446602, 0.004126213592233009],
[4, 0.11691409999999999, 29255.136425539564, 0.0048543689320388345, 0.005825242718446602, 0.004368932038834952],
[5, 0.1461767, 29246.917761862238, 0.0048543689320388345, 0.006310679611650486, 0.004611650485436893],
[6, 0.174313301, 29242.69626198821, 0.0048543689320388345, 0.005339805825242719, 0.00558252427184466],
[7, 0.206722501, 29237.824019273627, 0.0048543689320388345, 0.005339805825242719, 0.005339805825242719],
[8, 0.23598950200000002, 29234.22269211252, 0.007281553398058253, 0.006310679611650486, 0.005339805825242719],
[9, 0.262183002, 29226.285105706535, 0.009708737864077669, 0.006310679611650486, 0.006310679611650486],
[10, 0.290290101, 29223.441134257784, 0.012135922330097087, 0.007281553398058253, 0.006310679611650486],
[11, 0.32018640000000004, 29222.510478981945, 0.014563106796116505, 0.0077669902912621365, 0.007281553398058253],
[12, 0.35174740000000004, 29220.005126899596, 0.009708737864077669, 0.008252427184466019, 0.0077669902912621365],
[13, 0.38368540000000007, 29215.884126493773, 0.0048543689320388345, 0.009223300970873786, 0.007524271844660194],
[14, 0.41203550000000005, 29214.96128740492, 0.014563106796116505, 0.009223300970873786, 0.008252427184466019],
[15, 0.44648070000000006, 29212.386881244987, 0.021844660194174758, 0.009708737864077669, 0.008737864077669903],
[16, 0.47591020000000006, 29210.516642647442, 0.021844660194174758, 0.009708737864077669, 0.00849514563106796],
[17, 0.5150713, 29208.908673442424, 0.021844660194174758, 0.010194174757281554, 0.008737864077669903],
[18, 0.5437488, 29207.527332025922, 0.021844660194174758, 0.010194174757281554, 0.008980582524271846],
[19, 0.570505801, 29205.94267655116, 0.019417475728155338, 0.010194174757281554, 0.008980582524271846],
[20, 0.6160225, 29204.47131750318, 0.019417475728155338, 0.010194174757281554, 0.008980582524271846],
[21, 0.6568322, 29204.67535883903, 0.019417475728155338, 0.010194174757281554, 0.009466019417475728],
[22, 0.6885551, 29203.749484495078, 0.021844660194174758, 0.010679611650485438, 0.009223300970873786],
[23, 0.721775399, 29202.707254980945, 0.021844660194174758, 0.010679611650485438, 0.009951456310679611],
[24, 0.748160398, 29199.501856951294, 0.021844660194174758, 0.010679611650485438, 0.009708737864077669],
[25, 0.777329598, 29198.887443072188, 0.019417475728155338, 0.010679611650485438, 0.009708737864077669],
[26, 0.804272198, 29199.405635542233, 0.021844660194174758, 0.01116504854368932, 0.009951456310679611],
[27, 0.832565797, 29197.40105747635, 0.024271844660194174, 0.01116504854368932, 0.009951456310679611],
[28, 0.857782598, 29198.275233153105, 0.024271844660194174, 0.01116504854368932, 0.009951456310679611],
[29, 0.885236397, 29196.386168298402, 0.024271844660194174, 0.011650485436893204, 0.009708737864077669],
[30, 0.912769296, 29196.875162570985, 0.024271844660194174, 0.01116504854368932, 0.009708737864077669],
[31, 0.940574596, 29194.180394896328, 0.024271844660194174, 0.01116504854368932, 0.009708737864077669],
[32, 0.9662946960000001, 29193.795471947426, 0.024271844660194174, 0.011650485436893204, 0.009708737864077669],
[33, 0.996418895, 29194.715479348208, 0.024271844660194174, 0.011650485436893204, 0.009466019417475728],
[34, 1.020607895, 29193.004512090396, 0.024271844660194174, 0.01116504854368932, 0.009708737864077669],
[35, 1.0495690949999998, 29193.03185311198, 0.024271844660194174, 0.01116504854368932, 0.009466019417475728],
[36, 1.0776402959999998, 29194.306697944234, 0.024271844660194174, 0.01116504854368932, 0.009708737864077669],
[37, 1.1096636959999997, 29194.604022309144, 0.024271844660194174, 0.01116504854368932, 0.009466019417475728],
[38, 1.1363569949999996, 29190.76188008485, 0.024271844660194174, 0.01116504854368932, 0.009466019417475728],
[39, 1.1680733949999997, 29192.423831229135, 0.024271844660194174, 0.011650485436893204, 0.009466019417475728],
[40, 1.1970692949999997, 29192.40796212121, 0.024271844660194174, 0.011650485436893204, 0.009708737864077669],
[41, 1.2241742959999997, 29193.41116040928, 0.02669902912621359, 0.011650485436893204, 0.009708737864077669],
[42, 1.2518816959999997, 29193.713845241746, 0.02669902912621359, 0.012135922330097087, 0.009708737864077669],
[43, 1.2808968949999997, 29193.52230287642, 0.024271844660194174, 0.01116504854368932, 0.009708737864077669],
[44, 1.3120356939999998, 29193.389814489237, 0.02669902912621359, 0.01116504854368932, 0.009708737864077669],
[45, 1.3412832949999998, 29192.517776230296, 0.02669902912621359, 0.01116504854368932, 0.009466019417475728],
[46, 1.3693703949999998, 29192.50376814133, 0.02669902912621359, 0.01116504854368932, 0.009466019417475728],
[47, 1.3996937949999997, 29192.25614485554, 0.02669902912621359, 0.01116504854368932, 0.009466019417475728],
[48, 1.4336256949999997, 29191.415995665444, 0.02669902912621359, 0.01116504854368932, 0.009708737864077669],
[49, 1.4630770959999997, 29192.55527681338, 0.02669902912621359, 0.01116504854368932, 0.009708737864077669],
[50, 1.4910596959999998, 29193.18794133117, 0.02669902912621359, 0.01116504854368932, 0.009708737864077669],
[51, 1.5180689949999997, 29194.68247521188, 0.02669902912621359, 0.01116504854368932, 0.009708737864077669],
[52, 1.5472515949999996, 29192.752522741263, 0.02669902912621359, 0.01116504854368932, 0.009708737864077669],
[53, 1.5759019949999997, 29193.3815684378, 0.02669902912621359, 0.01116504854368932, 0.009708737864077669],
[54, 1.6033685949999996, 29192.756554479947, 0.02669902912621359, 0.01116504854368932, 0.009708737864077669],
[55, 1.6310783949999996, 29190.51660972152, 0.02669902912621359, 0.01116504854368932, 0.009708737864077669],
[56, 1.6615791949999996, 29192.551768159137, 0.02669902912621359, 0.01116504854368932, 0.009708737864077669],
[57, 1.6946493949999997, 29191.517331905, 0.02669902912621359, 0.01116504854368932, 0.009708737864077669],
[58, 1.7202714949999998, 29193.054170477277, 0.02669902912621359, 0.011650485436893204, 0.009708737864077669],
[59, 1.7462000949999998, 29191.764156830362, 0.02669902912621359, 0.011650485436893204, 0.009708737864077669],
[60, 1.7752222949999998, 29191.40141927147, 0.02669902912621359, 0.01116504854368932, 0.009708737864077669],
[61, 1.8027895939999998, 29192.051732056785, 0.02669902912621359, 0.011650485436893204, 0.009708737864077669],
[62, 1.828122694, 29190.355816421325, 0.02669902912621359, 0.01116504854368932, 0.009708737864077669],
[63, 1.856153894, 29191.638642902628, 0.02669902912621359, 0.01116504854368932, 0.009708737864077669],
[64, 1.8821530929999999, 29192.81353488104, 0.02669902912621359, 0.01116504854368932, 0.009708737864077669],
[65, 1.9212577929999999, 29190.609024307512, 0.02669902912621359, 0.01116504854368932, 0.009708737864077669],
[66, 1.952592793, 29192.30631122959, 0.02669902912621359, 0.011650485436893204, 0.009708737864077669],
[67, 1.979195593, 29191.247832123063, 0.02669902912621359, 0.011650485436893204, 0.009708737864077669],
[68, 2.006273293, 29190.50926927406, 0.02669902912621359, 0.011650485436893204, 0.009708737864077669],
[69, 2.033705492, 29191.49619484416, 0.02669902912621359, 0.011650485436893204, 0.009708737864077669],
[70, 2.0703802930000004, 29191.71767268505, 0.02669902912621359, 0.011650485436893204, 0.009708737864077669],
[71, 2.0993080930000003, 29190.96145214182, 0.02669902912621359, 0.011650485436893204, 0.009708737864077669],
[72, 2.1266320930000004, 29191.75431345579, 0.02669902912621359, 0.011650485436893204, 0.009708737864077669],
[73, 2.1598190930000003, 29191.35579185943, 0.02669902912621359, 0.011650485436893204, 0.009708737864077669],
[74, 2.1968949930000004, 29190.709806279123, 0.02669902912621359, 0.011650485436893204, 0.009708737864077669],
[75, 2.2286258930000002, 29189.770847159696, 0.02669902912621359, 0.011650485436893204, 0.009708737864077669],
[76, 2.256498493, 29192.389857353148, 0.02669902912621359, 0.011650485436893204, 0.009708737864077669],
[77, 2.285319592, 29191.93222161595, 0.02669902912621359, 0.011650485436893204, 0.009708737864077669],
[78, 2.314051092, 29190.596749235727, 0.02669902912621359, 0.011650485436893204, 0.009708737864077669],
[79, 2.348111292, 29191.35537804956, 0.02669902912621359, 0.011650485436893204, 0.009708737864077669],
[80, 2.378266891, 29192.40277025716, 0.02669902912621359, 0.011650485436893204, 0.009708737864077669],
[81, 2.407109791, 29193.929143772457, 0.02669902912621359, 0.011650485436893204, 0.009708737864077669],
[82, 2.439325591, 29191.04785392411, 0.02669902912621359, 0.011650485436893204, 0.009708737864077669],
[83, 2.4698660919999997, 29192.41493740796, 0.02669902912621359, 0.011650485436893204, 0.009708737864077669],
[84, 2.495676192, 29192.08638992517, 0.02669902912621359, 0.011650485436893204, 0.009708737864077669],
[85, 2.528972091, 29191.033235746585, 0.02669902912621359, 0.011650485436893204, 0.009708737864077669],
[86, 2.562269891, 29191.163740357337, 0.02669902912621359, 0.011650485436893204, 0.009708737864077669],
[87, 2.5880775910000002, 29191.911019466817, 0.02669902912621359, 0.011650485436893204, 0.009708737864077669],
[88, 2.620799991, 29191.38487388633, 0.02669902912621359, 0.011650485436893204, 0.009708737864077669],
[89, 2.6544599900000003, 29191.504198892653, 0.02669902912621359, 0.011650485436893204, 0.009708737864077669],
[90, 2.6836159910000004, 29191.687900213896, 0.02669902912621359, 0.011650485436893204, 0.009708737864077669],
[91, 2.7100559910000004, 29191.743085741553, 0.02669902912621359, 0.011650485436893204, 0.009708737864077669],
[92, 2.7375916920000005, 29192.534745470868, 0.02669902912621359, 0.011650485436893204, 0.009708737864077669],
[93, 2.7657557920000007, 29192.133441411952, 0.02669902912621359, 0.011650485436893204, 0.009708737864077669],
[94, 2.7936928920000006, 29191.044637325107, 0.02669902912621359, 0.011650485436893204, 0.009708737864077669],
[95, 2.8269560930000006, 29190.178046853187, 0.02669902912621359, 0.011650485436893204, 0.009708737864077669],
[96, 2.8637414930000005, 29192.883378149123, 0.02669902912621359, 0.011650485436893204, 0.009708737864077669],
[97, 2.9227136930000004, 29190.189348420863, 0.02669902912621359, 0.011650485436893204, 0.009708737864077669],
[98, 2.9587550940000003, 29193.342046385394, 0.02669902912621359, 0.011650485436893204, 0.009708737864077669],
[99, 3.0008954940000003, 29191.599248947412, 0.02669902912621359, 0.011650485436893204, 0.009708737864077669],
[100, 3.027369595, 29193.59603423967, 0.02669902912621359, 0.011650485436893204, 0.009708737864077669],
[101, 3.0669982950000003, 29192.807232992745, 0.02669902912621359, 0.011650485436893204, 0.009708737864077669],
[102, 3.092542395, 29191.601500546472, 0.02669902912621359, 0.011650485436893204, 0.009708737864077669],
[103, 3.124896795, 29189.79382132244, 0.02669902912621359, 0.011650485436893204, 0.009708737864077669],
[104, 3.1647466950000003, 29191.203176530453, 0.02669902912621359, 0.011650485436893204, 0.009708737864077669],
[105, 3.201729395, 29191.468010760847, 0.02669902912621359, 0.011650485436893204, 0.009708737864077669],
[106, 3.234231195, 29193.57286557687, 0.02669902912621359, 0.011650485436893204, 0.009708737864077669],
[107, 3.263513195, 29191.069928341083, 0.02669902912621359, 0.011650485436893204, 0.009708737864077669],
[108, 3.292132395, 29192.491461058664, 0.02669902912621359, 0.011650485436893204, 0.009708737864077669],
[109, 3.3255966949999998, 29193.43831930405, 0.02669902912621359, 0.011650485436893204, 0.009708737864077669],
[110, 3.356854795, 29189.56502004046, 0.02669902912621359, 0.011650485436893204, 0.009708737864077669],
[111, 3.3880038939999997, 29189.70800738258, 0.02669902912621359, 0.011650485436893204, 0.009708737864077669],
[112, 3.4233205939999998, 29190.393397495, 0.02669902912621359, 0.011650485436893204, 0.009708737864077669],
[113, 3.4602333929999998, 29191.19736245105, 0.02669902912621359, 0.011650485436893204, 0.009708737864077669],
[114, 3.495945692, 29190.65492722958, 0.02669902912621359, 0.011650485436893204, 0.009708737864077669],
[115, 3.527085192, 29192.979285657315, 0.02669902912621359, 0.011650485436893204, 0.009708737864077669],
[116, 3.557790791, 29192.490746292377, 0.02669902912621359, 0.011650485436893204, 0.009708737864077669],
[117, 3.590386991, 29192.03308191539, 0.02669902912621359, 0.011650485436893204, 0.009708737864077669],
[118, 3.622632792, 29193.34121705555, 0.02669902912621359, 0.011650485436893204, 0.009708737864077669],
[119, 3.651527793, 29189.376938410554, 0.02669902912621359, 0.011650485436893204, 0.009708737864077669],
[120, 3.686577493, 29191.12253253739, 0.02669902912621359, 0.011650485436893204, 0.009708737864077669],
[121, 3.723110692, 29189.83908591372, 0.02669902912621359, 0.011650485436893204, 0.009708737864077669],
