rank: 30, ratio of 0 vs 1: 3, lambda:3, learning_rate: 0.2
iter time objective_function precision@K = 1, 5, 10
[0,29586.601682657845, 0.009708737864077669 0.004368932038834952 0.0036407766990291263],
[1, 0.030343099, 29483.549154587243, 0.0048543689320388345, 0.0038834951456310682, 0.0033980582524271844],
[2, 0.058100797999999995, 29440.49328716743, 0.009708737864077669, 0.0048543689320388345, 0.002912621359223301],
[3, 0.08462009699999999, 29415.924705225785, 0.0048543689320388345, 0.004368932038834952, 0.0036407766990291263],
[4, 0.11054129699999998, 29398.93502836979, 0.009708737864077669, 0.004368932038834952, 0.004368932038834952],
[5, 0.139022596, 29385.03840531293, 0.012135922330097087, 0.0048543689320388345, 0.004611650485436893],
[6, 0.165939796, 29374.762630695684, 0.007281553398058253, 0.0038834951456310682, 0.0048543689320388345],
[7, 0.193588196, 29366.045450187634, 0.0048543689320388345, 0.0038834951456310682, 0.005097087378640777],
[8, 0.220641696, 29358.564151050763, 0.007281553398058253, 0.004368932038834952, 0.006067961165048544],
[9, 0.248143396, 29351.31868853715, 0.009708737864077669, 0.0048543689320388345, 0.005339805825242719],
[10, 0.27837059599999997, 29346.407258379935, 0.009708737864077669, 0.005825242718446602, 0.005339805825242719],
[11, 0.304503296, 29342.504389741334, 0.009708737864077669, 0.006796116504854369, 0.005339805825242719],
[12, 0.33010789599999996, 29338.73600429846, 0.007281553398058253, 0.007281553398058253, 0.005825242718446602],
[13, 0.35878059599999995, 29335.311769878856, 0.007281553398058253, 0.008252427184466019, 0.006553398058252427],
[14, 0.39218269599999994, 29332.795645289945, 0.009708737864077669, 0.007281553398058253, 0.005825242718446602],
[15, 0.4212428959999999, 29330.47937950658, 0.007281553398058253, 0.007281553398058253, 0.006067961165048544],
[16, 0.4475656959999999, 29328.512520090575, 0.009708737864077669, 0.008252427184466019, 0.006067961165048544],
[17, 0.4750775959999999, 29326.96223684511, 0.009708737864077669, 0.0077669902912621365, 0.006067961165048544],
[18, 0.5068269959999999, 29325.59838667298, 0.012135922330097087, 0.008737864077669903, 0.006310679611650486],
[19, 0.533672097, 29324.384131154005, 0.012135922330097087, 0.008737864077669903, 0.006310679611650486],
[20, 0.562113896, 29323.289370276485, 0.012135922330097087, 0.009223300970873786, 0.006310679611650486],
[21, 0.5917214959999999, 29322.61476355194, 0.012135922330097087, 0.009223300970873786, 0.006553398058252427],
[22, 0.6207256969999999, 29321.981461053325, 0.012135922330097087, 0.008737864077669903, 0.006553398058252427],
[23, 0.6496146979999999, 29321.326496609843, 0.012135922330097087, 0.008737864077669903, 0.006796116504854369],
[24, 0.676060397, 29320.344448550677, 0.012135922330097087, 0.008737864077669903, 0.006796116504854369],
[25, 0.7033612969999999, 29320.066241380417, 0.012135922330097087, 0.008737864077669903, 0.006553398058252427],
[26, 0.7319692969999999, 29319.807510815146, 0.012135922330097087, 0.008737864077669903, 0.006796116504854369],
[27, 0.7583971979999999, 29319.315369215357, 0.012135922330097087, 0.008737864077669903, 0.006796116504854369],
[28, 0.7870796969999999, 29319.178152689212, 0.012135922330097087, 0.008737864077669903, 0.00703883495145631],
[29, 0.8152806959999999, 29318.873903412463, 0.012135922330097087, 0.009223300970873786, 0.006796116504854369],
[30, 0.8429252969999999, 29318.66772761335, 0.012135922330097087, 0.009223300970873786, 0.00703883495145631],
[31, 0.8719058969999999, 29318.260093441106, 0.012135922330097087, 0.009223300970873786, 0.00703883495145631],
[32, 0.8998740979999998, 29318.218614817353, 0.012135922330097087, 0.009223300970873786, 0.00703883495145631],
[33, 0.9286435979999998, 29318.218371356063, 0.012135922330097087, 0.009223300970873786, 0.00703883495145631],
[34, 0.9554498979999998, 29317.90670192776, 0.012135922330097087, 0.009223300970873786, 0.00703883495145631],
[35, 0.9856892969999997, 29317.780947084353, 0.012135922330097087, 0.009223300970873786, 0.00703883495145631],
[36, 1.0133882969999997, 29317.974027035, 0.012135922330097087, 0.009223300970873786, 0.00703883495145631],
[37, 1.0419367979999996, 29318.028383040306, 0.012135922330097087, 0.009223300970873786, 0.00703883495145631],
[38, 1.0712927979999995, 29317.538616756236, 0.012135922330097087, 0.009223300970873786, 0.00703883495145631],
[39, 1.0982094979999995, 29317.71357937265, 0.012135922330097087, 0.009223300970873786, 0.00703883495145631],
[40, 1.1244479989999994, 29317.608614803852, 0.012135922330097087, 0.009223300970873786, 0.00703883495145631],
[41, 1.1498853989999993, 29317.71977912859, 0.012135922330097087, 0.009223300970873786, 0.00703883495145631],
[42, 1.1763077989999993, 29317.815731433137, 0.012135922330097087, 0.009223300970873786, 0.00703883495145631],
[43, 1.2035609999999992, 29317.84715235843, 0.012135922330097087, 0.009223300970873786, 0.00703883495145631],
[44, 1.228887500999999, 29317.73621191626, 0.012135922330097087, 0.009223300970873786, 0.00703883495145631],
[45, 1.2573614999999991, 29317.52455030058, 0.012135922330097087, 0.009223300970873786, 0.00703883495145631],
[46, 1.2872850999999992, 29317.745672933368, 0.012135922330097087, 0.009223300970873786, 0.00703883495145631],
[47, 1.3149797999999993, 29317.56844014142, 0.012135922330097087, 0.009223300970873786, 0.00703883495145631],
[48, 1.3404429009999992, 29317.430449341657, 0.012135922330097087, 0.009223300970873786, 0.00703883495145631],
[49, 1.368999301999999, 29317.578288364344, 0.012135922330097087, 0.009223300970873786, 0.00703883495145631],
[50, 1.395692501999999, 29317.7940865402, 0.012135922330097087, 0.009223300970873786, 0.00703883495145631],
[51, 1.421962701999999, 29317.841520361686, 0.012135922330097087, 0.009223300970873786, 0.00703883495145631],
[52, 1.4506516019999989, 29317.689334957497, 0.012135922330097087, 0.009223300970873786, 0.00703883495145631],
[53, 1.479152702999999, 29317.778749388453, 0.012135922330097087, 0.009223300970873786, 0.00703883495145631],
[54, 1.5053173019999988, 29317.72939652754, 0.012135922330097087, 0.009223300970873786, 0.00703883495145631],
[55, 1.5317490019999989, 29317.47177610046, 0.012135922330097087, 0.009223300970873786, 0.00703883495145631],
[56, 1.5586400019999989, 29317.611045593287, 0.012135922330097087, 0.009223300970873786, 0.00703883495145631],
[57, 1.5844143029999989, 29317.521603697056, 0.012135922330097087, 0.009223300970873786, 0.00703883495145631],
[58, 1.6135631029999988, 29317.576841412756, 0.012135922330097087, 0.009223300970873786, 0.00703883495145631],
[59, 1.6419868029999989, 29317.557291329093, 0.012135922330097087, 0.009223300970873786, 0.00703883495145631],
[60, 1.669481201999999, 29317.4667447912, 0.012135922330097087, 0.009223300970873786, 0.00703883495145631],
[61, 1.698424601999999, 29317.653556607664, 0.012135922330097087, 0.009223300970873786, 0.00703883495145631],
[62, 1.728328002999999, 29317.306355133387, 0.012135922330097087, 0.009223300970873786, 0.00703883495145631],
[63, 1.756302702999999, 29317.419161245216, 0.012135922330097087, 0.009223300970873786, 0.00703883495145631],
[64, 1.7840655039999989, 29317.746904606633, 0.012135922330097087, 0.009223300970873786, 0.00703883495145631],
[65, 1.813637003999999, 29317.472460772427, 0.012135922330097087, 0.009223300970873786, 0.00703883495145631],
[66, 1.8440625029999989, 29317.677583035726, 0.012135922330097087, 0.009223300970873786, 0.00703883495145631],
[67, 1.8702142029999989, 29317.524513875607, 0.012135922330097087, 0.009223300970873786, 0.00703883495145631],
[68, 1.896256601999999, 29317.36518909751, 0.012135922330097087, 0.009223300970873786, 0.00703883495145631],
[69, 1.9237315029999988, 29317.606493644795, 0.012135922330097087, 0.009223300970873786, 0.00703883495145631],
[70, 1.955108602999999, 29317.42871816148, 0.012135922330097087, 0.009223300970873786, 0.00703883495145631],
[71, 1.9807631029999988, 29317.541771490392, 0.012135922330097087, 0.009223300970873786, 0.00703883495145631],
[72, 2.0076146029999986, 29317.54608029016, 0.012135922330097087, 0.009223300970873786, 0.00703883495145631],
[73, 2.0330139019999987, 29317.54386999155, 0.012135922330097087, 0.009223300970873786, 0.00703883495145631],
[74, 2.063463602999999, 29317.502376037726, 0.012135922330097087, 0.009223300970873786, 0.00703883495145631],
[75, 2.0913663029999987, 29317.38769808434, 0.012135922330097087, 0.009223300970873786, 0.00703883495145631],
[76, 2.1175355019999986, 29317.595413623414, 0.012135922330097087, 0.009223300970873786, 0.00703883495145631],
[77, 2.1464590029999986, 29317.53806966734, 0.012135922330097087, 0.009223300970873786, 0.00703883495145631],
[78, 2.1727903029999984, 29317.36843537741, 0.012135922330097087, 0.009223300970873786, 0.00703883495145631],
[79, 2.2015741039999983, 29317.57967007017, 0.012135922330097087, 0.009223300970873786, 0.00703883495145631],
[80, 2.2301166039999982, 29317.488047093273, 0.012135922330097087, 0.009223300970873786, 0.00703883495145631],
[81, 2.259025403999998, 29317.804990541186, 0.012135922330097087, 0.009223300970873786, 0.00703883495145631],
[82, 2.289079403999998, 29317.52454029801, 0.012135922330097087, 0.009223300970873786, 0.00703883495145631],
[83, 2.316279502999998, 29317.536206356566, 0.012135922330097087, 0.009223300970873786, 0.00703883495145631],
[84, 2.346885803999998, 29317.647350651398, 0.012135922330097087, 0.009223300970873786, 0.00703883495145631],
[85, 2.374570903999998, 29317.498974813516, 0.012135922330097087, 0.009223300970873786, 0.00703883495145631],
[86, 2.4022063039999977, 29317.49232962381, 0.012135922330097087, 0.009223300970873786, 0.00703883495145631],
[87, 2.4298167039999976, 29317.6490391876, 0.012135922330097087, 0.009223300970873786, 0.00703883495145631],
[88, 2.4550492039999976, 29317.514372460206, 0.012135922330097087, 0.009223300970873786, 0.00703883495145631],
[89, 2.4821600039999976, 29317.52745886484, 0.012135922330097087, 0.009223300970873786, 0.00703883495145631],
[90, 2.5097863029999976, 29317.560228698458, 0.012135922330097087, 0.009223300970873786, 0.00703883495145631],
[91, 2.5381435029999975, 29317.587980663113, 0.012135922330097087, 0.009223300970873786, 0.00703883495145631],
[92, 2.5686615029999973, 29317.67410347121, 0.012135922330097087, 0.009223300970873786, 0.00703883495145631],
[93, 2.5959882029999974, 29317.565252610744, 0.012135922330097087, 0.009223300970873786, 0.00703883495145631],
[94, 2.6246235019999973, 29317.462828467997, 0.012135922330097087, 0.009223300970873786, 0.00703883495145631],
[95, 2.650717301999997, 29317.40497726456, 0.012135922330097087, 0.009223300970873786, 0.00703883495145631],
[96, 2.677788700999997, 29317.66089766307, 0.012135922330097087, 0.009223300970873786, 0.00703883495145631],
[97, 2.7085339009999974, 29317.38953335797, 0.012135922330097087, 0.009223300970873786, 0.00703883495145631],
[98, 2.7374045999999974, 29317.70782087546, 0.012135922330097087, 0.009223300970873786, 0.00703883495145631],
[99, 2.7649696999999973, 29317.502425207866, 0.012135922330097087, 0.009223300970873786, 0.00703883495145631],
[100, 2.7920896999999973, 29317.76057812655, 0.012135922330097087, 0.009223300970873786, 0.00703883495145631],
[101, 2.820468599999997, 29317.73808142299, 0.012135922330097087, 0.009223300970873786, 0.00703883495145631],
[102, 2.848039898999997, 29317.470026213337, 0.012135922330097087, 0.009223300970873786, 0.00703883495145631],
[103, 2.874689997999997, 29317.31375935487, 0.012135922330097087, 0.009223300970873786, 0.00703883495145631],
[104, 2.8996753979999967, 29317.55285477415, 0.012135922330097087, 0.009223300970873786, 0.00703883495145631],
[105, 2.9276669979999967, 29317.57259579791, 0.012135922330097087, 0.009223300970873786, 0.00703883495145631],
[106, 2.9545336989999966, 29317.772295716062, 0.012135922330097087, 0.009223300970873786, 0.00703883495145631],
[107, 2.9811940999999966, 29317.516241735382, 0.012135922330097087, 0.009223300970873786, 0.00703883495145631],
[108, 3.0091974009999967, 29317.555716896775, 0.012135922330097087, 0.009223300970873786, 0.00703883495145631],
[109, 3.046590501999997, 29317.79157348646, 0.012135922330097087, 0.009223300970873786, 0.00703883495145631],
[110, 3.0723072029999967, 29317.287634596658, 0.012135922330097087, 0.009223300970873786, 0.00703883495145631],
[111, 3.1009514019999966, 29317.313502238438, 0.012135922330097087, 0.009223300970873786, 0.00703883495145631],
[112, 3.1309671019999965, 29317.52804288968, 0.012135922330097087, 0.009223300970873786, 0.00703883495145631],
[113, 3.1576264019999964, 29317.45932183765, 0.012135922330097087, 0.009223300970873786, 0.00703883495145631],
[114, 3.1853922009999964, 29317.361923834298, 0.012135922330097087, 0.009223300970873786, 0.00703883495145631],
[115, 3.2125831009999963, 29317.696490630744, 0.012135922330097087, 0.009223300970873786, 0.00703883495145631],
[116, 3.239544200999996, 29317.696544654096, 0.012135922330097087, 0.009223300970873786, 0.00703883495145631],
[117, 3.268337400999996, 29317.581974657, 0.012135922330097087, 0.009223300970873786, 0.00703883495145631],
[118, 3.295290100999996, 29317.647907125807, 0.012135922330097087, 0.009223300970873786, 0.00703883495145631],
[119, 3.322997400999996, 29317.274068419774, 0.012135922330097087, 0.009223300970873786, 0.00703883495145631],
[120, 3.3494353009999958, 29317.41887911518, 0.012135922330097087, 0.009223300970873786, 0.00703883495145631],
[121, 3.3798036999999956, 29317.34024735602, 0.012135922330097087, 0.009223300970873786, 0.00703883495145631],
