rank: 30, ratio of 0 vs 1: 3, lambda:2, learning_rate: 0.2
iter time objective_function precision@K = 1, 5, 10
[0,29449.377758687373, 0.009708737864077669 0.004368932038834952 0.0036407766990291263],
[1, 0.0302916, 29395.881185316313, 0.0048543689320388345, 0.0038834951456310682, 0.0036407766990291263],
[2, 0.065769699, 29370.881823928066, 0.009708737864077669, 0.005339805825242719, 0.0026699029126213596],
[3, 0.10008509900000001, 29357.10147570521, 0.0048543689320388345, 0.004368932038834952, 0.0036407766990291263],
[4, 0.136378299, 29349.183177906914, 0.0048543689320388345, 0.0048543689320388345, 0.0038834951456310682],
[5, 0.167127199, 29342.26906469502, 0.0048543689320388345, 0.005825242718446602, 0.0036407766990291263],
[6, 0.196938699, 29339.27030976285, 0.007281553398058253, 0.0048543689320388345, 0.0038834951456310682],
[7, 0.230650499, 29336.085108883406, 0.007281553398058253, 0.004368932038834952, 0.004126213592233009],
[8, 0.26154819900000004, 29334.56638537915, 0.009708737864077669, 0.0033980582524271844, 0.004126213592233009],
[9, 0.294316799, 29330.625983950024, 0.007281553398058253, 0.0038834951456310682, 0.0036407766990291263],
[10, 0.32496499900000003, 29330.026275597098, 0.007281553398058253, 0.0033980582524271844, 0.004126213592233009],
[11, 0.35379909900000006, 29330.328942051703, 0.007281553398058253, 0.0033980582524271844, 0.004368932038834952],
[12, 0.39488659800000003, 29329.76129566419, 0.007281553398058253, 0.0033980582524271844, 0.004126213592233009],
[13, 0.42485839900000005, 29328.172375302664, 0.007281553398058253, 0.0033980582524271844, 0.004126213592233009],
[14, 0.45561479900000007, 29328.84440549598, 0.007281553398058253, 0.0033980582524271844, 0.0038834951456310682],
[15, 0.49696079900000006, 29328.220495729216, 0.007281553398058253, 0.0033980582524271844, 0.0038834951456310682],
[16, 0.5272069990000001, 29328.396104581025, 0.007281553398058253, 0.0033980582524271844, 0.0038834951456310682],
[17, 0.5551115990000002, 29328.319782095525, 0.007281553398058253, 0.0033980582524271844, 0.0036407766990291263],
[18, 0.5853776980000002, 29328.06102049631, 0.007281553398058253, 0.0033980582524271844, 0.0038834951456310682],
[19, 0.6126995990000002, 29328.333472254275, 0.007281553398058253, 0.0033980582524271844, 0.0038834951456310682],
[20, 0.6442603990000002, 29328.04441302188, 0.007281553398058253, 0.0033980582524271844, 0.0038834951456310682],
[21, 0.6757427990000002, 29328.30737381184, 0.007281553398058253, 0.0033980582524271844, 0.0038834951456310682],
[22, 0.7038119990000002, 29328.44522786374, 0.007281553398058253, 0.0033980582524271844, 0.0038834951456310682],
[23, 0.7322367990000003, 29328.320460122006, 0.007281553398058253, 0.0033980582524271844, 0.0038834951456310682],
[24, 0.7639080980000003, 29327.121471109192, 0.007281553398058253, 0.0033980582524271844, 0.0038834951456310682],
[25, 0.7922148980000002, 29327.81295301485, 0.007281553398058253, 0.0033980582524271844, 0.0038834951456310682],
[26, 0.8196367990000002, 29327.998830700464, 0.007281553398058253, 0.0033980582524271844, 0.0038834951456310682],
[27, 0.8517232000000002, 29327.75721257021, 0.007281553398058253, 0.0033980582524271844, 0.0038834951456310682],
[28, 0.8889066000000002, 29328.05069519014, 0.007281553398058253, 0.0033980582524271844, 0.0038834951456310682],
[29, 0.9173836010000002, 29327.6731088595, 0.007281553398058253, 0.0033980582524271844, 0.0038834951456310682],
[30, 0.9559597010000002, 29327.76501106891, 0.007281553398058253, 0.0033980582524271844, 0.0038834951456310682],
[31, 0.9883864010000002, 29326.944359276975, 0.007281553398058253, 0.0033980582524271844, 0.0038834951456310682],
[32, 1.0149062020000001, 29327.067833993937, 0.007281553398058253, 0.0033980582524271844, 0.0038834951456310682],
[33, 1.046273003, 29327.73418997002, 0.007281553398058253, 0.0033980582524271844, 0.0038834951456310682],
[34, 1.074841604, 29326.789438407766, 0.007281553398058253, 0.0033980582524271844, 0.0038834951456310682],
[35, 1.1027889039999998, 29327.204008275352, 0.007281553398058253, 0.0033980582524271844, 0.0038834951456310682],
[36, 1.1307980039999999, 29327.61719326195, 0.007281553398058253, 0.0033980582524271844, 0.0038834951456310682],
[37, 1.1665081039999998, 29327.80876942504, 0.007281553398058253, 0.0033980582524271844, 0.0038834951456310682],
[38, 1.196108303, 29326.66195002191, 0.007281553398058253, 0.0033980582524271844, 0.0038834951456310682],
[39, 1.225277602, 29327.41926951711, 0.007281553398058253, 0.0033980582524271844, 0.0038834951456310682],
[40, 1.250947002, 29327.2875989165, 0.007281553398058253, 0.0033980582524271844, 0.0038834951456310682],
[41, 1.282613402, 29327.861741446406, 0.007281553398058253, 0.0033980582524271844, 0.0038834951456310682],
[42, 1.315163802, 29328.286945995253, 0.007281553398058253, 0.0033980582524271844, 0.0038834951456310682],
[43, 1.3449962020000001, 29327.874219712983, 0.007281553398058253, 0.0033980582524271844, 0.0038834951456310682],
[44, 1.3761221010000002, 29327.963341694634, 0.007281553398058253, 0.0033980582524271844, 0.0038834951456310682],
[45, 1.4033424, 29327.737951196294, 0.007281553398058253, 0.0033980582524271844, 0.0038834951456310682],
[46, 1.4316558000000001, 29327.612525861452, 0.007281553398058253, 0.0033980582524271844, 0.0038834951456310682],
[47, 1.4599799990000002, 29327.402531389624, 0.007281553398058253, 0.0033980582524271844, 0.0038834951456310682],
[48, 1.4869442980000003, 29326.975368070012, 0.007281553398058253, 0.0033980582524271844, 0.0038834951456310682],
[49, 1.5170222990000002, 29327.860584207014, 0.007281553398058253, 0.0033980582524271844, 0.0038834951456310682],
[50, 1.5517603990000002, 29328.073764828834, 0.007281553398058253, 0.0033980582524271844, 0.0038834951456310682],
[51, 1.5790200990000003, 29328.466340543182, 0.007281553398058253, 0.0033980582524271844, 0.0038834951456310682],
[52, 1.6100665990000003, 29327.757110401086, 0.007281553398058253, 0.0033980582524271844, 0.0038834951456310682],
[53, 1.6391210000000003, 29327.95102034049, 0.007281553398058253, 0.0033980582524271844, 0.0038834951456310682],
[54, 1.6704211000000002, 29327.884794763766, 0.007281553398058253, 0.0033980582524271844, 0.0038834951456310682],
[55, 1.7013892010000002, 29327.124622873314, 0.007281553398058253, 0.0033980582524271844, 0.0038834951456310682],
[56, 1.7302345020000003, 29327.46598374209, 0.007281553398058253, 0.0033980582524271844, 0.0038834951456310682],
[57, 1.7572505030000003, 29327.891950817968, 0.007281553398058253, 0.0033980582524271844, 0.0038834951456310682],
[58, 1.7908330030000004, 29327.71994533431, 0.007281553398058253, 0.0033980582524271844, 0.0038834951456310682],
[59, 1.8206647030000003, 29327.303977110107, 0.007281553398058253, 0.0033980582524271844, 0.0038834951456310682],
[60, 1.8545806030000003, 29327.341484207886, 0.007281553398058253, 0.0033980582524271844, 0.0038834951456310682],
[61, 1.8832298040000002, 29327.868563262356, 0.007281553398058253, 0.0033980582524271844, 0.0038834951456310682],
[62, 1.9176777050000002, 29327.220140081794, 0.007281553398058253, 0.0033980582524271844, 0.0038834951456310682],
[63, 1.9437341050000003, 29327.19913878068, 0.007281553398058253, 0.0033980582524271844, 0.0038834951456310682],
[64, 1.9740089060000003, 29327.937610550074, 0.007281553398058253, 0.0033980582524271844, 0.0038834951456310682],
[65, 2.0038069060000003, 29327.063995716406, 0.007281553398058253, 0.0033980582524271844, 0.0038834951456310682],
[66, 2.0351636060000002, 29328.136878422865, 0.007281553398058253, 0.0033980582524271844, 0.0038834951456310682],
[67, 2.0741980050000004, 29327.5555248477, 0.007281553398058253, 0.0033980582524271844, 0.0038834951456310682],
[68, 2.1055102050000003, 29327.102314605494, 0.007281553398058253, 0.0033980582524271844, 0.0038834951456310682],
[69, 2.136225205, 29328.09386053383, 0.007281553398058253, 0.0033980582524271844, 0.0038834951456310682],
[70, 2.167072805, 29327.604019428334, 0.007281553398058253, 0.0033980582524271844, 0.0038834951456310682],
[71, 2.195078905, 29327.285299252133, 0.007281553398058253, 0.0033980582524271844, 0.0038834951456310682],
[72, 2.225306405, 29327.754788457612, 0.007281553398058253, 0.0033980582524271844, 0.0038834951456310682],
[73, 2.264084105, 29327.461654999977, 0.007281553398058253, 0.0033980582524271844, 0.0038834951456310682],
[74, 2.292219006, 29327.210228568223, 0.007281553398058253, 0.0033980582524271844, 0.0038834951456310682],
[75, 2.323073906, 29326.849455090807, 0.007281553398058253, 0.0033980582524271844, 0.0038834951456310682],
[76, 2.358210906, 29327.92177213307, 0.007281553398058253, 0.0033980582524271844, 0.0038834951456310682],
[77, 2.387226507, 29327.558822039497, 0.007281553398058253, 0.0033980582524271844, 0.0038834951456310682],
[78, 2.422511707, 29327.114636673927, 0.007281553398058253, 0.0033980582524271844, 0.0038834951456310682],
[79, 2.451015307, 29327.314366488772, 0.007281553398058253, 0.0033980582524271844, 0.0038834951456310682],
[80, 2.481016508, 29327.879363046104, 0.007281553398058253, 0.0033980582524271844, 0.0038834951456310682],
[81, 2.5091874090000004, 29327.878487427723, 0.007281553398058253, 0.0033980582524271844, 0.0038834951456310682],
[82, 2.541267309, 29327.59008441105, 0.007281553398058253, 0.0033980582524271844, 0.0038834951456310682],
[83, 2.576012109, 29327.795185659314, 0.007281553398058253, 0.0033980582524271844, 0.0038834951456310682],
[84, 2.6061277080000003, 29327.98876862092, 0.007281553398058253, 0.0033980582524271844, 0.0038834951456310682],
[85, 2.6357904070000004, 29327.416051378146, 0.007281553398058253, 0.0033980582524271844, 0.0038834951456310682],
[86, 2.6633570070000006, 29327.431725977603, 0.007281553398058253, 0.0033980582524271844, 0.0038834951456310682],
[87, 2.6948209070000004, 29328.126976806787, 0.007281553398058253, 0.0033980582524271844, 0.0038834951456310682],
[88, 2.7296282070000006, 29327.243885703476, 0.007281553398058253, 0.0033980582524271844, 0.0038834951456310682],
[89, 2.7574503070000005, 29327.515100292214, 0.007281553398058253, 0.0033980582524271844, 0.0038834951456310682],
[90, 2.7868078070000006, 29327.579629089232, 0.007281553398058253, 0.0033980582524271844, 0.0038834951456310682],
[91, 2.8159315070000006, 29327.85191911304, 0.007281553398058253, 0.0033980582524271844, 0.0038834951456310682],
[92, 2.8511620080000006, 29327.932439112174, 0.007281553398058253, 0.0033980582524271844, 0.0038834951456310682],
[93, 2.878916807000001, 29327.6924216135, 0.007281553398058253, 0.0033980582524271844, 0.0038834951456310682],
[94, 2.917634608000001, 29327.353962910132, 0.007281553398058253, 0.0033980582524271844, 0.0038834951456310682],
[95, 2.946693408000001, 29327.04350194694, 0.007281553398058253, 0.0033980582524271844, 0.0038834951456310682],
[96, 2.9751381080000012, 29328.27330047018, 0.007281553398058253, 0.0033980582524271844, 0.0038834951456310682],
[97, 3.0056380080000014, 29326.77114399514, 0.007281553398058253, 0.0033980582524271844, 0.0038834951456310682],
[98, 3.0361450090000015, 29328.1300480352, 0.007281553398058253, 0.0033980582524271844, 0.0038834951456310682],
[99, 3.0656555090000017, 29327.297164223102, 0.007281553398058253, 0.0033980582524271844, 0.0038834951456310682],
[100, 3.0992588100000016, 29328.338547183805, 0.007281553398058253, 0.0033980582524271844, 0.0038834951456310682],
[101, 3.1291946110000017, 29328.015494232917, 0.007281553398058253, 0.0033980582524271844, 0.0038834951456310682],
[102, 3.1598628110000018, 29327.232948171953, 0.007281553398058253, 0.0033980582524271844, 0.0038834951456310682],
[103, 3.191888811000002, 29326.854835923714, 0.007281553398058253, 0.0033980582524271844, 0.0038834951456310682],
[104, 3.223978811000002, 29327.65593958421, 0.007281553398058253, 0.0033980582524271844, 0.0038834951456310682],
[105, 3.263570110000002, 29327.95099508491, 0.007281553398058253, 0.0033980582524271844, 0.0038834951456310682],
[106, 3.292944910000002, 29328.52522636437, 0.007281553398058253, 0.0033980582524271844, 0.0038834951456310682],
[107, 3.3276260110000018, 29327.13044252847, 0.007281553398058253, 0.0033980582524271844, 0.0038834951456310682],
[108, 3.358143611000002, 29327.769694438728, 0.007281553398058253, 0.0033980582524271844, 0.0038834951456310682],
[109, 3.396115211000002, 29328.5794584956, 0.007281553398058253, 0.0033980582524271844, 0.0038834951456310682],
[110, 3.427720711000002, 29327.053929019305, 0.007281553398058253, 0.0033980582524271844, 0.0038834951456310682],
[111, 3.459578411000002, 29326.84531958841, 0.007281553398058253, 0.0033980582524271844, 0.0038834951456310682],
[112, 3.485938212000002, 29327.615549014175, 0.007281553398058253, 0.0033980582524271844, 0.0038834951456310682],
[113, 3.517474312000002, 29327.29985309627, 0.007281553398058253, 0.0033980582524271844, 0.0038834951456310682],
[114, 3.549263912000002, 29327.512199010052, 0.007281553398058253, 0.0033980582524271844, 0.0038834951456310682],
[115, 3.575459413000002, 29327.964427444007, 0.007281553398058253, 0.0033980582524271844, 0.0038834951456310682],
[116, 3.609611513000002, 29328.014926706976, 0.007281553398058253, 0.0033980582524271844, 0.0038834951456310682],
[117, 3.6390919130000023, 29327.798195924584, 0.007281553398058253, 0.0033980582524271844, 0.0038834951456310682],
[118, 3.6757037130000025, 29328.214454371035, 0.007281553398058253, 0.0033980582524271844, 0.0038834951456310682],
[119, 3.7084815140000025, 29326.63374797773, 0.007281553398058253, 0.0033980582524271844, 0.0038834951456310682],
[120, 3.7404808140000023, 29327.087997023023, 0.007281553398058253, 0.0033980582524271844, 0.0038834951456310682],
[121, 3.7756306130000024, 29327.22358823907, 0.007281553398058253, 0.0033980582524271844, 0.0038834951456310682],
