rank: 30, ratio of 0 vs 1: 3, lambda:2, learning_rate: 0.2
iter time objective_function precision@K = 1, 5, 10
[0,29449.377758687373, 0.009708737864077669 0.004368932038834952 0.0036407766990291263],
[1, 0.025741, 29395.881185316313, 0.0048543689320388345, 0.0038834951456310682, 0.0036407766990291263],
[2, 0.0546433, 29366.224643726448, 0.007281553398058253, 0.0048543689320388345, 0.002912621359223301],
[3, 0.0832482, 29348.274558752855, 0.0048543689320388345, 0.0038834951456310682, 0.0038834951456310682],
[4, 0.112600799, 29336.062874844552, 0.007281553398058253, 0.004368932038834952, 0.004368932038834952],
[5, 0.145779599, 29325.514006384896, 0.0048543689320388345, 0.005339805825242719, 0.0048543689320388345],
[6, 0.18313189900000001, 29318.02327012882, 0.0048543689320388345, 0.0038834951456310682, 0.005097087378640777],
[7, 0.21674209900000002, 29311.364187945026, 0.007281553398058253, 0.004368932038834952, 0.005825242718446602],
[8, 0.24770569900000003, 29304.842997757838, 0.007281553398058253, 0.006310679611650486, 0.005339805825242719],
[9, 0.276771498, 29297.50727460177, 0.024271844660194174, 0.007281553398058253, 0.00703883495145631],
[10, 0.308582798, 29292.55578779992, 0.014563106796116505, 0.008252427184466019, 0.008009708737864078],
[11, 0.337782598, 29288.67383851562, 0.01699029126213592, 0.009708737864077669, 0.009466019417475728],
[12, 0.365169498, 29284.193183399755, 0.01699029126213592, 0.011650485436893204, 0.009223300970873786],
[13, 0.39405499699999996, 29279.609436109145, 0.014563106796116505, 0.009708737864077669, 0.009466019417475728],
[14, 0.422763497, 29275.867057867265, 0.02912621359223301, 0.010679611650485438, 0.008737864077669903],
[15, 0.450320297, 29272.204939991374, 0.024271844660194174, 0.01116504854368932, 0.009951456310679611],
[16, 0.479722496, 29268.594717339067, 0.024271844660194174, 0.012621359223300972, 0.010922330097087379],
[17, 0.509676796, 29265.45216882216, 0.024271844660194174, 0.014563106796116505, 0.010679611650485438],
[18, 0.5385406970000001, 29262.64545444293, 0.021844660194174758, 0.012621359223300972, 0.009466019417475728],
[19, 0.5701440980000001, 29259.502058849175, 0.021844660194174758, 0.011650485436893204, 0.009951456310679611],
[20, 0.6051658980000001, 29256.85918901539, 0.019417475728155338, 0.012621359223300972, 0.010922330097087379],
[21, 0.6310248980000001, 29254.612810117887, 0.01699029126213592, 0.010679611650485438, 0.010679611650485438],
[22, 0.6590020980000001, 29252.37225617565, 0.021844660194174758, 0.013592233009708738, 0.01116504854368932],
[23, 0.6867596990000001, 29250.068742105337, 0.021844660194174758, 0.012621359223300972, 0.012135922330097087],
[24, 0.7186136990000002, 29247.361800287763, 0.021844660194174758, 0.013592233009708738, 0.012135922330097087],
[25, 0.7450026990000002, 29245.55915568147, 0.01699029126213592, 0.011650485436893204, 0.011650485436893204],
[26, 0.7778098980000001, 29243.94069103483, 0.019417475728155338, 0.012621359223300972, 0.011893203883495147],
[27, 0.8095086980000001, 29241.77159252804, 0.019417475728155338, 0.013106796116504855, 0.011650485436893204],
[28, 0.8412056980000001, 29240.818851153977, 0.021844660194174758, 0.013592233009708738, 0.012135922330097087],
[29, 0.8681915990000001, 29238.665713117203, 0.019417475728155338, 0.01407766990291262, 0.012621359223300972],
[30, 0.8986406000000001, 29237.57263278416, 0.021844660194174758, 0.013592233009708738, 0.012621359223300972],
[31, 0.9323190000000001, 29235.783616301167, 0.021844660194174758, 0.013592233009708738, 0.012864077669902912],
[32, 0.9633845000000001, 29234.499587565613, 0.021844660194174758, 0.014563106796116505, 0.013349514563106795],
[33, 0.997560301, 29233.277759345146, 0.021844660194174758, 0.01407766990291262, 0.01407766990291262],
[34, 1.030718201, 29232.043844365, 0.021844660194174758, 0.013592233009708738, 0.013349514563106795],
[35, 1.060926401, 29230.827275294214, 0.021844660194174758, 0.01407766990291262, 0.013349514563106795],
[36, 1.0873271, 29230.031607681998, 0.021844660194174758, 0.015533980582524273, 0.014563106796116505],
[37, 1.114921501, 29229.31458625781, 0.024271844660194174, 0.016019417475728156, 0.014563106796116505],
[38, 1.148597701, 29227.709639336703, 0.024271844660194174, 0.016019417475728156, 0.01407766990291262],
[39, 1.1762822009999998, 29227.02753361365, 0.024271844660194174, 0.016019417475728156, 0.01383495145631068],
[40, 1.2074801009999998, 29226.502374271826, 0.024271844660194174, 0.016019417475728156, 0.013349514563106795],
[41, 1.2390847019999998, 29225.591212281255, 0.024271844660194174, 0.016019417475728156, 0.01407766990291262],
[42, 1.2728719019999997, 29224.90457182214, 0.024271844660194174, 0.016019417475728156, 0.013592233009708738],
[43, 1.3038582019999996, 29224.51154752582, 0.024271844660194174, 0.015533980582524273, 0.013592233009708738],
[44, 1.3340388019999996, 29223.68279682897, 0.024271844660194174, 0.016504854368932037, 0.01407766990291262],
[45, 1.3639507019999997, 29223.08488765335, 0.024271844660194174, 0.016504854368932037, 0.01383495145631068],
[46, 1.3964823019999997, 29222.2738061321, 0.024271844660194174, 0.016504854368932037, 0.01383495145631068],
[47, 1.4262654019999996, 29221.78359989686, 0.024271844660194174, 0.01699029126213592, 0.013592233009708738],
[48, 1.4537348019999996, 29220.983316676342, 0.024271844660194174, 0.01699029126213592, 0.01383495145631068],
[49, 1.4801185019999996, 29220.684351563934, 0.02669902912621359, 0.01699029126213592, 0.01407766990291262],
[50, 1.5095393019999996, 29220.28084300338, 0.021844660194174758, 0.01699029126213592, 0.01407766990291262],
[51, 1.5378442029999997, 29219.983142491215, 0.021844660194174758, 0.016504854368932037, 0.014805825242718446],
[52, 1.5657513029999997, 29219.51684746945, 0.021844660194174758, 0.016504854368932037, 0.015048543689320388],
[53, 1.5924811039999998, 29219.09050965334, 0.019417475728155338, 0.016504854368932037, 0.015048543689320388],
[54, 1.6217201039999998, 29218.493033322826, 0.021844660194174758, 0.01699029126213592, 0.014563106796116505],
[55, 1.6504852039999998, 29218.019495982575, 0.021844660194174758, 0.017475728155339806, 0.014563106796116505],
[56, 1.6797512039999998, 29217.75115694051, 0.019417475728155338, 0.016504854368932037, 0.014563106796116505],
[57, 1.7098347039999997, 29217.06977013175, 0.019417475728155338, 0.016504854368932037, 0.014320388349514565],
[58, 1.7396826039999997, 29217.470391796254, 0.021844660194174758, 0.016019417475728156, 0.014563106796116505],
[59, 1.7700377039999997, 29216.899061043758, 0.021844660194174758, 0.016019417475728156, 0.01407766990291262],
[60, 1.8053327029999997, 29216.325112700837, 0.021844660194174758, 0.016019417475728156, 0.01407766990291262],
[61, 1.8390874029999997, 29215.90391676105, 0.021844660194174758, 0.016504854368932037, 0.014805825242718446],
[62, 1.8750499029999996, 29215.696160398806, 0.024271844660194174, 0.016504854368932037, 0.014563106796116505],
[63, 1.9033870039999996, 29215.856347542263, 0.021844660194174758, 0.017475728155339806, 0.014563106796116505],
[64, 1.9308456039999995, 29215.571470197883, 0.021844660194174758, 0.016504854368932037, 0.014805825242718446],
[65, 1.9587396039999996, 29215.013372477613, 0.021844660194174758, 0.01699029126213592, 0.014805825242718446],
[66, 1.9893062039999996, 29214.91456018658, 0.021844660194174758, 0.017475728155339806, 0.014805825242718446],
[67, 2.0162005029999994, 29214.580696382538, 0.021844660194174758, 0.01796116504854369, 0.014805825242718446],
[68, 2.0423940029999996, 29214.421167542143, 0.021844660194174758, 0.017475728155339806, 0.014805825242718446],
[69, 2.071615003, 29214.120637399163, 0.024271844660194174, 0.01699029126213592, 0.014805825242718446],
[70, 2.100959503, 29213.971879160552, 0.024271844660194174, 0.01699029126213592, 0.014805825242718446],
[71, 2.1374017039999997, 29213.936237104375, 0.024271844660194174, 0.016504854368932037, 0.014805825242718446],
[72, 2.1656778039999995, 29213.774033541504, 0.024271844660194174, 0.016504854368932037, 0.014805825242718446],
[73, 2.1963662039999994, 29213.870287934635, 0.024271844660194174, 0.01699029126213592, 0.014563106796116505],
[74, 2.2265213029999993, 29213.521217930844, 0.024271844660194174, 0.016504854368932037, 0.014563106796116505],
[75, 2.254681502999999, 29213.186390977742, 0.024271844660194174, 0.016504854368932037, 0.014805825242718446],
[76, 2.283589801999999, 29213.503627698978, 0.024271844660194174, 0.016019417475728156, 0.014805825242718446],
[77, 2.311500801999999, 29213.29533035432, 0.024271844660194174, 0.016019417475728156, 0.015291262135922329],
[78, 2.345649700999999, 29212.802919962614, 0.024271844660194174, 0.015533980582524273, 0.015291262135922329],
[79, 2.3765131009999987, 29213.173464069925, 0.024271844660194174, 0.015048543689320388, 0.015291262135922329],
[80, 2.4039556009999985, 29212.9623987056, 0.02669902912621359, 0.015048543689320388, 0.015533980582524273],
[81, 2.4334176009999986, 29213.00030566218, 0.02669902912621359, 0.015533980582524273, 0.015533980582524273],
[82, 2.4636610009999984, 29212.40455576896, 0.02669902912621359, 0.015533980582524273, 0.015533980582524273],
[83, 2.4916341009999985, 29212.475043065868, 0.02669902912621359, 0.015533980582524273, 0.015776699029126214],
[84, 2.5208789009999983, 29212.328623064648, 0.02669902912621359, 0.015533980582524273, 0.015533980582524273],
[85, 2.5498260009999982, 29212.26726702431, 0.02669902912621359, 0.016504854368932037, 0.015533980582524273],
[86, 2.5816295009999983, 29212.045271539424, 0.02669902912621359, 0.016019417475728156, 0.015533980582524273],
[87, 2.6091410019999985, 29212.13545035212, 0.02669902912621359, 0.016019417475728156, 0.015533980582524273],
[88, 2.6359875019999985, 29212.009574985677, 0.02669902912621359, 0.016504854368932037, 0.015533980582524273],
[89, 2.6642981029999984, 29212.04299192638, 0.02669902912621359, 0.016504854368932037, 0.015533980582524273],
[90, 2.6922582029999984, 29212.056904081463, 0.02669902912621359, 0.016504854368932037, 0.015533980582524273],
[91, 2.7205415029999984, 29211.851963594912, 0.02669902912621359, 0.016504854368932037, 0.015533980582524273],
[92, 2.7481955019999984, 29211.928465344346, 0.02669902912621359, 0.016019417475728156, 0.015533980582524273],
[93, 2.779062201999998, 29211.947053485685, 0.02669902912621359, 0.016504854368932037, 0.015533980582524273],
[94, 2.8094550029999983, 29211.954296007734, 0.02669902912621359, 0.016504854368932037, 0.015533980582524273],
[95, 2.844075303999998, 29211.519463349567, 0.02669902912621359, 0.016504854368932037, 0.015533980582524273],
[96, 2.8725597049999982, 29211.802273503876, 0.02669902912621359, 0.016504854368932037, 0.015533980582524273],
[97, 2.9036297049999984, 29211.60974135868, 0.02669902912621359, 0.016019417475728156, 0.015533980582524273],
[98, 2.9336039049999982, 29211.915402637314, 0.02669902912621359, 0.016019417475728156, 0.015533980582524273],
[99, 2.9640617049999984, 29211.590723628564, 0.02669902912621359, 0.016019417475728156, 0.015533980582524273],
[100, 3.0019374039999986, 29211.67346683165, 0.02669902912621359, 0.016504854368932037, 0.015533980582524273],
[101, 3.0348720039999986, 29211.57067059277, 0.02669902912621359, 0.016504854368932037, 0.015533980582524273],
[102, 3.0635718039999986, 29211.522698831315, 0.02669902912621359, 0.016504854368932037, 0.015533980582524273],
[103, 3.0930006049999985, 29211.0697355421, 0.02669902912621359, 0.016019417475728156, 0.015533980582524273],
[104, 3.1250659049999987, 29211.180018435614, 0.02669902912621359, 0.016019417475728156, 0.015533980582524273],
[105, 3.1556314049999985, 29211.12836898423, 0.02669902912621359, 0.016019417475728156, 0.015533980582524273],
[106, 3.1802344059999985, 29211.52148920441, 0.02669902912621359, 0.016504854368932037, 0.015533980582524273],
[107, 3.2089703059999986, 29211.375123147158, 0.02669902912621359, 0.016504854368932037, 0.015533980582524273],
[108, 3.2409064069999984, 29211.564923609218, 0.02669902912621359, 0.016504854368932037, 0.015533980582524273],
[109, 3.2717900069999986, 29211.39550307265, 0.02669902912621359, 0.016019417475728156, 0.015533980582524273],
[110, 3.3029763059999984, 29211.061240588715, 0.02669902912621359, 0.016504854368932037, 0.015533980582524273],
[111, 3.3346420069999985, 29210.890166032314, 0.02669902912621359, 0.016504854368932037, 0.015533980582524273],
[112, 3.3611934059999986, 29210.929007430557, 0.02669902912621359, 0.016019417475728156, 0.015533980582524273],
[113, 3.3923582059999986, 29210.941867489903, 0.02669902912621359, 0.016019417475728156, 0.015533980582524273],
[114, 3.4213176069999984, 29211.18331923389, 0.02669902912621359, 0.016504854368932037, 0.015533980582524273],
[115, 3.4529819069999985, 29211.403501754092, 0.02669902912621359, 0.016504854368932037, 0.015533980582524273],
[116, 3.4819767069999985, 29210.983023924022, 0.02669902912621359, 0.016504854368932037, 0.015776699029126214],
[117, 3.5126185069999987, 29211.338769029462, 0.02669902912621359, 0.016504854368932037, 0.015533980582524273],
[118, 3.5391414069999985, 29211.40012432016, 0.02669902912621359, 0.016504854368932037, 0.015533980582524273],
[119, 3.5691239069999985, 29210.782322594223, 0.02669902912621359, 0.016504854368932037, 0.015776699029126214],
[120, 3.5983012069999987, 29211.043061631095, 0.02669902912621359, 0.016504854368932037, 0.015776699029126214],
[121, 3.6265841069999984, 29210.788407684922, 0.02669902912621359, 0.016504854368932037, 0.015533980582524273],
