rank: 30, ratio of 0 vs 1: 3, lambda:8, learning_rate: 0.2
iter time objective_function precision@K = 1, 5, 10
[0,30272.721302510203, 0.009708737864077669 0.004368932038834952 0.0036407766990291263],
[1, 0.0274087, 29794.114174677023, 0.0048543689320388345, 0.005339805825242719, 0.004126213592233009],
[2, 0.053963501, 29631.338746617665, 0.007281553398058253, 0.005339805825242719, 0.004611650485436893],
[3, 0.0806218, 29477.864540291994, 0.009708737864077669, 0.007281553398058253, 0.005339805825242719],
[4, 0.1064175, 29332.163500889925, 0.0048543689320388345, 0.006310679611650486, 0.004611650485436893],
[5, 0.1335425, 29216.844845569907, 0.0024271844660194173, 0.0038834951456310682, 0.003155339805825243],
[6, 0.158812101, 29265.155572428823, 0.0048543689320388345, 0.005339805825242719, 0.005097087378640777],
[7, 0.18577470000000001, 29210.2501515995, 0.0, 0.005339805825242719, 0.004126213592233009],
[8, 0.21216980000000002, 29258.456837255006, 0.0024271844660194173, 0.0048543689320388345, 0.005339805825242719],
[9, 0.23848319900000003, 29205.421314998734, 0.0048543689320388345, 0.005339805825242719, 0.0048543689320388345],
[10, 0.265779998, 29251.649577659406, 0.01699029126213592, 0.010679611650485438, 0.009223300970873786],
[11, 0.29158289800000003, 29201.248059908106, 0.0, 0.005339805825242719, 0.005097087378640777],
[12, 0.31887529700000006, 29245.33185035003, 0.012135922330097087, 0.009708737864077669, 0.007524271844660194],
[13, 0.34563619700000003, 29197.745552039116, 0.0024271844660194173, 0.006796116504854369, 0.006796116504854369],
[14, 0.373909796, 29239.35411695908, 0.019417475728155338, 0.012621359223300972, 0.009466019417475728],
[15, 0.399912996, 29194.909803057555, 0.007281553398058253, 0.0048543689320388345, 0.0038834951456310682],
[16, 0.426744396, 29233.64449146007, 0.019417475728155338, 0.012135922330097087, 0.009223300970873786],
[17, 0.45271899600000004, 29192.50550378154, 0.007281553398058253, 0.006796116504854369, 0.006310679611650486],
[18, 0.48108789500000004, 29228.330333007285, 0.014563106796116505, 0.011650485436893204, 0.010922330097087379],
[19, 0.5072192950000001, 29190.769407343974, 0.009708737864077669, 0.005825242718446602, 0.005339805825242719],
[20, 0.533414095, 29223.135555354893, 0.021844660194174758, 0.012621359223300972, 0.009223300970873786],
[21, 0.559790294, 29188.873220799687, 0.0048543689320388345, 0.004368932038834952, 0.006553398058252427],
[22, 0.586179993, 29218.88610398565, 0.02669902912621359, 0.013592233009708738, 0.00849514563106796],
[23, 0.613683693, 29187.501309877596, 0.0, 0.002912621359223301, 0.0033980582524271844],
[24, 0.6391950940000001, 29214.44715217432, 0.03640776699029126, 0.016504854368932037, 0.010436893203883494],
[25, 0.6659320950000001, 29186.11099512761, 0.007281553398058253, 0.005339805825242719, 0.005825242718446602],
[26, 0.6927198940000001, 29210.99358171405, 0.01699029126213592, 0.0077669902912621365, 0.007281553398058253],
[27, 0.7196559950000001, 29184.962160810224, 0.007281553398058253, 0.004368932038834952, 0.005097087378640777],
[28, 0.7467397950000001, 29207.230947324875, 0.014563106796116505, 0.015533980582524273, 0.011893203883495147],
[29, 0.7735568960000001, 29183.8679355716, 0.0048543689320388345, 0.005339805825242719, 0.004368932038834952],
[30, 0.8016193960000001, 29204.498642479815, 0.024271844660194174, 0.012135922330097087, 0.010436893203883494],
[31, 0.8288389950000001, 29182.85104518288, 0.007281553398058253, 0.0048543689320388345, 0.0048543689320388345],
[32, 0.8554675960000001, 29201.44367091855, 0.021844660194174758, 0.011650485436893204, 0.009951456310679611],
[33, 0.8811087950000001, 29182.018481462957, 0.0024271844660194173, 0.005339805825242719, 0.0048543689320388345],
[34, 0.9074862960000001, 29199.130931800206, 0.021844660194174758, 0.010194174757281554, 0.008737864077669903],
[35, 0.9337943960000001, 29181.31222963671, 0.0024271844660194173, 0.0033980582524271844, 0.002912621359223301],
[36, 0.9625333960000001, 29196.51485527502, 0.014563106796116505, 0.010679611650485438, 0.010194174757281554],
[37, 0.9886806960000001, 29180.61539341105, 0.0024271844660194173, 0.0024271844660194173, 0.0024271844660194173],
[38, 1.016092795, 29194.735631581774, 0.024271844660194174, 0.015048543689320388, 0.008980582524271846],
[39, 1.044275494, 29179.97260799658, 0.0048543689320388345, 0.005825242718446602, 0.004611650485436893],
[40, 1.071411394, 29192.59310668273, 0.012135922330097087, 0.009708737864077669, 0.009708737864077669],
[41, 1.097008594, 29179.39718415522, 0.0024271844660194173, 0.0038834951456310682, 0.003155339805825243],
[42, 1.122575694, 29191.160861746088, 0.012135922330097087, 0.015048543689320388, 0.010194174757281554],
[43, 1.147768494, 29178.871831436936, 0.0048543689320388345, 0.0024271844660194173, 0.0024271844660194173],
[44, 1.1757285929999999, 29189.39777105732, 0.02912621359223301, 0.011650485436893204, 0.008252427184466019],
[45, 1.201539993, 29178.482626246052, 0.007281553398058253, 0.0033980582524271844, 0.002912621359223301],
[46, 1.228558893, 29188.1825440046, 0.012135922330097087, 0.008737864077669903, 0.007281553398058253],
[47, 1.2530526929999999, 29178.116353335292, 0.009708737864077669, 0.006310679611650486, 0.0048543689320388345],
[48, 1.2789420939999998, 29186.69861912547, 0.012135922330097087, 0.010679611650485438, 0.008737864077669903],
[49, 1.3055488939999997, 29177.776336065763, 0.0048543689320388345, 0.005339805825242719, 0.004368932038834952],
[50, 1.3324663929999998, 29185.696412509147, 0.01699029126213592, 0.0077669902912621365, 0.0077669902912621365],
[51, 1.3584468929999998, 29177.477071026868, 0.0, 0.0033980582524271844, 0.004368932038834952],
[52, 1.3839281919999997, 29184.490294229938, 0.01699029126213592, 0.013106796116504855, 0.009466019417475728],
[53, 1.4092114919999996, 29177.194064613876, 0.0, 0.002912621359223301, 0.0033980582524271844],
[54, 1.4354756919999996, 29183.67602074139, 0.009708737864077669, 0.009223300970873786, 0.006553398058252427],
[55, 1.4618939919999996, 29176.955136746143, 0.0048543689320388345, 0.004368932038834952, 0.00558252427184466],
[56, 1.4886447919999997, 29182.69386892518, 0.009708737864077669, 0.0077669902912621365, 0.006553398058252427],
[57, 1.5154859919999997, 29176.72510695969, 0.0024271844660194173, 0.004368932038834952, 0.00558252427184466],
[58, 1.5415829919999997, 29182.02591522243, 0.01699029126213592, 0.012135922330097087, 0.010922330097087379],
[59, 1.5681405929999996, 29176.52933924755, 0.0024271844660194173, 0.0033980582524271844, 0.00558252427184466],
[60, 1.5938619919999997, 29181.23152146517, 0.019417475728155338, 0.013106796116504855, 0.010679611650485438],
[61, 1.6208793909999997, 29176.339108548043, 0.0048543689320388345, 0.004368932038834952, 0.004611650485436893],
[62, 1.6476930909999996, 29180.68597737225, 0.007281553398058253, 0.005339805825242719, 0.007281553398058253],
[63, 1.6752261909999997, 29176.180959128356, 0.007281553398058253, 0.006796116504854369, 0.005825242718446602],
[64, 1.7025579909999997, 29180.039501784966, 0.012135922330097087, 0.010679611650485438, 0.00849514563106796],
[65, 1.7285834909999997, 29176.03644771562, 0.0024271844660194173, 0.0048543689320388345, 0.005825242718446602],
[66, 1.7537257909999997, 29179.585577913313, 0.014563106796116505, 0.012135922330097087, 0.009951456310679611],
[67, 1.7829591899999997, 29175.916029764936, 0.0024271844660194173, 0.006796116504854369, 0.005097087378640777],
[68, 1.8091850909999998, 29179.049649326655, 0.012135922330097087, 0.007281553398058253, 0.00849514563106796],
[69, 1.8347755919999997, 29175.79903454072, 0.0048543689320388345, 0.0033980582524271844, 0.004611650485436893],
[70, 1.8634171929999996, 29178.67841280917, 0.007281553398058253, 0.008252427184466019, 0.008252427184466019],
[71, 1.8895123929999997, 29175.703098991376, 0.0, 0.005339805825242719, 0.004368932038834952],
[72, 1.9161113929999998, 29178.241014968757, 0.012135922330097087, 0.009223300970873786, 0.007281553398058253],
[73, 1.9439226929999998, 29175.60939638333, 0.0024271844660194173, 0.005339805825242719, 0.006067961165048544],
[74, 1.9706999929999998, 29177.93758719147, 0.009708737864077669, 0.007281553398058253, 0.0077669902912621365],
[75, 2.0028204919999997, 29175.52707971645, 0.0024271844660194173, 0.002912621359223301, 0.002912621359223301],
[76, 2.0279863909999998, 29177.58442089534, 0.014563106796116505, 0.010194174757281554, 0.007281553398058253],
[77, 2.055648491, 29175.45087537785, 0.0024271844660194173, 0.0038834951456310682, 0.004126213592233009],
[78, 2.081263191, 29177.336352875293, 0.014563106796116505, 0.009223300970873786, 0.0077669902912621365],
[79, 2.106898491, 29175.38672885153, 0.0048543689320388345, 0.006310679611650486, 0.004126213592233009],
[80, 2.134567492, 29177.04725877844, 0.019417475728155338, 0.009708737864077669, 0.008980582524271846],
[81, 2.161907492, 29175.325655744855, 0.0, 0.004368932038834952, 0.0036407766990291263],
[82, 2.187741092, 29176.844663803895, 0.007281553398058253, 0.008737864077669903, 0.007524271844660194],
[83, 2.217042292, 29175.26979861555, 0.007281553398058253, 0.005825242718446602, 0.005339805825242719],
[84, 2.244914993, 29176.611477363862, 0.009708737864077669, 0.010194174757281554, 0.00849514563106796],
[85, 2.271512393, 29175.22019047678, 0.0, 0.004368932038834952, 0.004368932038834952],
[86, 2.2985562920000002, 29176.44603500956, 0.0024271844660194173, 0.005339805825242719, 0.006796116504854369],
[87, 2.324223792, 29175.176569589905, 0.0, 0.002912621359223301, 0.0036407766990291263],
[88, 2.352790092, 29176.261909766545, 0.01699029126213592, 0.008252427184466019, 0.008980582524271846],
[89, 2.3790318920000004, 29175.130628042098, 0.007281553398058253, 0.005339805825242719, 0.005097087378640777],
[90, 2.4105920920000004, 29176.126398492546, 0.009708737864077669, 0.005825242718446602, 0.005825242718446602],
[91, 2.4374676930000003, 29175.092738632582, 0.0024271844660194173, 0.0038834951456310682, 0.003155339805825243],
[92, 2.4637249930000005, 29175.977703217646, 0.012135922330097087, 0.009223300970873786, 0.008009708737864078],
[93, 2.4920283930000005, 29175.054522709343, 0.0, 0.0009708737864077671, 0.0033980582524271844],
[94, 2.5177285930000006, 29175.868094587022, 0.01699029126213592, 0.012621359223300972, 0.010436893203883494],
[95, 2.5433183930000007, 29175.02591879509, 0.007281553398058253, 0.005339805825242719, 0.004611650485436893],
[96, 2.570324892000001, 29175.745619148118, 0.021844660194174758, 0.013106796116504855, 0.009951456310679611],
[97, 2.5979901920000006, 29174.995096891817, 0.009708737864077669, 0.007281553398058253, 0.00558252427184466],
[98, 2.6243035920000004, 29175.655917680797, 0.012135922330097087, 0.008737864077669903, 0.007281553398058253],
[99, 2.6510618920000004, 29174.97005132663, 0.0048543689320388345, 0.005825242718446602, 0.005825242718446602],
[100, 2.6775976910000003, 29175.557253646446, 0.014563106796116505, 0.008252427184466019, 0.008009708737864078],
[101, 2.705080091, 29174.944835924623, 0.009708737864077669, 0.005339805825242719, 0.005097087378640777],
[102, 2.730654491, 29175.4843882321, 0.012135922330097087, 0.010194174757281554, 0.008009708737864078],
[103, 2.75570789, 29174.925739667444, 0.0, 0.0048543689320388345, 0.004368932038834952],
[104, 2.781697189, 29175.403218920834, 0.007281553398058253, 0.0077669902912621365, 0.006796116504854369],
[105, 2.808903789, 29174.905395557387, 0.0024271844660194173, 0.0024271844660194173, 0.003155339805825243],
[106, 2.83510879, 29175.343702527007, 0.009708737864077669, 0.010679611650485438, 0.00849514563106796],
[107, 2.86148399, 29174.888702577053, 0.0, 0.0038834951456310682, 0.0036407766990291263],
[108, 2.88949699, 29175.27825906403, 0.02669902912621359, 0.013106796116504855, 0.010436893203883494],
[109, 2.91681899, 29174.8719004978, 0.0, 0.004368932038834952, 0.0036407766990291263],
[110, 2.9418779909999997, 29175.230015100016, 0.01699029126213592, 0.009708737864077669, 0.0077669902912621365],
[111, 2.969331991, 29174.85938179348, 0.0024271844660194173, 0.0024271844660194173, 0.005097087378640777],
[112, 2.9974576899999996, 29175.17601995085, 0.019417475728155338, 0.008252427184466019, 0.005825242718446602],
[113, 3.0247372889999995, 29174.84572594301, 0.014563106796116505, 0.007281553398058253, 0.006310679611650486],
[114, 3.0535248879999997, 29175.13663887021, 0.019417475728155338, 0.010194174757281554, 0.007524271844660194],
[115, 3.080940389, 29174.83478433329, 0.0048543689320388345, 0.006310679611650486, 0.006310679611650486],
[116, 3.1057664889999996, 29175.093149289598, 0.01699029126213592, 0.008252427184466019, 0.006553398058252427],
[117, 3.131816189, 29174.823547557287, 0.0024271844660194173, 0.004368932038834952, 0.006796116504854369],
[118, 3.156605289, 29175.0612018204, 0.014563106796116505, 0.0077669902912621365, 0.006553398058252427],
[119, 3.184774789, 29174.815278618033, 0.0024271844660194173, 0.004368932038834952, 0.005339805825242719],
[120, 3.212330388, 29175.025340031258, 0.01699029126213592, 0.009223300970873786, 0.00703883495145631],
[121, 3.2405521889999997, 29174.80625336757, 0.0, 0.002912621359223301, 0.005339805825242719],
