rank: 30, ratio of 0 vs 1: 3, lambda:5, learning_rate: 0.2
iter time objective_function precision@K = 1, 5, 10
[0,29861.049530598786, 0.009708737864077669 0.004368932038834952 0.0036407766990291263],
[1, 0.0331945, 29619.932801458388, 0.0024271844660194173, 0.0024271844660194173, 0.003155339805825243],
[2, 0.058346599, 29538.90675218422, 0.0024271844660194173, 0.0024271844660194173, 0.0036407766990291263],
[3, 0.086840399, 29473.960908134854, 0.009708737864077669, 0.0048543689320388345, 0.004611650485436893],
[4, 0.112633398, 29410.1361984711, 0.009708737864077669, 0.006796116504854369, 0.006310679611650486],
[5, 0.139769097, 29345.913287061816, 0.009708737864077669, 0.0038834951456310682, 0.0033980582524271844],
[6, 0.166242898, 29281.25863258758, 0.0024271844660194173, 0.0033980582524271844, 0.0036407766990291263],
[7, 0.193864499, 29218.027120168943, 0.0048543689320388345, 0.005339805825242719, 0.004126213592233009],
[8, 0.222024899, 29206.10994111386, 0.007281553398058253, 0.004368932038834952, 0.005825242718446602],
[9, 0.249931099, 29210.367504441518, 0.007281553398058253, 0.0077669902912621365, 0.006310679611650486],
[10, 0.277297199, 29205.75147448734, 0.0024271844660194173, 0.002912621359223301, 0.003155339805825243],
[11, 0.304037299, 29210.31944775114, 0.007281553398058253, 0.0033980582524271844, 0.0033980582524271844],
[12, 0.330017199, 29205.722792839242, 0.0048543689320388345, 0.007281553398058253, 0.005825242718446602],
[13, 0.357029599, 29210.35298703398, 0.0024271844660194173, 0.007281553398058253, 0.007281553398058253],
[14, 0.385791899, 29205.690168305493, 0.0048543689320388345, 0.004368932038834952, 0.002912621359223301],
[15, 0.41227169799999996, 29210.39338662917, 0.0, 0.005339805825242719, 0.0038834951456310682],
[16, 0.438303497, 29205.659245971, 0.0, 0.0009708737864077671, 0.002912621359223301],
[17, 0.465610397, 29210.41558055908, 0.0024271844660194173, 0.0019417475728155341, 0.0019417475728155341],
[18, 0.491151696, 29205.64184020234, 0.0, 0.0024271844660194173, 0.002912621359223301],
[19, 0.5171557960000001, 29210.442974539812, 0.0, 0.00048543689320388353, 0.004126213592233009],
[20, 0.544870096, 29205.616135956454, 0.007281553398058253, 0.0038834951456310682, 0.0038834951456310682],
[21, 0.572624196, 29210.47178011312, 0.0024271844660194173, 0.0024271844660194173, 0.0024271844660194173],
[22, 0.5989550960000001, 29205.592781896383, 0.0, 0.0019417475728155341, 0.0019417475728155341],
[23, 0.6242717950000001, 29210.49857824791, 0.0, 0.0038834951456310682, 0.004611650485436893],
[24, 0.652377995, 29205.56421486312, 0.007281553398058253, 0.002912621359223301, 0.002912621359223301],
[25, 0.678550995, 29210.538847012853, 0.0024271844660194173, 0.004368932038834952, 0.003155339805825243],
[26, 0.705180796, 29205.535707684518, 0.007281553398058253, 0.0038834951456310682, 0.003155339805825243],
[27, 0.733936396, 29210.570272054276, 0.0024271844660194173, 0.002912621359223301, 0.0038834951456310682],
[28, 0.761481795, 29205.512724935994, 0.0048543689320388345, 0.004368932038834952, 0.004368932038834952],
[29, 0.789490995, 29210.590755919948, 0.007281553398058253, 0.0048543689320388345, 0.004126213592233009],
[30, 0.816693895, 29205.494775282546, 0.0048543689320388345, 0.0038834951456310682, 0.002912621359223301],
[31, 0.844045495, 29210.61367144021, 0.0024271844660194173, 0.004368932038834952, 0.004611650485436893],
[32, 0.8709912940000001, 29205.46344713804, 0.0, 0.0033980582524271844, 0.0033980582524271844],
[33, 0.896716794, 29210.64679945119, 0.0048543689320388345, 0.0038834951456310682, 0.003155339805825243],
[34, 0.923565194, 29205.453031751305, 0.012135922330097087, 0.004368932038834952, 0.0048543689320388345],
[35, 0.9485979950000001, 29210.659983337588, 0.0048543689320388345, 0.0033980582524271844, 0.002912621359223301],
[36, 0.9736386950000001, 29205.440995921505, 0.0048543689320388345, 0.0024271844660194173, 0.0033980582524271844],
[37, 0.9987743950000001, 29210.677310193856, 0.0, 0.00048543689320388353, 0.0019417475728155341],
[38, 1.0244532960000001, 29205.419902785045, 0.0024271844660194173, 0.0038834951456310682, 0.0033980582524271844],
[39, 1.051144797, 29210.6935210032, 0.0024271844660194173, 0.0024271844660194173, 0.0033980582524271844],
[40, 1.0801877960000001, 29205.40922897367, 0.0, 0.004368932038834952, 0.0036407766990291263],
[41, 1.106973296, 29210.71251730788, 0.012135922330097087, 0.0038834951456310682, 0.004368932038834952],
[42, 1.1333398970000002, 29205.401407143472, 0.009708737864077669, 0.0033980582524271844, 0.002912621359223301],
[43, 1.160571696, 29210.731696289135, 0.0048543689320388345, 0.0024271844660194173, 0.0026699029126213596],
[44, 1.186555696, 29205.38651802287, 0.0048543689320388345, 0.0033980582524271844, 0.0033980582524271844],
[45, 1.213952696, 29210.758008204513, 0.009708737864077669, 0.006310679611650486, 0.005097087378640777],
[46, 1.244481396, 29205.351175511623, 0.0024271844660194173, 0.0014563106796116505, 0.0024271844660194173],
[47, 1.271739095, 29210.773274799492, 0.0024271844660194173, 0.0038834951456310682, 0.003155339805825243],
[48, 1.300514495, 29205.3395383139, 0.0048543689320388345, 0.0014563106796116505, 0.0036407766990291263],
[49, 1.327552495, 29210.79164828497, 0.0, 0.004368932038834952, 0.0036407766990291263],
[50, 1.354162195, 29205.331784319907, 0.0048543689320388345, 0.0024271844660194173, 0.0026699029126213596],
[51, 1.379809995, 29210.812579586032, 0.0, 0.004368932038834952, 0.0038834951456310682],
[52, 1.407715195, 29205.313188252992, 0.0, 0.0048543689320388345, 0.004126213592233009],
[53, 1.433819695, 29210.830914936258, 0.0024271844660194173, 0.0033980582524271844, 0.004368932038834952],
[54, 1.4618209949999998, 29205.287912908054, 0.0024271844660194173, 0.0024271844660194173, 0.0038834951456310682],
[55, 1.488485296, 29210.866470762543, 0.0024271844660194173, 0.0033980582524271844, 0.0033980582524271844],
[56, 1.517516097, 29205.267275201233, 0.0024271844660194173, 0.0024271844660194173, 0.0033980582524271844],
[57, 1.5450670979999999, 29210.886667246497, 0.0024271844660194173, 0.0033980582524271844, 0.002912621359223301],
[58, 1.5707086989999999, 29205.25432922736, 0.0, 0.0014563106796116505, 0.0026699029126213596],
[59, 1.597496299, 29210.901771936835, 0.0024271844660194173, 0.0033980582524271844, 0.0038834951456310682],
[60, 1.624578299, 29205.232833655693, 0.0024271844660194173, 0.002912621359223301, 0.0038834951456310682],
[61, 1.650129099, 29210.93100574122, 0.0024271844660194173, 0.0033980582524271844, 0.004126213592233009],
[62, 1.6784393, 29205.200887252475, 0.0048543689320388345, 0.002912621359223301, 0.0026699029126213596],
[63, 1.7047326, 29210.969604222697, 0.0024271844660194173, 0.0077669902912621365, 0.005825242718446602],
[64, 1.7322227000000001, 29205.177966744817, 0.0024271844660194173, 0.0033980582524271844, 0.003155339805825243],
[65, 1.7580218, 29210.99136494777, 0.0048543689320388345, 0.0024271844660194173, 0.0024271844660194173],
[66, 1.785561299, 29205.151280746664, 0.0024271844660194173, 0.002912621359223301, 0.004611650485436893],
[67, 1.810965, 29211.026446008378, 0.0024271844660194173, 0.0048543689320388345, 0.003155339805825243],
[68, 1.8377421999999999, 29205.118458934314, 0.007281553398058253, 0.0038834951456310682, 0.0036407766990291263],
[69, 1.8641303009999999, 29211.05023613662, 0.0024271844660194173, 0.005339805825242719, 0.0038834951456310682],
[70, 1.890828301, 29205.099498907362, 0.0024271844660194173, 0.002912621359223301, 0.0026699029126213596],
[71, 1.917539101, 29211.076090587365, 0.007281553398058253, 0.004368932038834952, 0.004126213592233009],
[72, 1.946411602, 29205.076928413182, 0.0024271844660194173, 0.0024271844660194173, 0.0024271844660194173],
[73, 1.976152101, 29211.11001505582, 0.007281553398058253, 0.002912621359223301, 0.0024271844660194173],
[74, 2.003026502, 29205.047963851743, 0.0, 0.0019417475728155341, 0.002184466019417476],
[75, 2.030272202, 29211.138304358417, 0.0, 0.0014563106796116505, 0.0019417475728155341],
[76, 2.0629561009999997, 29205.02296593148, 0.0024271844660194173, 0.002912621359223301, 0.003155339805825243],
[77, 2.0905301009999997, 29211.1679173342, 0.0024271844660194173, 0.0019417475728155341, 0.0024271844660194173],
[78, 2.1175192, 29204.987449882854, 0.0024271844660194173, 0.0019417475728155341, 0.0019417475728155341],
[79, 2.1436821, 29211.21378889065, 0.0048543689320388345, 0.002912621359223301, 0.0048543689320388345],
[80, 2.1699634, 29204.95258836149, 0.0048543689320388345, 0.005825242718446602, 0.004126213592233009],
[81, 2.195612101, 29211.245217909134, 0.009708737864077669, 0.0048543689320388345, 0.004368932038834952],
[82, 2.222753901, 29204.92410790688, 0.0024271844660194173, 0.0048543689320388345, 0.003155339805825243],
[83, 2.2503079009999998, 29211.267484376345, 0.0048543689320388345, 0.0038834951456310682, 0.002912621359223301],
[84, 2.2777803, 29204.900556294448, 0.0048543689320388345, 0.0038834951456310682, 0.004368932038834952],
[85, 2.3106153999999997, 29211.30670962023, 0.0048543689320388345, 0.002912621359223301, 0.002912621359223301],
[86, 2.3373896, 29204.866747959273, 0.0048543689320388345, 0.004368932038834952, 0.004611650485436893],
[87, 2.363745801, 29211.342898140352, 0.0048543689320388345, 0.004368932038834952, 0.0048543689320388345],
[88, 2.3896324019999997, 29204.838594568268, 0.0, 0.0024271844660194173, 0.0026699029126213596],
[89, 2.4201840009999995, 29211.37402701529, 0.0, 0.0033980582524271844, 0.0026699029126213596],
[90, 2.4481795999999996, 29204.81076810834, 0.0048543689320388345, 0.0048543689320388345, 0.0033980582524271844],
[91, 2.4735204999999993, 29211.39083229933, 0.0048543689320388345, 0.0024271844660194173, 0.0014563106796116505],
[92, 2.4997761999999994, 29204.796484450453, 0.0048543689320388345, 0.0024271844660194173, 0.003155339805825243],
[93, 2.5256629999999993, 29211.416858207143, 0.0024271844660194173, 0.0033980582524271844, 0.004611650485436893],
[94, 2.5523820989999995, 29204.77453529532, 0.007281553398058253, 0.005825242718446602, 0.0048543689320388345],
[95, 2.5795976989999994, 29211.443691144552, 0.0, 0.0019417475728155341, 0.0026699029126213596],
[96, 2.6095307999999995, 29204.74118112214, 0.0, 0.0019417475728155341, 0.003155339805825243],
[97, 2.6356007009999995, 29211.47453875976, 0.0048543689320388345, 0.0014563106796116505, 0.002184466019417476],
[98, 2.6627415009999997, 29204.718325670154, 0.0048543689320388345, 0.005339805825242719, 0.004126213592233009],
[99, 2.6889595999999996, 29211.5067660382, 0.0024271844660194173, 0.0048543689320388345, 0.003155339805825243],
[100, 2.7166296009999997, 29204.69705078037, 0.009708737864077669, 0.005825242718446602, 0.004126213592233009],
[101, 2.744584201, 29211.527358063566, 0.0024271844660194173, 0.004368932038834952, 0.0033980582524271844],
[102, 2.769429901, 29204.679449610547, 0.0048543689320388345, 0.0033980582524271844, 0.0019417475728155341],
[103, 2.7950558, 29211.545421294406, 0.009708737864077669, 0.007281553398058253, 0.0048543689320388345],
[104, 2.821586899, 29204.665760294898, 0.0024271844660194173, 0.0038834951456310682, 0.004368932038834952],
[105, 2.847787599, 29211.55668457178, 0.0, 0.002912621359223301, 0.002912621359223301],
[106, 2.8754544980000003, 29204.66839518154, 0.0, 0.0024271844660194173, 0.0036407766990291263],
[107, 2.9019329990000005, 29211.55769623848, 0.0024271844660194173, 0.0048543689320388345, 0.004126213592233009],
[108, 2.9276145990000004, 29204.66496924824, 0.0024271844660194173, 0.0024271844660194173, 0.0026699029126213596],
[109, 2.9552449990000005, 29211.5628386713, 0.0048543689320388345, 0.002912621359223301, 0.0033980582524271844],
[110, 2.9809120990000006, 29204.65896152088, 0.0048543689320388345, 0.0019417475728155341, 0.0026699029126213596],
[111, 3.0088078980000006, 29211.562198748452, 0.0, 0.002912621359223301, 0.0024271844660194173],
[112, 3.0354704980000005, 29204.65671676911, 0.0048543689320388345, 0.005339805825242719, 0.0038834951456310682],
[113, 3.0613893970000006, 29211.577445255207, 0.0024271844660194173, 0.002912621359223301, 0.003155339805825243],
[114, 3.0878636960000008, 29204.648167571737, 0.0024271844660194173, 0.0033980582524271844, 0.0024271844660194173],
[115, 3.1180169970000007, 29211.58765971046, 0.0024271844660194173, 0.002912621359223301, 0.0036407766990291263],
[116, 3.1435454970000007, 29204.650368637027, 0.009708737864077669, 0.0048543689320388345, 0.005097087378640777],
[117, 3.1698210970000007, 29211.58617400185, 0.0024271844660194173, 0.0033980582524271844, 0.002184466019417476],
[118, 3.195887397000001, 29204.64694945957, 0.0024271844660194173, 0.0019417475728155341, 0.0019417475728155341],
[119, 3.2216107970000007, 29211.584441461524, 0.0, 0.0019417475728155341, 0.0024271844660194173],
[120, 3.2489797980000006, 29204.64241325957, 0.0024271844660194173, 0.002912621359223301, 0.0026699029126213596],
[121, 3.2837833980000006, 29211.59095691127, 0.0024271844660194173, 0.0024271844660194173, 0.004126213592233009],
