rank: 30, ratio of 0 vs 1: 3, lambda:7, learning_rate: 0.2
iter time objective_function precision@K = 1, 5, 10
[0,30135.49737853973, 0.009708737864077669 0.004368932038834952 0.0036407766990291263],
[1, 0.0266246, 29734.136986043042, 0.0024271844660194173, 0.002912621359223301, 0.0033980582524271844],
[2, 0.054031499999999996, 29627.335975773127, 0.0048543689320388345, 0.004368932038834952, 0.0038834951456310682],
[3, 0.081102501, 29543.76369501198, 0.012135922330097087, 0.005339805825242719, 0.005339805825242719],
[4, 0.10800030199999999, 29477.19388324442, 0.007281553398058253, 0.006310679611650486, 0.004611650485436893],
[5, 0.134397401, 29423.985260931724, 0.007281553398058253, 0.0038834951456310682, 0.004368932038834952],
[6, 0.1628493, 29381.54833333723, 0.007281553398058253, 0.004368932038834952, 0.0038834951456310682],
[7, 0.190061599, 29347.584638875112, 0.007281553398058253, 0.0048543689320388345, 0.004611650485436893],
[8, 0.21839909899999999, 29320.315538218136, 0.007281553398058253, 0.0038834951456310682, 0.004126213592233009],
[9, 0.24412559899999997, 29298.46349110169, 0.0048543689320388345, 0.004368932038834952, 0.0048543689320388345],
[10, 0.27023369799999997, 29281.079612640035, 0.007281553398058253, 0.0048543689320388345, 0.004368932038834952],
[11, 0.29589769699999996, 29267.158130066557, 0.007281553398058253, 0.005339805825242719, 0.004611650485436893],
[12, 0.32184279699999996, 29255.983815576026, 0.0048543689320388345, 0.005825242718446602, 0.004611650485436893],
[13, 0.349526097, 29247.230462443455, 0.0048543689320388345, 0.005825242718446602, 0.004611650485436893],
[14, 0.375772797, 29240.557031332406, 0.0024271844660194173, 0.005339805825242719, 0.004126213592233009],
[15, 0.402595696, 29235.121872734726, 0.0024271844660194173, 0.0048543689320388345, 0.0036407766990291263],
[16, 0.42854759600000003, 29230.86381598037, 0.0024271844660194173, 0.0038834951456310682, 0.0038834951456310682],
[17, 0.45499419500000005, 29227.44719979036, 0.0024271844660194173, 0.004368932038834952, 0.0038834951456310682],
[18, 0.48114929500000003, 29224.95507658947, 0.0024271844660194173, 0.004368932038834952, 0.0038834951456310682],
[19, 0.509109494, 29222.81253818921, 0.0, 0.004368932038834952, 0.0036407766990291263],
[20, 0.536044693, 29221.280414018875, 0.0, 0.004368932038834952, 0.0036407766990291263],
[21, 0.561694393, 29219.9775875235, 0.0, 0.0048543689320388345, 0.0038834951456310682],
[22, 0.5879625940000001, 29219.059728685606, 0.0, 0.004368932038834952, 0.004126213592233009],
[23, 0.613539295, 29218.220653808556, 0.0024271844660194173, 0.0048543689320388345, 0.004126213592233009],
[24, 0.639489995, 29217.610151180015, 0.0024271844660194173, 0.0048543689320388345, 0.004126213592233009],
[25, 0.666427195, 29217.072702437228, 0.0024271844660194173, 0.0048543689320388345, 0.004126213592233009],
[26, 0.691211695, 29216.71341359223, 0.0024271844660194173, 0.004368932038834952, 0.004126213592233009],
[27, 0.718825394, 29216.35107721941, 0.0024271844660194173, 0.004368932038834952, 0.004611650485436893],
[28, 0.745081593, 29216.122641581445, 0.0024271844660194173, 0.004368932038834952, 0.0048543689320388345],
[29, 0.7737216929999999, 29215.891007537637, 0.0024271844660194173, 0.004368932038834952, 0.004611650485436893],
[30, 0.7993791929999999, 29215.739350560172, 0.0024271844660194173, 0.004368932038834952, 0.0048543689320388345],
[31, 0.827083492, 29215.58992374042, 0.0024271844660194173, 0.004368932038834952, 0.0048543689320388345],
[32, 0.853906292, 29215.502833084167, 0.0024271844660194173, 0.004368932038834952, 0.0048543689320388345],
[33, 0.8798558910000001, 29215.397889725868, 0.0024271844660194173, 0.004368932038834952, 0.0048543689320388345],
[34, 0.9061403910000001, 29215.343957461922, 0.0024271844660194173, 0.004368932038834952, 0.0048543689320388345],
[35, 0.9324068900000001, 29215.271248808123, 0.0024271844660194173, 0.004368932038834952, 0.0048543689320388345],
[36, 0.9592182900000001, 29215.24822336758, 0.0024271844660194173, 0.004368932038834952, 0.0048543689320388345],
[37, 0.9857972910000001, 29215.208172700673, 0.0024271844660194173, 0.004368932038834952, 0.0048543689320388345],
[38, 1.0130515910000002, 29215.182673746167, 0.0024271844660194173, 0.004368932038834952, 0.0048543689320388345],
[39, 1.0405750910000002, 29215.1621275174, 0.0024271844660194173, 0.004368932038834952, 0.0048543689320388345],
[40, 1.0661130910000003, 29215.140488562796, 0.0024271844660194173, 0.004368932038834952, 0.0048543689320388345],
[41, 1.0920596900000004, 29215.12286810992, 0.0024271844660194173, 0.004368932038834952, 0.0048543689320388345],
[42, 1.1237055890000003, 29215.116368329735, 0.0024271844660194173, 0.004368932038834952, 0.0048543689320388345],
[43, 1.1520121890000004, 29215.111192747943, 0.0024271844660194173, 0.004368932038834952, 0.0048543689320388345],
[44, 1.1778892880000003, 29215.09815695254, 0.0024271844660194173, 0.004368932038834952, 0.0048543689320388345],
[45, 1.2029951870000002, 29215.086907220008, 0.0024271844660194173, 0.004368932038834952, 0.0048543689320388345],
[46, 1.2288130870000002, 29215.098283823874, 0.0024271844660194173, 0.004368932038834952, 0.0048543689320388345],
[47, 1.2544218870000003, 29215.079870003956, 0.0024271844660194173, 0.004368932038834952, 0.0048543689320388345],
[48, 1.2804779870000003, 29215.0766372382, 0.0024271844660194173, 0.004368932038834952, 0.0048543689320388345],
[49, 1.3070567870000003, 29215.077003193877, 0.0024271844660194173, 0.004368932038834952, 0.0048543689320388345],
[50, 1.3350104860000003, 29215.08490639169, 0.0024271844660194173, 0.004368932038834952, 0.0048543689320388345],
[51, 1.3609920870000003, 29215.081145759745, 0.0024271844660194173, 0.004368932038834952, 0.0048543689320388345],
[52, 1.3866136870000003, 29215.08196470523, 0.0024271844660194173, 0.004368932038834952, 0.0048543689320388345],
[53, 1.4137778870000004, 29215.077205690162, 0.0024271844660194173, 0.004368932038834952, 0.0048543689320388345],
[54, 1.4426312870000004, 29215.0801684726, 0.0024271844660194173, 0.004368932038834952, 0.0048543689320388345],
[55, 1.4690973870000004, 29215.07802489884, 0.0024271844660194173, 0.004368932038834952, 0.0048543689320388345],
[56, 1.4952567880000003, 29215.075223151365, 0.0024271844660194173, 0.004368932038834952, 0.0048543689320388345],
[57, 1.5218461870000002, 29215.063005652457, 0.0024271844660194173, 0.004368932038834952, 0.0048543689320388345],
[58, 1.5474583870000003, 29215.06898928835, 0.0024271844660194173, 0.004368932038834952, 0.0048543689320388345],
[59, 1.5733518870000003, 29215.074642527845, 0.0024271844660194173, 0.004368932038834952, 0.0048543689320388345],
[60, 1.6010686880000002, 29215.0690370634, 0.0024271844660194173, 0.004368932038834952, 0.0048543689320388345],
[61, 1.6269181890000002, 29215.075474505145, 0.0024271844660194173, 0.004368932038834952, 0.0048543689320388345],
[62, 1.6536725890000001, 29215.064970718908, 0.0024271844660194173, 0.004368932038834952, 0.0048543689320388345],
[63, 1.6791915890000002, 29215.064348568612, 0.0024271844660194173, 0.004368932038834952, 0.0048543689320388345],
[64, 1.7107080900000002, 29215.07492058409, 0.0024271844660194173, 0.004368932038834952, 0.0048543689320388345],
[65, 1.7362058910000002, 29215.06459422506, 0.0024271844660194173, 0.004368932038834952, 0.0048543689320388345],
[66, 1.7615740910000002, 29215.076299865505, 0.0024271844660194173, 0.004368932038834952, 0.0048543689320388345],
[67, 1.7892344910000002, 29215.071735654416, 0.0024271844660194173, 0.004368932038834952, 0.0048543689320388345],
[68, 1.816571791, 29215.068206064745, 0.0024271844660194173, 0.004368932038834952, 0.0048543689320388345],
[69, 1.843908391, 29215.07260955115, 0.0024271844660194173, 0.004368932038834952, 0.0048543689320388345],
[70, 1.86959459, 29215.065795758655, 0.0024271844660194173, 0.004368932038834952, 0.0048543689320388345],
[71, 1.89585249, 29215.073652352574, 0.0024271844660194173, 0.004368932038834952, 0.0048543689320388345],
[72, 1.920515691, 29215.070536983112, 0.0024271844660194173, 0.004368932038834952, 0.0048543689320388345],
[73, 1.948072092, 29215.071364791085, 0.0024271844660194173, 0.004368932038834952, 0.0048543689320388345],
[74, 1.972155192, 29215.073809709156, 0.0024271844660194173, 0.004368932038834952, 0.0048543689320388345],
[75, 2.000162593, 29215.068726641457, 0.0024271844660194173, 0.004368932038834952, 0.0048543689320388345],
[76, 2.0266641930000002, 29215.07420580161, 0.0024271844660194173, 0.004368932038834952, 0.0048543689320388345],
[77, 2.0558385930000003, 29215.06807697176, 0.0024271844660194173, 0.004368932038834952, 0.0048543689320388345],
[78, 2.0838618930000004, 29215.062839197977, 0.0024271844660194173, 0.004368932038834952, 0.0048543689320388345],
[79, 2.1092991930000005, 29215.0734798481, 0.0024271844660194173, 0.004368932038834952, 0.0048543689320388345],
[80, 2.1358175920000004, 29215.067420681564, 0.0024271844660194173, 0.004368932038834952, 0.0048543689320388345],
[81, 2.1617641920000006, 29215.07894375042, 0.0024271844660194173, 0.004368932038834952, 0.0048543689320388345],
[82, 2.1870355930000005, 29215.07022818715, 0.0024271844660194173, 0.004368932038834952, 0.0048543689320388345],
[83, 2.2230638930000004, 29215.069562415178, 0.0024271844660194173, 0.004368932038834952, 0.0048543689320388345],
[84, 2.2488298930000004, 29215.067856454345, 0.0024271844660194173, 0.004368932038834952, 0.0048543689320388345],
[85, 2.2746148930000003, 29215.067681483473, 0.0024271844660194173, 0.004368932038834952, 0.0048543689320388345],
[86, 2.299396493, 29215.064615180298, 0.0024271844660194173, 0.004368932038834952, 0.0048543689320388345],
[87, 2.324772893, 29215.072305125326, 0.0024271844660194173, 0.004368932038834952, 0.0048543689320388345],
[88, 2.351710293, 29215.069451477146, 0.0024271844660194173, 0.004368932038834952, 0.0048543689320388345],
[89, 2.379068493, 29215.070276900526, 0.0024271844660194173, 0.004368932038834952, 0.0048543689320388345],
[90, 2.407307394, 29215.072266985477, 0.0024271844660194173, 0.004368932038834952, 0.0048543689320388345],
[91, 2.4330216940000002, 29215.072480216346, 0.0024271844660194173, 0.004368932038834952, 0.0048543689320388345],
[92, 2.4607207950000003, 29215.071966035608, 0.0024271844660194173, 0.004368932038834952, 0.0048543689320388345],
[93, 2.485177396, 29215.071953126615, 0.0024271844660194173, 0.004368932038834952, 0.0048543689320388345],
[94, 2.5099240970000003, 29215.06936271702, 0.0024271844660194173, 0.004368932038834952, 0.0048543689320388345],
[95, 2.5361690980000002, 29215.07414879314, 0.0024271844660194173, 0.004368932038834952, 0.0048543689320388345],
[96, 2.562796699, 29215.073296230807, 0.0024271844660194173, 0.004368932038834952, 0.0048543689320388345],
[97, 2.5904641, 29215.07341965197, 0.0024271844660194173, 0.004368932038834952, 0.0048543689320388345],
[98, 2.6181304, 29215.074024041194, 0.0024271844660194173, 0.004368932038834952, 0.0048543689320388345],
[99, 2.645069801, 29215.072435279253, 0.0024271844660194173, 0.004368932038834952, 0.0048543689320388345],
[100, 2.6714781, 29215.07519698158, 0.0024271844660194173, 0.004368932038834952, 0.0048543689320388345],
[101, 2.6976966, 29215.07769543771, 0.0024271844660194173, 0.004368932038834952, 0.0048543689320388345],
[102, 2.7247483, 29215.069749929684, 0.0024271844660194173, 0.004368932038834952, 0.0048543689320388345],
[103, 2.74978, 29215.06377492408, 0.0024271844660194173, 0.004368932038834952, 0.0048543689320388345],
[104, 2.7777799009999997, 29215.066559324016, 0.0024271844660194173, 0.004368932038834952, 0.0048543689320388345],
[105, 2.8043396009999997, 29215.067650502453, 0.0024271844660194173, 0.004368932038834952, 0.0048543689320388345],
[106, 2.831376501, 29215.076921753596, 0.0024271844660194173, 0.004368932038834952, 0.0048543689320388345],
[107, 2.858583402, 29215.071841096335, 0.0024271844660194173, 0.004368932038834952, 0.0048543689320388345],
[108, 2.8847705009999998, 29215.066821479893, 0.0024271844660194173, 0.004368932038834952, 0.0048543689320388345],
[109, 2.9113704009999997, 29215.07464281278, 0.0024271844660194173, 0.004368932038834952, 0.0048543689320388345],
[110, 2.9375739019999996, 29215.066806516534, 0.0024271844660194173, 0.004368932038834952, 0.0048543689320388345],
[111, 2.9634331029999994, 29215.063315870764, 0.0024271844660194173, 0.004368932038834952, 0.0048543689320388345],
[112, 2.9888598029999995, 29215.072436112412, 0.0024271844660194173, 0.004368932038834952, 0.0048543689320388345],
[113, 3.0147728029999996, 29215.06373279966, 0.0024271844660194173, 0.004368932038834952, 0.0048543689320388345],
[114, 3.0408048029999994, 29215.06858307984, 0.0024271844660194173, 0.004368932038834952, 0.0048543689320388345],
[115, 3.0665774029999993, 29215.07239637963, 0.0024271844660194173, 0.004368932038834952, 0.0048543689320388345],
[116, 3.092310902999999, 29215.07448288205, 0.0024271844660194173, 0.004368932038834952, 0.0048543689320388345],
[117, 3.118571902999999, 29215.068781379257, 0.0024271844660194173, 0.004368932038834952, 0.0048543689320388345],
[118, 3.146223302999999, 29215.069131371965, 0.0024271844660194173, 0.004368932038834952, 0.0048543689320388345],
[119, 3.172917802999999, 29215.06516982571, 0.0024271844660194173, 0.004368932038834952, 0.0048543689320388345],
[120, 3.199236602999999, 29215.072471931308, 0.0024271844660194173, 0.004368932038834952, 0.0048543689320388345],
[121, 3.2262140029999986, 29215.06740859295, 0.0024271844660194173, 0.004368932038834952, 0.0048543689320388345],
