rank: 30, ratio of 0 vs 1: 3, lambda:3, learning_rate: 0.2
iter time objective_function precision@K = 1, 5, 10
[0,29586.601682657845, 0.009708737864077669 0.004368932038834952 0.0036407766990291263],
[1, 0.027757, 29483.549154587243, 0.0048543689320388345, 0.0038834951456310682, 0.0033980582524271844],
[2, 0.058235601, 29442.334302018804, 0.009708737864077669, 0.005339805825242719, 0.002912621359223301],
[3, 0.086969201, 29419.526839082035, 0.0048543689320388345, 0.0048543689320388345, 0.004126213592233009],
[4, 0.11321620099999999, 29404.573227841258, 0.0048543689320388345, 0.004368932038834952, 0.004368932038834952],
[5, 0.138297601, 29392.758025608367, 0.009708737864077669, 0.006310679611650486, 0.0048543689320388345],
[6, 0.164660501, 29384.84954662888, 0.007281553398058253, 0.0033980582524271844, 0.004611650485436893],
[7, 0.19544969999999998, 29378.33041961239, 0.009708737864077669, 0.0033980582524271844, 0.004611650485436893],
[8, 0.22196260099999998, 29373.242860727012, 0.009708737864077669, 0.004368932038834952, 0.004611650485436893],
[9, 0.248510201, 29367.93281325016, 0.009708737864077669, 0.004368932038834952, 0.0048543689320388345],
[10, 0.276016102, 29365.08514195433, 0.009708737864077669, 0.004368932038834952, 0.005339805825242719],
[11, 0.303965601, 29363.130355035602, 0.009708737864077669, 0.0033980582524271844, 0.0048543689320388345],
[12, 0.3309179, 29361.10047690218, 0.009708737864077669, 0.0033980582524271844, 0.005097087378640777],
[13, 0.3726638, 29359.065530198746, 0.009708737864077669, 0.0048543689320388345, 0.005339805825242719],
[14, 0.398761, 29358.103840744254, 0.009708737864077669, 0.005339805825242719, 0.00558252427184466],
[15, 0.4273746, 29356.98350949853, 0.009708737864077669, 0.0048543689320388345, 0.00558252427184466],
[16, 0.455129699, 29356.203673672157, 0.009708737864077669, 0.0048543689320388345, 0.00558252427184466],
[17, 0.484278498, 29355.661253878738, 0.009708737864077669, 0.004368932038834952, 0.005825242718446602],
[18, 0.510910199, 29355.12631618079, 0.009708737864077669, 0.005339805825242719, 0.00558252427184466],
[19, 0.542962199, 29354.77117828851, 0.009708737864077669, 0.005339805825242719, 0.00558252427184466],
[20, 0.570075798, 29354.301513621544, 0.009708737864077669, 0.005339805825242719, 0.00558252427184466],
[21, 0.596333098, 29354.233669671514, 0.009708737864077669, 0.005339805825242719, 0.00558252427184466],
[22, 0.624348697, 29354.14331923378, 0.009708737864077669, 0.005339805825242719, 0.00558252427184466],
[23, 0.649835897, 29353.91561124896, 0.009708737864077669, 0.005339805825242719, 0.00558252427184466],
[24, 0.679415197, 29353.18521751459, 0.009708737864077669, 0.005339805825242719, 0.00558252427184466],
[25, 0.7085156969999999, 29353.34657852968, 0.009708737864077669, 0.005339805825242719, 0.00558252427184466],
[26, 0.7372519959999999, 29353.40402149658, 0.009708737864077669, 0.005339805825242719, 0.00558252427184466],
[27, 0.7642567969999999, 29353.159477233912, 0.009708737864077669, 0.005339805825242719, 0.00558252427184466],
[28, 0.791859997, 29353.265530385426, 0.009708737864077669, 0.005339805825242719, 0.00558252427184466],
[29, 0.819419498, 29353.076453192705, 0.009708737864077669, 0.005339805825242719, 0.00558252427184466],
[30, 0.8462405980000001, 29353.04001510951, 0.009708737864077669, 0.005339805825242719, 0.00558252427184466],
[31, 0.876900997, 29352.69103007379, 0.009708737864077669, 0.005339805825242719, 0.00558252427184466],
[32, 0.903508497, 29352.765887697682, 0.009708737864077669, 0.005339805825242719, 0.00558252427184466],
[33, 0.931685298, 29352.95387412548, 0.009708737864077669, 0.005339805825242719, 0.00558252427184466],
[34, 0.958953698, 29352.60827034905, 0.009708737864077669, 0.005339805825242719, 0.00558252427184466],
[35, 0.9875301989999999, 29352.639123785204, 0.009708737864077669, 0.005339805825242719, 0.00558252427184466],
[36, 1.0145463, 29352.923947291598, 0.009708737864077669, 0.005339805825242719, 0.00558252427184466],
[37, 1.041335701, 29353.081834450197, 0.009708737864077669, 0.005339805825242719, 0.00558252427184466],
[38, 1.072051702, 29352.484659009428, 0.009708737864077669, 0.005339805825242719, 0.00558252427184466],
[39, 1.097566803, 29352.802613137585, 0.009708737864077669, 0.005339805825242719, 0.00558252427184466],
[40, 1.1254954030000002, 29352.68855718815, 0.009708737864077669, 0.005339805825242719, 0.00558252427184466],
[41, 1.1525657030000003, 29352.909520412315, 0.009708737864077669, 0.005339805825242719, 0.00558252427184466],
[42, 1.1788614040000003, 29353.124365197444, 0.009708737864077669, 0.005339805825242719, 0.00558252427184466],
[43, 1.2073355030000004, 29353.10632913631, 0.009708737864077669, 0.005339805825242719, 0.00558252427184466],
[44, 1.2358052020000003, 29353.028675319743, 0.009708737864077669, 0.005339805825242719, 0.00558252427184466],
[45, 1.2656897030000003, 29352.820061593287, 0.009708737864077669, 0.005339805825242719, 0.00558252427184466],
[46, 1.2937448030000003, 29353.017979648193, 0.009708737864077669, 0.005339805825242719, 0.00558252427184466],
[47, 1.3206724030000003, 29352.81070165176, 0.009708737864077669, 0.005339805825242719, 0.00558252427184466],
[48, 1.3471278030000002, 29352.6261597411, 0.009708737864077669, 0.005339805825242719, 0.00558252427184466],
[49, 1.3726498020000002, 29352.918801971104, 0.009708737864077669, 0.005339805825242719, 0.00558252427184466],
[50, 1.3989305020000002, 29353.184033930367, 0.009708737864077669, 0.005339805825242719, 0.00558252427184466],
[51, 1.4249864030000003, 29353.25857541543, 0.009708737864077669, 0.005339805825242719, 0.00558252427184466],
[52, 1.4528322020000004, 29353.014096573483, 0.009708737864077669, 0.005339805825242719, 0.00558252427184466],
[53, 1.4790061020000005, 29353.135624524824, 0.009708737864077669, 0.005339805825242719, 0.00558252427184466],
[54, 1.5057183020000005, 29353.08531433752, 0.009708737864077669, 0.005339805825242719, 0.00558252427184466],
[55, 1.5325183020000004, 29352.75113214191, 0.009708737864077669, 0.005339805825242719, 0.00558252427184466],
[56, 1.5588717020000005, 29352.922511986155, 0.009708737864077669, 0.005339805825242719, 0.00558252427184466],
[57, 1.5863427010000004, 29352.92713107179, 0.009708737864077669, 0.005339805825242719, 0.00558252427184466],
[58, 1.6146381010000004, 29352.90070093938, 0.009708737864077669, 0.005339805825242719, 0.00558252427184466],
[59, 1.6434576010000004, 29352.823133093247, 0.009708737864077669, 0.005339805825242719, 0.00558252427184466],
[60, 1.6699940010000003, 29352.75798070841, 0.009708737864077669, 0.005339805825242719, 0.00558252427184466],
[61, 1.7003640020000004, 29353.055816275573, 0.009708737864077669, 0.005339805825242719, 0.00558252427184466],
[62, 1.7306062030000005, 29352.576378676982, 0.009708737864077669, 0.005339805825242719, 0.00558252427184466],
[63, 1.7600845040000004, 29352.67842789073, 0.009708737864077669, 0.005339805825242719, 0.00558252427184466],
[64, 1.7869420040000004, 29353.157029344682, 0.009708737864077669, 0.005339805825242719, 0.00558252427184466],
[65, 1.8139542040000003, 29352.747174298915, 0.009708737864077669, 0.005339805825242719, 0.00558252427184466],
[66, 1.8418323050000003, 29353.11705024682, 0.009708737864077669, 0.005339805825242719, 0.00558252427184466],
[67, 1.8719014050000002, 29352.8590642326, 0.009708737864077669, 0.005339805825242719, 0.00558252427184466],
[68, 1.8998904050000003, 29352.64169436386, 0.009708737864077669, 0.005339805825242719, 0.00558252427184466],
[69, 1.9299869050000003, 29353.071193971893, 0.009708737864077669, 0.005339805825242719, 0.00558252427184466],
[70, 1.9609586060000002, 29352.77791966336, 0.009708737864077669, 0.005339805825242719, 0.00558252427184466],
[71, 1.9903950060000002, 29352.865685992827, 0.009708737864077669, 0.005339805825242719, 0.00558252427184466],
[72, 2.018906106, 29352.919351925695, 0.009708737864077669, 0.005339805825242719, 0.00558252427184466],
[73, 2.0458820060000003, 29352.85975387408, 0.009708737864077669, 0.005339805825242719, 0.00558252427184466],
[74, 2.0743642060000003, 29352.80129422335, 0.009708737864077669, 0.005339805825242719, 0.00558252427184466],
[75, 2.101705007, 29352.628592424073, 0.009708737864077669, 0.005339805825242719, 0.00558252427184466],
[76, 2.131906307, 29352.99273361163, 0.009708737864077669, 0.005339805825242719, 0.00558252427184466],
[77, 2.158133507, 29352.87009082512, 0.009708737864077669, 0.005339805825242719, 0.00558252427184466],
[78, 2.185138307, 29352.618145226803, 0.009708737864077669, 0.005339805825242719, 0.00558252427184466],
[79, 2.212361108, 29352.88505563784, 0.009708737864077669, 0.005339805825242719, 0.00558252427184466],
[80, 2.239024008, 29352.865870935097, 0.009708737864077669, 0.005339805825242719, 0.00558252427184466],
[81, 2.266792208, 29353.1557871244, 0.009708737864077669, 0.005339805825242719, 0.00558252427184466],
[82, 2.294486107, 29352.87086389349, 0.009708737864077669, 0.005339805825242719, 0.00558252427184466],
[83, 2.320936906, 29352.918369374063, 0.009708737864077669, 0.005339805825242719, 0.00558252427184466],
[84, 2.349236506, 29353.054917017325, 0.009708737864077669, 0.005339805825242719, 0.00558252427184466],
[85, 2.378727007, 29352.825025014805, 0.009708737864077669, 0.005339805825242719, 0.00558252427184466],
[86, 2.404936207, 29352.832754151088, 0.009708737864077669, 0.005339805825242719, 0.00558252427184466],
[87, 2.433587707, 29353.104331154664, 0.009708737864077669, 0.005339805825242719, 0.00558252427184466],
[88, 2.4661189070000002, 29352.799129929845, 0.009708737864077669, 0.005339805825242719, 0.00558252427184466],
[89, 2.495381908, 29352.869818259293, 0.009708737864077669, 0.005339805825242719, 0.00558252427184466],
[90, 2.522985308, 29352.883889659006, 0.009708737864077669, 0.005339805825242719, 0.00558252427184466],
[91, 2.552682708, 29352.982131214503, 0.009708737864077669, 0.005339805825242719, 0.00558252427184466],
[92, 2.5820507079999997, 29353.064611844056, 0.009708737864077669, 0.005339805825242719, 0.00558252427184466],
[93, 2.6074114079999995, 29352.91667986714, 0.009708737864077669, 0.005339805825242719, 0.00558252427184466],
[94, 2.6373890079999995, 29352.755644152676, 0.009708737864077669, 0.005339805825242719, 0.00558252427184466],
[95, 2.6648163079999994, 29352.689985170673, 0.009708737864077669, 0.005339805825242719, 0.00558252427184466],
[96, 2.6911768089999994, 29353.08128924905, 0.009708737864077669, 0.005339805825242719, 0.00558252427184466],
[97, 2.7189292089999992, 29352.605549862903, 0.009708737864077669, 0.005339805825242719, 0.00558252427184466],
[98, 2.748621607999999, 29353.1466505322, 0.009708737864077669, 0.005339805825242719, 0.00558252427184466],
[99, 2.7781815079999994, 29352.776151833168, 0.009708737864077669, 0.005339805825242719, 0.00558252427184466],
[100, 2.8081808079999995, 29353.196353799813, 0.009708737864077669, 0.005339805825242719, 0.00558252427184466],
[101, 2.8358351079999995, 29353.1545962943, 0.009708737864077669, 0.005339805825242719, 0.00558252427184466],
[102, 2.8663442079999997, 29352.77147811925, 0.009708737864077669, 0.005339805825242719, 0.00558252427184466],
[103, 2.893763509, 29352.548544377525, 0.009708737864077669, 0.005339805825242719, 0.00558252427184466],
[104, 2.9204847089999997, 29352.92435070566, 0.009708737864077669, 0.005339805825242719, 0.00558252427184466],
[105, 2.9487012079999997, 29352.986310536657, 0.009708737864077669, 0.005339805825242719, 0.00558252427184466],
[106, 2.9764825089999998, 29353.248625892313, 0.009708737864077669, 0.005339805825242719, 0.00558252427184466],
[107, 3.002793609, 29352.79584181374, 0.009708737864077669, 0.005339805825242719, 0.00558252427184466],
[108, 3.031469309, 29352.90974258728, 0.009708737864077669, 0.005339805825242719, 0.00558252427184466],
[109, 3.057391309, 29353.282360786332, 0.009708737864077669, 0.005339805825242719, 0.00558252427184466],
[110, 3.0847504089999997, 29352.5744905927, 0.009708737864077669, 0.005339805825242719, 0.00558252427184466],
[111, 3.1113226079999996, 29352.563037879063, 0.009708737864077669, 0.005339805825242719, 0.00558252427184466],
[112, 3.1397126089999996, 29352.907533025264, 0.009708737864077669, 0.005339805825242719, 0.00558252427184466],
[113, 3.1685598089999996, 29352.75472994927, 0.009708737864077669, 0.005339805825242719, 0.00558252427184466],
[114, 3.1991160099999996, 29352.71358445729, 0.009708737864077669, 0.005339805825242719, 0.00558252427184466],
[115, 3.2277768109999996, 29353.09452211235, 0.009708737864077669, 0.005339805825242719, 0.00558252427184466],
[116, 3.2567983109999994, 29353.114867820324, 0.009708737864077669, 0.005339805825242719, 0.00558252427184466],
[117, 3.2837225109999992, 29352.960601140203, 0.009708737864077669, 0.005339805825242719, 0.00558252427184466],
[118, 3.309596209999999, 29353.081642121615, 0.009708737864077669, 0.005339805825242719, 0.00558252427184466],
[119, 3.3367275099999993, 29352.452540677776, 0.009708737864077669, 0.005339805825242719, 0.00558252427184466],
[120, 3.3629601089999994, 29352.682921296768, 0.009708737864077669, 0.005339805825242719, 0.00558252427184466],
[121, 3.3898379089999993, 29352.64993557535, 0.009708737864077669, 0.005339805825242719, 0.00558252427184466],
