rank: 30, ratio of 0 vs 1: 3, lambda:2, learning_rate: 0.2
iter time objective_function precision@K = 1, 5, 10
[0,29449.377758687373, 0.009708737864077669 0.004368932038834952 0.0036407766990291263],
[1, 0.032835499, 29395.881185316313, 0.0048543689320388345, 0.0038834951456310682, 0.0036407766990291263],
[2, 0.070057498, 29368.45108182303, 0.009708737864077669, 0.005339805825242719, 0.0026699029126213596],
[3, 0.101791399, 29352.44320026292, 0.0048543689320388345, 0.0038834951456310682, 0.0038834951456310682],
[4, 0.129403598, 29342.24245436061, 0.0048543689320388345, 0.005339805825242719, 0.004611650485436893],
[5, 0.161585598, 29333.44059922771, 0.007281553398058253, 0.005339805825242719, 0.005097087378640777],
[6, 0.193146297, 29328.30902173061, 0.009708737864077669, 0.002912621359223301, 0.004611650485436893],
[7, 0.223526798, 29323.615371410688, 0.007281553398058253, 0.002912621359223301, 0.0048543689320388345],
[8, 0.249565399, 29319.98515471524, 0.009708737864077669, 0.0033980582524271844, 0.0048543689320388345],
[9, 0.2801182, 29314.77629512975, 0.007281553398058253, 0.0048543689320388345, 0.0048543689320388345],
[10, 0.3093919, 29312.69606718323, 0.007281553398058253, 0.0048543689320388345, 0.005339805825242719],
[11, 0.3415749, 29311.624987339048, 0.007281553398058253, 0.0033980582524271844, 0.00558252427184466],
[12, 0.3711681, 29309.858761003357, 0.007281553398058253, 0.005339805825242719, 0.006067961165048544],
[13, 0.4022864, 29307.666631664364, 0.007281553398058253, 0.005339805825242719, 0.006310679611650486],
[14, 0.43168989999999996, 29306.9910884012, 0.009708737864077669, 0.007281553398058253, 0.006553398058252427],
[15, 0.45833479899999996, 29305.778341962283, 0.009708737864077669, 0.007281553398058253, 0.00703883495145631],
[16, 0.49146039799999997, 29304.93650594036, 0.009708737864077669, 0.006796116504854369, 0.006796116504854369],
[17, 0.5295022979999999, 29304.32224148839, 0.009708737864077669, 0.0077669902912621365, 0.00703883495145631],
[18, 0.5562065989999999, 29303.708405272057, 0.009708737864077669, 0.006796116504854369, 0.006796116504854369],
[19, 0.5860678979999999, 29303.217142617068, 0.009708737864077669, 0.0077669902912621365, 0.006796116504854369],
[20, 0.615140799, 29302.594653943197, 0.009708737864077669, 0.007281553398058253, 0.006796116504854369],
[21, 0.6461604989999999, 29302.63965420131, 0.009708737864077669, 0.007281553398058253, 0.006796116504854369],
[22, 0.679094899, 29302.48692277107, 0.009708737864077669, 0.007281553398058253, 0.006796116504854369],
[23, 0.7149201989999999, 29302.127980419737, 0.009708737864077669, 0.007281553398058253, 0.00703883495145631],
[24, 0.7495488989999999, 29300.867630524877, 0.009708737864077669, 0.007281553398058253, 0.00703883495145631],
[25, 0.7833064989999998, 29301.043142973173, 0.009708737864077669, 0.007281553398058253, 0.007281553398058253],
[26, 0.8129998979999998, 29301.17195793324, 0.009708737864077669, 0.007281553398058253, 0.007281553398058253],
[27, 0.8428982979999998, 29300.656955063336, 0.009708737864077669, 0.007281553398058253, 0.007281553398058253],
[28, 0.8747816979999998, 29300.86979922341, 0.009708737864077669, 0.007281553398058253, 0.007281553398058253],
[29, 0.9025440979999998, 29300.504827031058, 0.009708737864077669, 0.007281553398058253, 0.007281553398058253],
[30, 0.9356916979999998, 29300.51826741951, 0.009708737864077669, 0.007281553398058253, 0.007281553398058253],
[31, 0.9661403979999998, 29299.756169847413, 0.009708737864077669, 0.0077669902912621365, 0.007281553398058253],
[32, 1.0041129979999999, 29299.84931509304, 0.009708737864077669, 0.0077669902912621365, 0.007281553398058253],
[33, 1.034219099, 29300.216115480733, 0.009708737864077669, 0.0077669902912621365, 0.007281553398058253],
[34, 1.065976198, 29299.582104848545, 0.009708737864077669, 0.0077669902912621365, 0.007281553398058253],
[35, 1.094804097, 29299.635567632027, 0.009708737864077669, 0.0077669902912621365, 0.007281553398058253],
[36, 1.1225824979999999, 29300.16063768088, 0.009708737864077669, 0.0077669902912621365, 0.007281553398058253],
[37, 1.152970798, 29300.364370019804, 0.009708737864077669, 0.0077669902912621365, 0.007281553398058253],
[38, 1.1827028979999998, 29299.22554330127, 0.009708737864077669, 0.0077669902912621365, 0.007281553398058253],
[39, 1.2136179969999998, 29299.78843417039, 0.009708737864077669, 0.0077669902912621365, 0.007281553398058253],
[40, 1.2444366969999998, 29299.690872438794, 0.009708737864077669, 0.0077669902912621365, 0.007281553398058253],
[41, 1.2717866969999998, 29300.088658673118, 0.009708737864077669, 0.0077669902912621365, 0.007281553398058253],
[42, 1.2994128969999998, 29300.365930190426, 0.009708737864077669, 0.0077669902912621365, 0.007281553398058253],
[43, 1.3264868959999998, 29300.325531874267, 0.009708737864077669, 0.0077669902912621365, 0.007281553398058253],
[44, 1.3566031959999998, 29300.192086214, 0.009708737864077669, 0.0077669902912621365, 0.007281553398058253],
[45, 1.3842193969999999, 29299.828483558565, 0.009708737864077669, 0.0077669902912621365, 0.007281553398058253],
[46, 1.412858797, 29300.115727431104, 0.009708737864077669, 0.0077669902912621365, 0.007281553398058253],
[47, 1.443610496, 29299.848184892544, 0.009708737864077669, 0.0077669902912621365, 0.007281553398058253],
[48, 1.472117796, 29299.524983924275, 0.009708737864077669, 0.0077669902912621365, 0.007281553398058253],
[49, 1.500805397, 29299.984160836186, 0.009708737864077669, 0.0077669902912621365, 0.007281553398058253],
[50, 1.531460796, 29300.3928308774, 0.009708737864077669, 0.0077669902912621365, 0.007281553398058253],
[51, 1.5607411949999999, 29300.695811019825, 0.009708737864077669, 0.0077669902912621365, 0.007281553398058253],
[52, 1.590584595, 29300.1660802995, 0.009708737864077669, 0.0077669902912621365, 0.007281553398058253],
[53, 1.6222180959999999, 29300.405809499156, 0.009708737864077669, 0.0077669902912621365, 0.007281553398058253],
[54, 1.6536500959999998, 29300.281374764552, 0.009708737864077669, 0.0077669902912621365, 0.007281553398058253],
[55, 1.6823533949999998, 29299.587379958393, 0.009708737864077669, 0.0077669902912621365, 0.007281553398058253],
[56, 1.7098780939999998, 29300.014828726915, 0.009708737864077669, 0.0077669902912621365, 0.007281553398058253],
[57, 1.7359570939999998, 29299.956930358778, 0.009708737864077669, 0.0077669902912621365, 0.007281553398058253],
[58, 1.7637298939999997, 29300.06096426773, 0.009708737864077669, 0.0077669902912621365, 0.007281553398058253],
[59, 1.7932848939999997, 29299.834180186008, 0.009708737864077669, 0.0077669902912621365, 0.007281553398058253],
[60, 1.8225261949999998, 29299.738789921204, 0.009708737864077669, 0.0077669902912621365, 0.007281553398058253],
[61, 1.8534237959999997, 29300.15350481584, 0.009708737864077669, 0.0077669902912621365, 0.007281553398058253],
[62, 1.8843520959999998, 29299.414191331358, 0.009708737864077669, 0.0077669902912621365, 0.007281553398058253],
[63, 1.9173630969999997, 29299.652234085243, 0.009708737864077669, 0.0077669902912621365, 0.007281553398058253],
[64, 1.9446790959999998, 29300.34260785682, 0.009708737864077669, 0.0077669902912621365, 0.007281553398058253],
[65, 1.9738823949999997, 29299.63729001418, 0.009708737864077669, 0.0077669902912621365, 0.007281553398058253],
[66, 2.0025498959999997, 29300.252731347766, 0.009708737864077669, 0.0077669902912621365, 0.007281553398058253],
[67, 2.0320557949999998, 29299.846721330858, 0.009708737864077669, 0.0077669902912621365, 0.007281553398058253],
[68, 2.061586495, 29299.466735022033, 0.009708737864077669, 0.0077669902912621365, 0.007281553398058253],
[69, 2.093797096, 29300.094476055147, 0.009708737864077669, 0.0077669902912621365, 0.007281553398058253],
[70, 2.1239112959999997, 29299.77514817475, 0.009708737864077669, 0.0077669902912621365, 0.007281553398058253],
[71, 2.1547735969999997, 29299.78331060224, 0.009708737864077669, 0.0077669902912621365, 0.007281553398058253],
[72, 2.1811327969999996, 29299.969129176214, 0.009708737864077669, 0.0077669902912621365, 0.007281553398058253],
[73, 2.2074653969999996, 29299.858210286435, 0.009708737864077669, 0.0077669902912621365, 0.007281553398058253],
[74, 2.2365913959999997, 29299.684601954465, 0.009708737864077669, 0.0077669902912621365, 0.007281553398058253],
[75, 2.2671726949999997, 29299.42384559373, 0.009708737864077669, 0.0077669902912621365, 0.007281553398058253],
[76, 2.2987242949999995, 29300.09530860279, 0.009708737864077669, 0.0077669902912621365, 0.007281553398058253],
[77, 2.3270952939999994, 29299.9278806551, 0.009708737864077669, 0.0077669902912621365, 0.007281553398058253],
[78, 2.3569920939999993, 29299.526833086995, 0.009708737864077669, 0.0077669902912621365, 0.007281553398058253],
[79, 2.3883330949999992, 29299.86403287129, 0.009708737864077669, 0.0077669902912621365, 0.007281553398058253],
[80, 2.4158139949999993, 29299.953173731086, 0.009708737864077669, 0.0077669902912621365, 0.007281553398058253],
[81, 2.4461638939999992, 29300.511456347365, 0.009708737864077669, 0.0077669902912621365, 0.007281553398058253],
[82, 2.4770509939999994, 29299.847215750782, 0.009708737864077669, 0.0077669902912621365, 0.007281553398058253],
[83, 2.5057758949999993, 29300.015232370195, 0.009708737864077669, 0.0077669902912621365, 0.007281553398058253],
[84, 2.5387456949999994, 29300.194367531847, 0.009708737864077669, 0.0077669902912621365, 0.007281553398058253],
[85, 2.568549794999999, 29299.778604035226, 0.009708737864077669, 0.0077669902912621365, 0.007281553398058253],
[86, 2.598668494999999, 29299.806692840022, 0.009708737864077669, 0.0077669902912621365, 0.007281553398058253],
[87, 2.6299566949999993, 29300.19774300263, 0.009708737864077669, 0.0077669902912621365, 0.007281553398058253],
[88, 2.6599442949999994, 29299.80624732002, 0.009708737864077669, 0.0077669902912621365, 0.007281553398058253],
[89, 2.6885699959999996, 29299.87110816074, 0.009708737864077669, 0.0077669902912621365, 0.007281553398058253],
[90, 2.718614297, 29299.942210679303, 0.009708737864077669, 0.0077669902912621365, 0.007281553398058253],
[91, 2.7496692969999996, 29300.04910313759, 0.009708737864077669, 0.0077669902912621365, 0.007281553398058253],
[92, 2.7833087959999996, 29300.242086884333, 0.009708737864077669, 0.0077669902912621365, 0.007281553398058253],
[93, 2.8146938949999996, 29299.9914497162, 0.009708737864077669, 0.0077669902912621365, 0.007281553398058253],
[94, 2.8453104949999997, 29299.705476923667, 0.009708737864077669, 0.0077669902912621365, 0.007281553398058253],
[95, 2.878189794, 29299.500759076283, 0.009708737864077669, 0.0077669902912621365, 0.007281553398058253],
[96, 2.9088947949999997, 29300.31453308175, 0.009708737864077669, 0.0077669902912621365, 0.007281553398058253],
[97, 2.9376362959999995, 29299.41155020499, 0.009708737864077669, 0.0077669902912621365, 0.007281553398058253],
[98, 2.9684158949999997, 29300.377193632732, 0.009708737864077669, 0.0077669902912621365, 0.007281553398058253],
[99, 2.9979827959999996, 29299.8011159875, 0.009708737864077669, 0.0077669902912621365, 0.007281553398058253],
[100, 3.0292522959999997, 29300.516109067055, 0.009708737864077669, 0.0077669902912621365, 0.007281553398058253],
[101, 3.060220297, 29300.337193135198, 0.009708737864077669, 0.0077669902912621365, 0.007281553398058253],
[102, 3.091995597, 29299.741602694587, 0.009708737864077669, 0.0077669902912621365, 0.007281553398058253],
[103, 3.1258829969999997, 29299.337200453967, 0.009708737864077669, 0.0077669902912621365, 0.007281553398058253],
[104, 3.1561352969999996, 29299.948848564414, 0.009708737864077669, 0.0077669902912621365, 0.007281553398058253],
[105, 3.1856373959999997, 29300.033772100436, 0.009708737864077669, 0.0077669902912621365, 0.007281553398058253],
[106, 3.216626496, 29300.56662803916, 0.009708737864077669, 0.0077669902912621365, 0.007281553398058253],
[107, 3.247858796, 29299.716051852003, 0.009708737864077669, 0.0077669902912621365, 0.007281553398058253],
[108, 3.277857996, 29300.037648556747, 0.009708737864077669, 0.0077669902912621365, 0.007281553398058253],
[109, 3.311400397, 29300.604360006273, 0.009708737864077669, 0.0077669902912621365, 0.007281553398058253],
[110, 3.341404297, 29299.300040531994, 0.009708737864077669, 0.0077669902912621365, 0.007281553398058253],
[111, 3.374730996, 29299.318025676184, 0.009708737864077669, 0.0077669902912621365, 0.007281553398058253],
[112, 3.406450696, 29299.82698017982, 0.009708737864077669, 0.0077669902912621365, 0.007281553398058253],
[113, 3.4367654969999997, 29299.74021766026, 0.009708737864077669, 0.0077669902912621365, 0.007281553398058253],
[114, 3.4695986969999995, 29299.565942259283, 0.009708737864077669, 0.0077669902912621365, 0.007281553398058253],
[115, 3.5005687969999997, 29300.295165200885, 0.009708737864077669, 0.0077669902912621365, 0.007281553398058253],
[116, 3.531320996, 29300.282172466534, 0.009708737864077669, 0.0077669902912621365, 0.007281553398058253],
[117, 3.562909096, 29300.029292803443, 0.009708737864077669, 0.0077669902912621365, 0.007281553398058253],
[118, 3.591445796, 29300.330672495264, 0.009708737864077669, 0.0077669902912621365, 0.007281553398058253],
[119, 3.6220321959999997, 29299.192197015538, 0.009708737864077669, 0.0077669902912621365, 0.007281553398058253],
[120, 3.6506970959999996, 29299.58097639768, 0.009708737864077669, 0.0077669902912621365, 0.007281553398058253],
[121, 3.6811464959999998, 29299.442749004294, 0.009708737864077669, 0.0077669902912621365, 0.007281553398058253],
