rank: 30, ratio of 0 vs 1: 3, lambda:5, learning_rate: 0.2
iter time objective_function precision@K = 1, 5, 10
[0,29861.049530598786, 0.009708737864077669 0.004368932038834952 0.0036407766990291263],
[1, 0.0329207, 29619.932801458388, 0.0024271844660194173, 0.0024271844660194173, 0.003155339805825243],
[2, 0.059869399, 29541.71842718645, 0.0024271844660194173, 0.002912621359223301, 0.004126213592233009],
[3, 0.085639599, 29482.04986353003, 0.009708737864077669, 0.0048543689320388345, 0.0048543689320388345],
[4, 0.111970999, 29426.78407648558, 0.009708737864077669, 0.0077669902912621365, 0.005825242718446602],
[5, 0.1385144, 29374.226181505637, 0.007281553398058253, 0.0033980582524271844, 0.004368932038834952],
[6, 0.16655, 29324.239185843617, 0.0048543689320388345, 0.0038834951456310682, 0.002912621359223301],
[7, 0.191875401, 29276.54726627942, 0.009708737864077669, 0.0048543689320388345, 0.0036407766990291263],
[8, 0.218108401, 29230.875849141124, 0.01699029126213592, 0.0048543689320388345, 0.004126213592233009],
[9, 0.244302401, 29202.321564128786, 0.009708737864077669, 0.006310679611650486, 0.004611650485436893],
[10, 0.270539601, 29194.680080984224, 0.009708737864077669, 0.008252427184466019, 0.008980582524271846],
[11, 0.296371, 29195.110051478743, 0.0048543689320388345, 0.005339805825242719, 0.004368932038834952],
[12, 0.3239461, 29192.54589444293, 0.007281553398058253, 0.0077669902912621365, 0.006796116504854369],
[13, 0.34883509900000004, 29193.085332536855, 0.01699029126213592, 0.008737864077669903, 0.008009708737864078],
[14, 0.374588699, 29190.879891780758, 0.012135922330097087, 0.008737864077669903, 0.006796116504854369],
[15, 0.402374498, 29191.39209470498, 0.007281553398058253, 0.004368932038834952, 0.005097087378640777],
[16, 0.427767897, 29189.222055828166, 0.009708737864077669, 0.008252427184466019, 0.008252427184466019],
[17, 0.460672097, 29189.78215017958, 0.007281553398058253, 0.008252427184466019, 0.0077669902912621365],
[18, 0.487160898, 29187.7918160971, 0.019417475728155338, 0.010194174757281554, 0.007524271844660194],
[19, 0.516722498, 29188.499229565634, 0.012135922330097087, 0.009223300970873786, 0.007524271844660194],
[20, 0.541757798, 29186.452372004547, 0.024271844660194174, 0.012135922330097087, 0.008980582524271846],
[21, 0.569495798, 29187.136719454833, 0.007281553398058253, 0.0048543689320388345, 0.004611650485436893],
[22, 0.596911497, 29185.303740594358, 0.012135922330097087, 0.012135922330097087, 0.008737864077669903],
[23, 0.624570497, 29186.01790463528, 0.0048543689320388345, 0.006796116504854369, 0.006067961165048544],
[24, 0.650397298, 29184.240070540993, 0.024271844660194174, 0.012135922330097087, 0.009223300970873786],
[25, 0.677735298, 29184.912018999752, 0.007281553398058253, 0.006310679611650486, 0.00703883495145631],
[26, 0.7049007979999999, 29183.309077374543, 0.012135922330097087, 0.009223300970873786, 0.006796116504854369],
[27, 0.7338272979999999, 29183.979516679126, 0.007281553398058253, 0.010679611650485438, 0.007524271844660194],
[28, 0.7603103979999999, 29182.42170059518, 0.009708737864077669, 0.007281553398058253, 0.005825242718446602],
[29, 0.7887110989999999, 29183.076729110242, 0.009708737864077669, 0.0077669902912621365, 0.006310679611650486],
[30, 0.8143248, 29181.704905616312, 0.014563106796116505, 0.008252427184466019, 0.006067961165048544],
[31, 0.840166801, 29182.28126697723, 0.009708737864077669, 0.011650485436893204, 0.009466019417475728],
[32, 0.866410602, 29180.984388326055, 0.009708737864077669, 0.006796116504854369, 0.006796116504854369],
[33, 0.895949503, 29181.580149623085, 0.014563106796116505, 0.010194174757281554, 0.008252427184466019],
[34, 0.9220806029999999, 29180.375083675517, 0.014563106796116505, 0.008252427184466019, 0.007524271844660194],
[35, 0.948961403, 29180.945517367814, 0.009708737864077669, 0.008737864077669903, 0.0077669902912621365],
[36, 0.976804503, 29179.81589351528, 0.007281553398058253, 0.008737864077669903, 0.00703883495145631],
[37, 1.003988203, 29180.32556425071, 0.007281553398058253, 0.006796116504854369, 0.008737864077669903],
[38, 1.032082903, 29179.313332942966, 0.019417475728155338, 0.008737864077669903, 0.0077669902912621365],
[39, 1.058236102, 29179.802329779424, 0.0, 0.007281553398058253, 0.0077669902912621365],
[40, 1.084252502, 29178.86597240836, 0.009708737864077669, 0.0033980582524271844, 0.005097087378640777],
[41, 1.111215901, 29179.297330000813, 0.007281553398058253, 0.0077669902912621365, 0.00703883495145631],
[42, 1.137446301, 29178.449553866554, 0.009708737864077669, 0.0077669902912621365, 0.004611650485436893],
[43, 1.1638365, 29178.869249153024, 0.012135922330097087, 0.007281553398058253, 0.009223300970873786],
[44, 1.1895854989999999, 29178.088452397154, 0.007281553398058253, 0.0048543689320388345, 0.005097087378640777],
[45, 1.2152746989999998, 29178.463189824724, 0.01699029126213592, 0.011650485436893204, 0.008737864077669903],
[46, 1.242016699, 29177.756400256047, 0.0048543689320388345, 0.008737864077669903, 0.006310679611650486],
[47, 1.268688098, 29178.10339944619, 0.009708737864077669, 0.0077669902912621365, 0.00558252427184466],
[48, 1.296890398, 29177.4967287743, 0.01699029126213592, 0.0077669902912621365, 0.00703883495145631],
[49, 1.322757598, 29177.7379496045, 0.009708737864077669, 0.006310679611650486, 0.005097087378640777],
[50, 1.349746798, 29177.224590241967, 0.0048543689320388345, 0.0033980582524271844, 0.005339805825242719],
[51, 1.378129598, 29177.446815488653, 0.007281553398058253, 0.006310679611650486, 0.005339805825242719],
[52, 1.4042372969999999, 29177.013673876034, 0.007281553398058253, 0.0048543689320388345, 0.004611650485436893],
[53, 1.4307673969999999, 29177.15381258437, 0.01699029126213592, 0.01116504854368932, 0.008252427184466019],
[54, 1.4564450969999998, 29176.78900607648, 0.014563106796116505, 0.005825242718446602, 0.0048543689320388345],
[55, 1.4892716969999997, 29176.934789955074, 0.012135922330097087, 0.006310679611650486, 0.005825242718446602],
[56, 1.5156201959999998, 29176.59781008805, 0.009708737864077669, 0.009708737864077669, 0.006796116504854369],
[57, 1.5449303969999997, 29176.699693205912, 0.007281553398058253, 0.0077669902912621365, 0.005825242718446602],
[58, 1.5723530979999998, 29176.409113424437, 0.012135922330097087, 0.008252427184466019, 0.005097087378640777],
[59, 1.5995044979999997, 29176.523615411472, 0.014563106796116505, 0.008737864077669903, 0.007524271844660194],
[60, 1.6260848989999996, 29176.25379916628, 0.007281553398058253, 0.0033980582524271844, 0.0033980582524271844],
[61, 1.6548427989999996, 29176.332320061192, 0.007281553398058253, 0.008737864077669903, 0.006796116504854369],
[62, 1.6819260989999996, 29176.098372668464, 0.0048543689320388345, 0.004368932038834952, 0.005339805825242719],
[63, 1.7081573989999996, 29176.198776411387, 0.007281553398058253, 0.006310679611650486, 0.00558252427184466],
[64, 1.7339548989999995, 29175.96411823051, 0.009708737864077669, 0.007281553398058253, 0.007281553398058253],
[65, 1.7625947989999995, 29176.040109439255, 0.009708737864077669, 0.007281553398058253, 0.007524271844660194],
[66, 1.7896003999999994, 29175.84625499466, 0.007281553398058253, 0.0048543689320388345, 0.006310679611650486],
[67, 1.8156077989999995, 29175.925072935956, 0.0048543689320388345, 0.004368932038834952, 0.005097087378640777],
[68, 1.8420475989999994, 29175.73572953398, 0.0048543689320388345, 0.005339805825242719, 0.0048543689320388345],
[69, 1.8697160989999995, 29175.794443228522, 0.007281553398058253, 0.011650485436893204, 0.008252427184466019],
[70, 1.8967756979999995, 29175.640505474756, 0.007281553398058253, 0.006796116504854369, 0.006553398058252427],
[71, 1.9263869979999995, 29175.70425424015, 0.0048543689320388345, 0.005825242718446602, 0.00558252427184466],
[72, 1.9537517979999994, 29175.548259202864, 0.009708737864077669, 0.009708737864077669, 0.007524271844660194],
[73, 1.9807518989999995, 29175.60139194941, 0.0024271844660194173, 0.007281553398058253, 0.005825242718446602],
[74, 2.0105401999999994, 29175.46743120346, 0.0048543689320388345, 0.006310679611650486, 0.005097087378640777],
[75, 2.0365153999999994, 29175.526780672215, 0.0048543689320388345, 0.0033980582524271844, 0.004126213592233009],
[76, 2.0634505999999995, 29175.392777265, 0.0048543689320388345, 0.005825242718446602, 0.00558252427184466],
[77, 2.0912156999999993, 29175.442695870745, 0.007281553398058253, 0.007281553398058253, 0.007281553398058253],
[78, 2.1188232999999994, 29175.33009727912, 0.009708737864077669, 0.008737864077669903, 0.00703883495145631],
[79, 2.144753299999999, 29175.379120612484, 0.007281553398058253, 0.006796116504854369, 0.006796116504854369],
[80, 2.1742969999999993, 29175.269228540197, 0.007281553398058253, 0.0077669902912621365, 0.006796116504854369],
[81, 2.202439499999999, 29175.31072004185, 0.009708737864077669, 0.006796116504854369, 0.006553398058252427],
[82, 2.229083900999999, 29175.219131148333, 0.0048543689320388345, 0.005825242718446602, 0.0048543689320388345],
[83, 2.2569077009999994, 29175.25782769076, 0.009708737864077669, 0.007281553398058253, 0.00558252427184466],
[84, 2.2841026009999994, 29175.168523727683, 0.014563106796116505, 0.005825242718446602, 0.005097087378640777],
[85, 2.3110232009999994, 29175.202717523764, 0.012135922330097087, 0.008252427184466019, 0.008009708737864078],
[86, 2.3368784009999994, 29175.12778513412, 0.0048543689320388345, 0.005825242718446602, 0.005097087378640777],
[87, 2.3639577019999995, 29175.159750274488, 0.019417475728155338, 0.009708737864077669, 0.008252427184466019],
[88, 2.3900004019999996, 29175.086970201093, 0.0048543689320388345, 0.006796116504854369, 0.007524271844660194],
[89, 2.4156189029999995, 29175.114964711916, 0.012135922330097087, 0.009708737864077669, 0.008009708737864078],
[90, 2.4412568029999995, 29175.054331719217, 0.009708737864077669, 0.002912621359223301, 0.004368932038834952],
[91, 2.4679532019999995, 29175.079289902085, 0.021844660194174758, 0.014563106796116505, 0.010679611650485438],
[92, 2.4940609009999997, 29175.020182360444, 0.007281553398058253, 0.009708737864077669, 0.007281553398058253],
[93, 2.5200981, 29175.04322891383, 0.007281553398058253, 0.01116504854368932, 0.008980582524271846],
[94, 2.5476539999999996, 29174.993484268125, 0.009708737864077669, 0.010679611650485438, 0.00703883495145631],
[95, 2.5757718009999997, 29175.014437553196, 0.01699029126213592, 0.010194174757281554, 0.00849514563106796],
[96, 2.6013645009999995, 29174.966226457836, 0.007281553398058253, 0.006796116504854369, 0.006796116504854369],
[97, 2.6295672009999995, 29174.984917499412, 0.0, 0.0077669902912621365, 0.007524271844660194],
[98, 2.6591226999999997, 29174.94468360771, 0.0048543689320388345, 0.0077669902912621365, 0.007524271844660194],
[99, 2.6866445989999996, 29174.961082508657, 0.009708737864077669, 0.006310679611650486, 0.006310679611650486],
[100, 2.7165022989999996, 29174.921971131564, 0.007281553398058253, 0.010679611650485438, 0.009223300970873786],
[101, 2.7422237979999995, 29174.937253126933, 0.009708737864077669, 0.010194174757281554, 0.006553398058252427],
[102, 2.7689483979999996, 29174.904275535933, 0.0024271844660194173, 0.0077669902912621365, 0.00849514563106796],
[103, 2.7973452969999997, 29174.91815961387, 0.024271844660194174, 0.011650485436893204, 0.00849514563106796],
[104, 2.8227190959999997, 29174.886165563923, 0.007281553398058253, 0.010194174757281554, 0.009951456310679611],
[105, 2.849164696, 29174.89859517867, 0.012135922330097087, 0.010679611650485438, 0.009466019417475728],
[106, 2.8758633959999997, 29174.87183479072, 0.009708737864077669, 0.008252427184466019, 0.007524271844660194],
[107, 2.9037631969999995, 29174.882776134902, 0.014563106796116505, 0.008737864077669903, 0.00703883495145631],
[108, 2.9293030969999996, 29174.85682864426, 0.014563106796116505, 0.009708737864077669, 0.008252427184466019],
[109, 2.9553103969999994, 29174.866919398264, 0.012135922330097087, 0.010679611650485438, 0.009223300970873786],
[110, 2.9815774979999996, 29174.84509014882, 0.007281553398058253, 0.010194174757281554, 0.008252427184466019],
[111, 3.0088363989999998, 29174.854288990387, 0.019417475728155338, 0.008737864077669903, 0.0077669902912621365],
[112, 3.0351838989999997, 29174.833068819604, 0.009708737864077669, 0.011650485436893204, 0.008980582524271846],
[113, 3.0618532, 29174.84129941617, 0.01699029126213592, 0.010194174757281554, 0.00703883495145631],
[114, 3.0884893, 29174.823536988613, 0.007281553398058253, 0.0048543689320388345, 0.005825242718446602],
[115, 3.1164595, 29174.830806933685, 0.014563106796116505, 0.01116504854368932, 0.008737864077669903],
[116, 3.1435942999999997, 29174.813583955583, 0.019417475728155338, 0.010679611650485438, 0.008980582524271846],
[117, 3.1711671, 29174.820290935408, 0.01699029126213592, 0.010194174757281554, 0.008009708737864078],
[118, 3.1975360999999998, 29174.805828280358, 0.012135922330097087, 0.009223300970873786, 0.008009708737864078],
[119, 3.2233167, 29174.81191935766, 0.012135922330097087, 0.008737864077669903, 0.008252427184466019],
[120, 3.2493341, 29174.79781943574, 0.014563106796116505, 0.009223300970873786, 0.00703883495145631],
[121, 3.2748853, 29174.80330735494, 0.012135922330097087, 0.008737864077669903, 0.008737864077669903],
