rank: 30, ratio of 0 vs 1: 3, lambda:6, learning_rate: 0.2
iter time objective_function precision@K = 1, 5, 10
[0,29998.27345456926, 0.009708737864077669 0.004368932038834952 0.0036407766990291263],
[1, 0.0264642, 29677.571349477865, 0.0048543689320388345, 0.0024271844660194173, 0.002912621359223301],
[2, 0.0542244, 29580.927571477016, 0.007281553398058253, 0.0048543689320388345, 0.004611650485436893],
[3, 0.081561399, 29496.05564581495, 0.012135922330097087, 0.006796116504854369, 0.005097087378640777],
[4, 0.10787919900000001, 29415.484067483005, 0.007281553398058253, 0.006796116504854369, 0.006067961165048544],
[5, 0.134874399, 29338.623035686625, 0.0024271844660194173, 0.002912621359223301, 0.0033980582524271844],
[6, 0.162554699, 29265.35467693434, 0.0048543689320388345, 0.0038834951456310682, 0.0033980582524271844],
[7, 0.189353199, 29208.894862838126, 0.0024271844660194173, 0.002912621359223301, 0.003155339805825243],
[8, 0.214450099, 29210.213961844183, 0.007281553398058253, 0.007281553398058253, 0.006310679611650486],
[9, 0.240687198, 29203.313690441846, 0.007281553398058253, 0.007281553398058253, 0.005825242718446602],
[10, 0.266860697, 29206.738778760653, 0.0048543689320388345, 0.008737864077669903, 0.005825242718446602],
[11, 0.29467779699999996, 29200.625794384083, 0.0048543689320388345, 0.002912621359223301, 0.0033980582524271844],
[12, 0.32164149699999994, 29203.745308312496, 0.009708737864077669, 0.008737864077669903, 0.007524271844660194],
[13, 0.34836509699999996, 29197.855299179413, 0.009708737864077669, 0.0048543689320388345, 0.004611650485436893],
[14, 0.374646897, 29201.081880167203, 0.014563106796116505, 0.0077669902912621365, 0.006796116504854369],
[15, 0.401709596, 29195.77956781414, 0.0048543689320388345, 0.006310679611650486, 0.00558252427184466],
[16, 0.436395296, 29198.594812482075, 0.012135922330097087, 0.006310679611650486, 0.007524271844660194],
[17, 0.463382695, 29193.68683026671, 0.007281553398058253, 0.0038834951456310682, 0.004611650485436893],
[18, 0.489787695, 29196.177728323488, 0.009708737864077669, 0.009708737864077669, 0.00849514563106796],
[19, 0.517515996, 29191.984066559933, 0.0024271844660194173, 0.004368932038834952, 0.005097087378640777],
[20, 0.543659696, 29194.29081935748, 0.021844660194174758, 0.008252427184466019, 0.00703883495145631],
[21, 0.5696194969999999, 29190.123583612738, 0.014563106796116505, 0.010679611650485438, 0.009466019417475728],
[22, 0.595320397, 29192.361942878713, 0.012135922330097087, 0.008252427184466019, 0.00703883495145631],
[23, 0.6224793959999999, 29188.718158880023, 0.0048543689320388345, 0.0077669902912621365, 0.005825242718446602],
[24, 0.6525394959999999, 29190.740522568572, 0.009708737864077669, 0.008252427184466019, 0.007524271844660194],
[25, 0.678340795, 29187.35371607657, 0.024271844660194174, 0.010194174757281554, 0.0077669902912621365],
[26, 0.705420595, 29189.04333311857, 0.009708737864077669, 0.010679611650485438, 0.008252427184466019],
[27, 0.732935795, 29186.17947601956, 0.0024271844660194173, 0.007281553398058253, 0.006553398058252427],
[28, 0.758645496, 29187.807946683257, 0.012135922330097087, 0.010194174757281554, 0.007524271844660194],
[29, 0.784597396, 29185.007800786556, 0.012135922330097087, 0.0077669902912621365, 0.006796116504854369],
[30, 0.811181197, 29186.47945706491, 0.009708737864077669, 0.006796116504854369, 0.005825242718446602],
[31, 0.837132497, 29184.00536977895, 0.0024271844660194173, 0.0038834951456310682, 0.005097087378640777],
[32, 0.864050996, 29185.439162052953, 0.007281553398058253, 0.0077669902912621365, 0.005825242718446602],
[33, 0.890274496, 29183.03711401162, 0.0, 0.004368932038834952, 0.004611650485436893],
[34, 0.916884996, 29184.370348252414, 0.007281553398058253, 0.0077669902912621365, 0.006067961165048544],
[35, 0.942609696, 29182.277917296993, 0.0, 0.002912621359223301, 0.004126213592233009],
[36, 0.970386997, 29183.492414595443, 0.012135922330097087, 0.008737864077669903, 0.007281553398058253],
[37, 0.999207997, 29181.444628347228, 0.0, 0.004368932038834952, 0.004126213592233009],
[38, 1.024869397, 29182.642589235154, 0.0024271844660194173, 0.006796116504854369, 0.0077669902912621365],
[39, 1.051935996, 29180.821495032167, 0.0048543689320388345, 0.0048543689320388345, 0.004368932038834952],
[40, 1.0788030960000001, 29181.926733213284, 0.009708737864077669, 0.0077669902912621365, 0.006310679611650486],
[41, 1.1068959960000002, 29180.175518772492, 0.0024271844660194173, 0.0048543689320388345, 0.005097087378640777],
[42, 1.1324147950000003, 29181.19711644586, 0.0024271844660194173, 0.004368932038834952, 0.004368932038834952],
[43, 1.1606558950000003, 29179.70322104125, 0.0024271844660194173, 0.0019417475728155341, 0.004611650485436893],
[44, 1.1852847960000004, 29180.602733688174, 0.0048543689320388345, 0.0048543689320388345, 0.0048543689320388345],
[45, 1.2133195960000003, 29179.15940940963, 0.0048543689320388345, 0.0033980582524271844, 0.0033980582524271844],
[46, 1.2396162960000003, 29180.00748975732, 0.007281553398058253, 0.008252427184466019, 0.007524271844660194],
[47, 1.2672457960000003, 29178.76719962062, 0.0048543689320388345, 0.006310679611650486, 0.005825242718446602],
[48, 1.2946729960000003, 29179.53024209703, 0.0024271844660194173, 0.004368932038834952, 0.005097087378640777],
[49, 1.3231936960000004, 29178.319996201848, 0.009708737864077669, 0.0048543689320388345, 0.005097087378640777],
[50, 1.3486389950000004, 29179.046998001762, 0.007281553398058253, 0.005825242718446602, 0.004368932038834952],
[51, 1.3759194950000004, 29178.00482089445, 0.0, 0.004368932038834952, 0.0048543689320388345],
[52, 1.4035177950000004, 29178.653265753397, 0.009708737864077669, 0.0048543689320388345, 0.0048543689320388345],
[53, 1.4293502940000005, 29177.63686946391, 0.0048543689320388345, 0.0038834951456310682, 0.0048543689320388345],
[54, 1.4547362930000005, 29178.25941737914, 0.012135922330097087, 0.008737864077669903, 0.007524271844660194],
[55, 1.4807832920000006, 29177.38266128442, 0.0, 0.008252427184466019, 0.007281553398058253],
[56, 1.5064385920000005, 29177.939915852232, 0.0024271844660194173, 0.0048543689320388345, 0.005339805825242719],
[57, 1.5343196910000005, 29177.082901889004, 0.007281553398058253, 0.006796116504854369, 0.00558252427184466],
[58, 1.5604541910000005, 29177.621348471555, 0.009708737864077669, 0.004368932038834952, 0.005825242718446602],
[59, 1.5866999910000006, 29176.879565847656, 0.009708737864077669, 0.005339805825242719, 0.004126213592233009],
[60, 1.6155498910000006, 29177.354265154485, 0.007281553398058253, 0.005339805825242719, 0.004368932038834952],
[61, 1.6439715910000006, 29176.64521407271, 0.009708737864077669, 0.005339805825242719, 0.00558252427184466],
[62, 1.6712036910000005, 29177.084165208453, 0.014563106796116505, 0.0077669902912621365, 0.006796116504854369],
[63, 1.6990117920000005, 29176.479951559628, 0.009708737864077669, 0.006796116504854369, 0.007524271844660194],
[64, 1.7263023920000005, 29176.868395009278, 0.0048543689320388345, 0.006310679611650486, 0.0048543689320388345],
[65, 1.7527033930000004, 29176.29048717493, 0.0048543689320388345, 0.006796116504854369, 0.005339805825242719],
[66, 1.7799128940000004, 29176.646401851074, 0.012135922330097087, 0.008252427184466019, 0.006553398058252427],
[67, 1.8057536940000005, 29176.155696859256, 0.007281553398058253, 0.004368932038834952, 0.004368932038834952],
[68, 1.8341804940000006, 29176.47182937701, 0.0024271844660194173, 0.005339805825242719, 0.004611650485436893],
[69, 1.8603910940000006, 29175.99950347109, 0.007281553398058253, 0.005339805825242719, 0.006067961165048544],
[70, 1.8874841950000005, 29176.290563974657, 0.009708737864077669, 0.0077669902912621365, 0.006796116504854369],
[71, 1.9138672960000005, 29175.89015817215, 0.007281553398058253, 0.005825242718446602, 0.006553398058252427],
[72, 1.9402608970000006, 29176.148885327144, 0.0048543689320388345, 0.0033980582524271844, 0.0048543689320388345],
[73, 1.9672792980000007, 29175.76495748129, 0.0048543689320388345, 0.005825242718446602, 0.0048543689320388345],
[74, 1.9937105990000006, 29176.00022425109, 0.012135922330097087, 0.0077669902912621365, 0.006067961165048544],
[75, 2.0194430990000005, 29175.675350734145, 0.009708737864077669, 0.004368932038834952, 0.00558252427184466],
[76, 2.0452233990000006, 29175.885106400798, 0.012135922330097087, 0.007281553398058253, 0.005097087378640777],
[77, 2.0712181990000005, 29175.571659035606, 0.007281553398058253, 0.005825242718446602, 0.006067961165048544],
[78, 2.0981875990000005, 29175.764778227767, 0.009708737864077669, 0.004368932038834952, 0.006067961165048544],
[79, 2.1239388980000005, 29175.499219856694, 0.014563106796116505, 0.0048543689320388345, 0.0048543689320388345],
[80, 2.1502933980000005, 29175.67054519051, 0.0048543689320388345, 0.005339805825242719, 0.006310679611650486],
[81, 2.1941531990000005, 29175.415910443266, 0.0024271844660194173, 0.006310679611650486, 0.0048543689320388345],
[82, 2.2188847000000007, 29175.572261077272, 0.007281553398058253, 0.007281553398058253, 0.006310679611650486],
[83, 2.244417801000001, 29175.356828605283, 0.0048543689320388345, 0.005339805825242719, 0.005097087378640777],
[84, 2.2696170010000007, 29175.495683044326, 0.007281553398058253, 0.0038834951456310682, 0.005339805825242719],
[85, 2.296081401000001, 29175.28763441629, 0.009708737864077669, 0.006310679611650486, 0.0048543689320388345],
[86, 2.3231592020000007, 29175.416144025337, 0.01699029126213592, 0.005825242718446602, 0.004611650485436893],
[87, 2.3479518010000007, 29175.239880243564, 0.009708737864077669, 0.006310679611650486, 0.006553398058252427],
[88, 2.376939201000001, 29175.35325277083, 0.0048543689320388345, 0.0038834951456310682, 0.004126213592233009],
[89, 2.402644500000001, 29175.1843592162, 0.0048543689320388345, 0.0077669902912621365, 0.006796116504854369],
[90, 2.430700200000001, 29175.288309097705, 0.009708737864077669, 0.0048543689320388345, 0.00558252427184466],
[91, 2.4552249010000007, 29175.145490716095, 0.007281553398058253, 0.005339805825242719, 0.00558252427184466],
[92, 2.4814921000000005, 29175.237248471753, 0.007281553398058253, 0.006310679611650486, 0.006067961165048544],
[93, 2.5088753010000007, 29175.09924963591, 0.012135922330097087, 0.007281553398058253, 0.006553398058252427],
[94, 2.536242701000001, 29175.1849231436, 0.0024271844660194173, 0.006310679611650486, 0.005097087378640777],
[95, 2.5624535000000006, 29175.06782258603, 0.009708737864077669, 0.006310679611650486, 0.006067961165048544],
[96, 2.5893774000000005, 29175.142730625485, 0.007281553398058253, 0.006796116504854369, 0.005825242718446602],
[97, 2.6169539000000004, 29175.030777450076, 0.007281553398058253, 0.005825242718446602, 0.005339805825242719],
[98, 2.6431210990000005, 29175.099954038156, 0.009708737864077669, 0.0048543689320388345, 0.0036407766990291263],
[99, 2.6688176990000003, 29175.00522605168, 0.009708737864077669, 0.005825242718446602, 0.004611650485436893],
[100, 2.6952088000000005, 29175.06585838455, 0.0048543689320388345, 0.002912621359223301, 0.0036407766990291263],
[101, 2.7229198000000006, 29174.974278752903, 0.01699029126213592, 0.008737864077669903, 0.006796116504854369],
[102, 2.7497611990000004, 29175.0313952655, 0.009708737864077669, 0.005825242718446602, 0.005339805825242719],
[103, 2.7763590000000002, 29174.953751018857, 0.0024271844660194173, 0.005339805825242719, 0.00703883495145631],
[104, 2.8037305010000004, 29175.00310290138, 0.0048543689320388345, 0.004368932038834952, 0.004126213592233009],
[105, 2.8289629020000002, 29174.928930314913, 0.009708737864077669, 0.007281553398058253, 0.00558252427184466],
[106, 2.8561463020000004, 29174.974884211602, 0.0048543689320388345, 0.0048543689320388345, 0.004368932038834952],
[107, 2.8814839030000003, 29174.912065411172, 0.0048543689320388345, 0.0038834951456310682, 0.005339805825242719],
[108, 2.9072986030000005, 29174.952288623906, 0.0024271844660194173, 0.0038834951456310682, 0.004611650485436893],
[109, 2.9345545030000006, 29174.891539963704, 0.0024271844660194173, 0.0033980582524271844, 0.004611650485436893],
[110, 2.9594301030000008, 29174.929398247794, 0.0048543689320388345, 0.0048543689320388345, 0.004368932038834952],
[111, 2.986331604000001, 29174.877857058018, 0.0048543689320388345, 0.006796116504854369, 0.004611650485436893],
[112, 3.013648704000001, 29174.910635409247, 0.012135922330097087, 0.006796116504854369, 0.00703883495145631],
[113, 3.0447346040000007, 29174.861446717867, 0.0048543689320388345, 0.002912621359223301, 0.004611650485436893],
[114, 3.071444703000001, 29174.8919123842, 0.012135922330097087, 0.005339805825242719, 0.005339805825242719],
[115, 3.102246203000001, 29174.85023552545, 0.0048543689320388345, 0.008737864077669903, 0.006067961165048544],
[116, 3.1287224030000007, 29174.87690973729, 0.0048543689320388345, 0.0038834951456310682, 0.005097087378640777],
[117, 3.156661202000001, 29174.836616369048, 0.009708737864077669, 0.007281553398058253, 0.006067961165048544],
[118, 3.182720802000001, 29174.861754933117, 0.009708737864077669, 0.005825242718446602, 0.006067961165048544],
[119, 3.2106278010000007, 29174.827543902742, 0.014563106796116505, 0.009708737864077669, 0.006310679611650486],
[120, 3.237039501000001, 29174.849283034346, 0.0024271844660194173, 0.002912621359223301, 0.004368932038834952],
[121, 3.2627613010000007, 29174.816651679685, 0.0048543689320388345, 0.002912621359223301, 0.0048543689320388345],
