rank: 30, ratio of 0 vs 1: 3, lambda:1, learning_rate: 0.35
iter time objective_function precision@K = 1, 5, 10
[0,29312.1538347169, 0.009708737864077669 0.004368932038834952 0.0036407766990291263],
[1, 0.046150299, 29277.943267315593, 0.0048543689320388345, 0.0038834951456310682, 0.004126213592233009],
[2, 0.092840898, 29259.054345681827, 0.0024271844660194173, 0.0033980582524271844, 0.003155339805825243],
[3, 0.127953997, 29246.66265126127, 0.009708737864077669, 0.0048543689320388345, 0.004126213592233009],
[4, 0.174491697, 29237.259719234386, 0.0048543689320388345, 0.005825242718446602, 0.006067961165048544],
[5, 0.225212397, 29227.01806582196, 0.007281553398058253, 0.0077669902912621365, 0.006310679611650486],
[6, 0.262757497, 29220.643181418898, 0.007281553398058253, 0.008252427184466019, 0.007281553398058253],
[7, 0.302456797, 29214.43331607184, 0.009708737864077669, 0.0077669902912621365, 0.008009708737864078],
[8, 0.327051997, 29208.683351915362, 0.014563106796116505, 0.007281553398058253, 0.008252427184466019],
[9, 0.361022598, 29197.94217671925, 0.019417475728155338, 0.010194174757281554, 0.008737864077669903],
[10, 0.38939419799999997, 29192.852298409358, 0.019417475728155338, 0.012135922330097087, 0.009708737864077669],
[11, 0.425098298, 29191.669233714987, 0.019417475728155338, 0.013106796116504855, 0.009223300970873786],
[12, 0.455014498, 29188.328084913042, 0.019417475728155338, 0.012135922330097087, 0.010436893203883494],
[13, 0.484619398, 29183.266173030013, 0.021844660194174758, 0.012135922330097087, 0.010922330097087379],
[14, 0.514612898, 29181.486919276213, 0.019417475728155338, 0.012621359223300972, 0.010679611650485438],
[15, 0.543011198, 29179.495724214226, 0.019417475728155338, 0.011650485436893204, 0.011650485436893204],
[16, 0.573021997, 29176.895441679353, 0.019417475728155338, 0.011650485436893204, 0.011407766990291262],
[17, 0.605883097, 29174.82150009779, 0.019417475728155338, 0.01116504854368932, 0.01116504854368932],
[18, 0.638469798, 29174.51712433357, 0.019417475728155338, 0.01116504854368932, 0.010922330097087379],
[19, 0.672844497, 29171.94720274365, 0.019417475728155338, 0.01116504854368932, 0.011407766990291262],
[20, 0.7036194960000001, 29170.912469992083, 0.021844660194174758, 0.01116504854368932, 0.011650485436893204],
[21, 0.7334041960000001, 29171.761523725338, 0.021844660194174758, 0.011650485436893204, 0.011650485436893204],
[22, 0.766378796, 29171.43628385518, 0.021844660194174758, 0.01116504854368932, 0.011407766990291262],
[23, 0.797333696, 29170.70325478542, 0.021844660194174758, 0.011650485436893204, 0.012135922330097087],
[24, 0.827850596, 29166.78707416406, 0.021844660194174758, 0.012135922330097087, 0.011893203883495147],
[25, 0.868290897, 29166.09428655388, 0.019417475728155338, 0.012135922330097087, 0.012135922330097087],
[26, 0.897118197, 29167.74114264756, 0.021844660194174758, 0.012135922330097087, 0.011893203883495147],
[27, 0.9284675969999999, 29165.44585430892, 0.021844660194174758, 0.012135922330097087, 0.011893203883495147],
[28, 0.955635697, 29167.76059961371, 0.021844660194174758, 0.012135922330097087, 0.011650485436893204],
[29, 0.989774497, 29163.90936226299, 0.021844660194174758, 0.012135922330097087, 0.011650485436893204],
[30, 1.022327897, 29166.844187381263, 0.021844660194174758, 0.012135922330097087, 0.011650485436893204],
[31, 1.052343097, 29163.03020140568, 0.021844660194174758, 0.012135922330097087, 0.011893203883495147],
[32, 1.0853008960000001, 29162.532427000682, 0.021844660194174758, 0.012135922330097087, 0.011893203883495147],
[33, 1.114525495, 29164.02865151935, 0.021844660194174758, 0.012135922330097087, 0.011650485436893204],
[34, 1.1442674940000002, 29162.572882927594, 0.021844660194174758, 0.012135922330097087, 0.011650485436893204],
[35, 1.1747163940000003, 29162.482707354116, 0.021844660194174758, 0.012135922330097087, 0.011650485436893204],
[36, 1.2099800940000003, 29164.273259680314, 0.021844660194174758, 0.012135922330097087, 0.011893203883495147],
[37, 1.2462755940000003, 29165.57021319824, 0.021844660194174758, 0.012135922330097087, 0.011893203883495147],
[38, 1.2760661940000002, 29160.660276152204, 0.021844660194174758, 0.012135922330097087, 0.011893203883495147],
[39, 1.3048496930000002, 29162.570642034134, 0.021844660194174758, 0.012135922330097087, 0.011893203883495147],
[40, 1.3370954920000002, 29162.850041005775, 0.021844660194174758, 0.012135922330097087, 0.011893203883495147],
[41, 1.374036492, 29164.346445558123, 0.021844660194174758, 0.012135922330097087, 0.011893203883495147],
[42, 1.4076109920000002, 29164.741594995507, 0.021844660194174758, 0.012135922330097087, 0.011893203883495147],
[43, 1.4363308920000002, 29164.909818939483, 0.021844660194174758, 0.012135922330097087, 0.011893203883495147],
[44, 1.464465692, 29164.878989485154, 0.021844660194174758, 0.012135922330097087, 0.011893203883495147],
[45, 1.495387892, 29164.46236575207, 0.021844660194174758, 0.012135922330097087, 0.011893203883495147],
[46, 1.531994891, 29164.104408748066, 0.021844660194174758, 0.012135922330097087, 0.011893203883495147],
[47, 1.5627094910000001, 29163.462596801262, 0.021844660194174758, 0.012135922330097087, 0.011893203883495147],
[48, 1.58962719, 29163.09643720128, 0.021844660194174758, 0.012135922330097087, 0.011893203883495147],
[49, 1.62181949, 29163.78518324762, 0.021844660194174758, 0.012135922330097087, 0.011893203883495147],
[50, 1.6530588910000001, 29165.281405769187, 0.021844660194174758, 0.012135922330097087, 0.011893203883495147],
[51, 1.6809826920000002, 29167.744929395452, 0.021844660194174758, 0.012135922330097087, 0.011893203883495147],
[52, 1.7152909910000003, 29165.171995525623, 0.021844660194174758, 0.012135922330097087, 0.011893203883495147],
[53, 1.7485445910000004, 29166.14759259501, 0.021844660194174758, 0.012135922330097087, 0.011893203883495147],
[54, 1.7799387910000004, 29164.711266726146, 0.021844660194174758, 0.012135922330097087, 0.011893203883495147],
[55, 1.8114958910000003, 29162.241524138593, 0.021844660194174758, 0.012135922330097087, 0.011893203883495147],
[56, 1.8426006910000003, 29165.130121134243, 0.021844660194174758, 0.012135922330097087, 0.011893203883495147],
[57, 1.8737194920000004, 29162.96028112518, 0.021844660194174758, 0.012135922330097087, 0.011893203883495147],
[58, 1.9081784920000004, 29165.77320456815, 0.021844660194174758, 0.012135922330097087, 0.011893203883495147],
[59, 1.9946665920000004, 29164.669415106826, 0.021844660194174758, 0.012135922330097087, 0.011893203883495147],
[60, 2.0251799920000004, 29163.510243146065, 0.021844660194174758, 0.012135922330097087, 0.011893203883495147],
[61, 2.0559336910000003, 29163.934195385125, 0.021844660194174758, 0.012135922330097087, 0.011893203883495147],
[62, 2.087824792, 29162.00565182645, 0.021844660194174758, 0.012135922330097087, 0.011893203883495147],
[63, 2.118691892, 29164.71877882977, 0.021844660194174758, 0.012135922330097087, 0.011893203883495147],
[64, 2.1580489920000003, 29165.124246347073, 0.021844660194174758, 0.012135922330097087, 0.011893203883495147],
[65, 2.2021189920000004, 29162.743823517554, 0.021844660194174758, 0.012135922330097087, 0.011893203883495147],
[66, 2.2323006920000004, 29164.933789651794, 0.021844660194174758, 0.012135922330097087, 0.011893203883495147],
[67, 2.2664162910000005, 29162.376797374232, 0.021844660194174758, 0.012135922330097087, 0.011893203883495147],
[68, 2.3006032900000006, 29162.55051882649, 0.021844660194174758, 0.012135922330097087, 0.011893203883495147],
[69, 2.332597291000001, 29163.407620202666, 0.021844660194174758, 0.012135922330097087, 0.011893203883495147],
[70, 2.368958391000001, 29164.09679660419, 0.021844660194174758, 0.012135922330097087, 0.011893203883495147],
[71, 2.399362392000001, 29163.20986521054, 0.021844660194174758, 0.012135922330097087, 0.011893203883495147],
[72, 2.4317581930000007, 29163.85574461153, 0.021844660194174758, 0.012135922330097087, 0.011893203883495147],
[73, 2.4714130930000007, 29164.0532318495, 0.021844660194174758, 0.012135922330097087, 0.011893203883495147],
[74, 2.5038815940000005, 29163.149923027107, 0.021844660194174758, 0.012135922330097087, 0.011893203883495147],
[75, 2.5342520940000006, 29161.798484127397, 0.021844660194174758, 0.012135922330097087, 0.011893203883495147],
[76, 2.5688506940000004, 29164.56010163186, 0.021844660194174758, 0.012135922330097087, 0.011893203883495147],
[77, 2.6004911940000004, 29164.14797529558, 0.021844660194174758, 0.012135922330097087, 0.011893203883495147],
[78, 2.6273449930000004, 29162.035310440402, 0.021844660194174758, 0.012135922330097087, 0.011893203883495147],
[79, 2.6592279930000005, 29163.963963518818, 0.021844660194174758, 0.012135922330097087, 0.011893203883495147],
[80, 2.6871338930000004, 29164.849987403963, 0.021844660194174758, 0.012135922330097087, 0.011893203883495147],
[81, 2.715627394, 29166.583633974686, 0.021844660194174758, 0.012135922330097087, 0.011893203883495147],
[82, 2.744925995, 29162.93883441966, 0.021844660194174758, 0.012135922330097087, 0.011893203883495147],
[83, 2.776828396, 29165.083354117636, 0.021844660194174758, 0.012135922330097087, 0.011893203883495147],
[84, 2.808511795, 29165.021912661687, 0.021844660194174758, 0.012135922330097087, 0.011893203883495147],
[85, 2.837188194, 29163.198939481554, 0.021844660194174758, 0.012135922330097087, 0.011893203883495147],
[86, 2.867477795, 29162.750326552996, 0.021844660194174758, 0.012135922330097087, 0.011893203883495147],
[87, 2.903549295, 29164.59934988906, 0.021844660194174758, 0.012135922330097087, 0.011893203883495147],
[88, 2.936239895, 29163.572495481105, 0.021844660194174758, 0.012135922330097087, 0.011893203883495147],
[89, 2.968278694, 29163.854178450616, 0.021844660194174758, 0.012135922330097087, 0.011893203883495147],
[90, 3.0007612949999998, 29163.775011399146, 0.021844660194174758, 0.012135922330097087, 0.011893203883495147],
[91, 3.033806194, 29164.10461014113, 0.021844660194174758, 0.012135922330097087, 0.011893203883495147],
[92, 3.0649615939999997, 29165.543437684897, 0.021844660194174758, 0.012135922330097087, 0.011893203883495147],
[93, 3.0959666939999995, 29164.345671971496, 0.021844660194174758, 0.012135922330097087, 0.011893203883495147],
[94, 3.1279893929999996, 29163.408159045815, 0.021844660194174758, 0.012135922330097087, 0.011893203883495147],
[95, 3.1556207919999997, 29162.287873089994, 0.021844660194174758, 0.012135922330097087, 0.011893203883495147],
[96, 3.183235392, 29165.065959462656, 0.021844660194174758, 0.012135922330097087, 0.011893203883495147],
[97, 3.211196892, 29162.245148001704, 0.021844660194174758, 0.012135922330097087, 0.011893203883495147],
[98, 3.242633191, 29166.51878607582, 0.021844660194174758, 0.012135922330097087, 0.011893203883495147],
[99, 3.271922892, 29163.65624354582, 0.021844660194174758, 0.012135922330097087, 0.011893203883495147],
[100, 3.301626392, 29166.356161546275, 0.021844660194174758, 0.012135922330097087, 0.011893203883495147],
[101, 3.3301103910000003, 29165.55979459805, 0.021844660194174758, 0.012135922330097087, 0.011893203883495147],
[102, 3.35674799, 29164.1512753592, 0.021844660194174758, 0.012135922330097087, 0.011893203883495147],
[103, 3.38323669, 29161.554418040057, 0.021844660194174758, 0.012135922330097087, 0.011893203883495147],
[104, 3.41416469, 29163.526191978402, 0.021844660194174758, 0.012135922330097087, 0.011893203883495147],
[105, 3.4513417889999998, 29163.23713328723, 0.021844660194174758, 0.012135922330097087, 0.011893203883495147],
[106, 3.4821195879999998, 29167.120761385966, 0.021844660194174758, 0.012135922330097087, 0.011893203883495147],
[107, 3.5109854879999998, 29163.687132522653, 0.021844660194174758, 0.012135922330097087, 0.011893203883495147],
[108, 3.540327187, 29164.90360324632, 0.021844660194174758, 0.012135922330097087, 0.011893203883495147],
[109, 3.571950388, 29165.899435750707, 0.021844660194174758, 0.012135922330097087, 0.011893203883495147],
[110, 3.603900689, 29160.73083670237, 0.021844660194174758, 0.012135922330097087, 0.011893203883495147],
[111, 3.635179889, 29161.378876716222, 0.021844660194174758, 0.012135922330097087, 0.011893203883495147],
[112, 3.668475389, 29162.11000910218, 0.021844660194174758, 0.012135922330097087, 0.011893203883495147],
[113, 3.696659889, 29163.62560565927, 0.021844660194174758, 0.012135922330097087, 0.011893203883495147],
[114, 3.7256442890000003, 29163.144789529546, 0.021844660194174758, 0.012135922330097087, 0.011893203883495147],
[115, 3.75819099, 29165.632307403364, 0.021844660194174758, 0.012135922330097087, 0.011893203883495147],
[116, 3.786038289, 29164.954017981974, 0.021844660194174758, 0.012135922330097087, 0.011893203883495147],
[117, 3.813888888, 29164.595757740728, 0.021844660194174758, 0.012135922330097087, 0.011893203883495147],
[118, 3.844077888, 29166.40973794102, 0.021844660194174758, 0.012135922330097087, 0.011893203883495147],
[119, 3.8749356880000003, 29160.913123742794, 0.021844660194174758, 0.012135922330097087, 0.011893203883495147],
[120, 3.9107378880000003, 29163.63891843494, 0.021844660194174758, 0.012135922330097087, 0.011893203883495147],
[121, 3.941517188, 29161.333660831322, 0.021844660194174758, 0.012135922330097087, 0.011893203883495147],
