rank: 30, ratio of 0 vs 1: 3, lambda:9, learning_rate: 0.35
iter time objective_function precision@K = 1, 5, 10
[0,30409.945226480675, 0.009708737864077669 0.004368932038834952 0.0036407766990291263],
[1, 0.026901299, 30215.890266292372, 0.0, 0.004368932038834952, 0.003155339805825243],
[2, 0.052988099999999996, 29814.92601500734, 0.0024271844660194173, 0.0014563106796116505, 0.0038834951456310682],
[3, 0.081016801, 29476.669361522465, 0.0024271844660194173, 0.0038834951456310682, 0.0033980582524271844],
[4, 0.10648540000000001, 29387.811644129222, 0.0024271844660194173, 0.0048543689320388345, 0.005097087378640777],
[5, 0.132847099, 29260.002111161873, 0.007281553398058253, 0.005825242718446602, 0.004611650485436893],
[6, 0.158745099, 29317.5630360093, 0.012135922330097087, 0.0048543689320388345, 0.006067961165048544],
[7, 0.184460499, 29232.564215979593, 0.0048543689320388345, 0.005339805825242719, 0.004126213592233009],
[8, 0.210037999, 29298.282211543483, 0.0048543689320388345, 0.005339805825242719, 0.0048543689320388345],
[9, 0.236199099, 29213.69901846368, 0.0048543689320388345, 0.005825242718446602, 0.006067961165048544],
[10, 0.266437099, 29282.476703684544, 0.0024271844660194173, 0.0038834951456310682, 0.004368932038834952],
[11, 0.29158789900000004, 29200.237167170362, 0.009708737864077669, 0.0077669902912621365, 0.006310679611650486],
[12, 0.31812419900000005, 29267.99374340392, 0.0024271844660194173, 0.0024271844660194173, 0.002912621359223301],
[13, 0.34439219900000007, 29193.019387243105, 0.007281553398058253, 0.006310679611650486, 0.006067961165048544],
[14, 0.37043729900000005, 29252.596010292906, 0.0024271844660194173, 0.0048543689320388345, 0.004368932038834952],
[15, 0.3956835000000001, 29187.53632956877, 0.007281553398058253, 0.0077669902912621365, 0.006796116504854369],
[16, 0.4210349990000001, 29239.785733851193, 0.0048543689320388345, 0.005825242718446602, 0.005097087378640777],
[17, 0.44722129900000007, 29184.79078830205, 0.007281553398058253, 0.005825242718446602, 0.006796116504854369],
[18, 0.4730945980000001, 29227.726893508654, 0.0, 0.0033980582524271844, 0.00558252427184466],
[19, 0.4987637980000001, 29182.25840199368, 0.009708737864077669, 0.0048543689320388345, 0.005339805825242719],
[20, 0.5244999990000001, 29218.272479723753, 0.007281553398058253, 0.005825242718446602, 0.005825242718446602],
[21, 0.5515109990000001, 29180.91593877798, 0.0048543689320388345, 0.006310679611650486, 0.004611650485436893],
[22, 0.5775088990000001, 29209.92429547673, 0.009708737864077669, 0.006310679611650486, 0.004611650485436893],
[23, 0.6046684990000001, 29179.604647816992, 0.01699029126213592, 0.008252427184466019, 0.008009708737864078],
[24, 0.636577998, 29203.588635955995, 0.009708737864077669, 0.008252427184466019, 0.006310679611650486],
[25, 0.662523298, 29178.714124868715, 0.0048543689320388345, 0.005825242718446602, 0.005339805825242719],
[26, 0.690826198, 29197.881425497595, 0.0024271844660194173, 0.0038834951456310682, 0.0038834951456310682],
[27, 0.718613298, 29178.041346273214, 0.0048543689320388345, 0.0033980582524271844, 0.004126213592233009],
[28, 0.7449198979999999, 29193.681563103626, 0.009708737864077669, 0.009223300970873786, 0.007524271844660194],
[29, 0.7712504979999999, 29177.251138172527, 0.0048543689320388345, 0.009223300970873786, 0.007524271844660194],
[30, 0.7964781969999999, 29190.011906185653, 0.007281553398058253, 0.005825242718446602, 0.0048543689320388345],
[31, 0.8224907979999999, 29176.823567859014, 0.009708737864077669, 0.009223300970873786, 0.008009708737864078],
[32, 0.8492800979999999, 29187.247950646746, 0.012135922330097087, 0.006310679611650486, 0.005825242718446602],
[33, 0.8767903989999999, 29176.437224430883, 0.012135922330097087, 0.0077669902912621365, 0.006067961165048544],
[34, 0.9028972979999998, 29184.70159631141, 0.0024271844660194173, 0.0038834951456310682, 0.004368932038834952],
[35, 0.9283134979999998, 29176.14162720246, 0.0048543689320388345, 0.002912621359223301, 0.004126213592233009],
[36, 0.9533369979999998, 29182.89944369256, 0.0024271844660194173, 0.006310679611650486, 0.006796116504854369],
[37, 0.9806068989999999, 29175.854461634444, 0.012135922330097087, 0.008737864077669903, 0.0077669902912621365],
[38, 1.004867899, 29181.269598581282, 0.0024271844660194173, 0.006310679611650486, 0.006310679611650486],
[39, 1.0312953999999999, 29175.666327361083, 0.009708737864077669, 0.008252427184466019, 0.006553398058252427],
[40, 1.0562318009999998, 29180.077314337053, 0.007281553398058253, 0.006310679611650486, 0.005339805825242719],
[41, 1.0823875019999998, 29175.506867296826, 0.007281553398058253, 0.006796116504854369, 0.006796116504854369],
[42, 1.1087496009999998, 29178.98113939969, 0.0048543689320388345, 0.0048543689320388345, 0.0048543689320388345],
[43, 1.1344779999999997, 29175.36472484507, 0.007281553398058253, 0.010194174757281554, 0.008737864077669903],
[44, 1.1634162999999997, 29178.216992527472, 0.0048543689320388345, 0.0048543689320388345, 0.004368932038834952],
[45, 1.1920110999999998, 29175.247484294065, 0.007281553398058253, 0.0048543689320388345, 0.004126213592233009],
[46, 1.2189277989999998, 29177.526806082253, 0.0048543689320388345, 0.006310679611650486, 0.005825242718446602],
[47, 1.2464606989999998, 29175.152221374265, 0.014563106796116505, 0.007281553398058253, 0.006553398058252427],
[48, 1.2725396989999997, 29177.01518994419, 0.0, 0.0048543689320388345, 0.0038834951456310682],
[49, 1.2993937989999997, 29175.07679660422, 0.009708737864077669, 0.0077669902912621365, 0.007524271844660194],
[50, 1.3252960999999996, 29176.558459445692, 0.0024271844660194173, 0.006310679611650486, 0.00703883495145631],
[51, 1.3533130999999996, 29175.003962436083, 0.0048543689320388345, 0.006796116504854369, 0.00703883495145631],
[52, 1.3798365989999997, 29176.22881401164, 0.0048543689320388345, 0.007281553398058253, 0.007524271844660194],
[53, 1.4060486989999996, 29174.952684140153, 0.009708737864077669, 0.009223300970873786, 0.0077669902912621365],
[54, 1.4320456979999996, 29175.934886118215, 0.01699029126213592, 0.008252427184466019, 0.006310679611650486],
[55, 1.4571108979999996, 29174.910376235537, 0.007281553398058253, 0.0048543689320388345, 0.0048543689320388345],
[56, 1.4825354979999996, 29175.71160326701, 0.012135922330097087, 0.009223300970873786, 0.008009708737864078],
[57, 1.5077537979999995, 29174.87771073746, 0.014563106796116505, 0.009223300970873786, 0.007281553398058253],
[58, 1.5328772979999996, 29175.516926964465, 0.0048543689320388345, 0.005825242718446602, 0.006553398058252427],
[59, 1.5622011989999995, 29174.847494079957, 0.012135922330097087, 0.006796116504854369, 0.005339805825242719],
[60, 1.5874513999999995, 29175.37404059895, 0.009708737864077669, 0.005825242718446602, 0.005339805825242719],
[61, 1.6126142999999995, 29174.82492846224, 0.0024271844660194173, 0.009708737864077669, 0.006796116504854369],
[62, 1.6400589999999995, 29175.247992241188, 0.0024271844660194173, 0.0038834951456310682, 0.005339805825242719],
[63, 1.6658477009999995, 29174.807117507993, 0.009708737864077669, 0.010194174757281554, 0.008980582524271846],
[64, 1.6918958009999994, 29175.151509314423, 0.014563106796116505, 0.006310679611650486, 0.005825242718446602],
[65, 1.7181422009999994, 29174.792156363037, 0.0048543689320388345, 0.005339805825242719, 0.005339805825242719],
[66, 1.7482280019999994, 29175.068166228724, 0.0048543689320388345, 0.0048543689320388345, 0.007281553398058253],
[67, 1.7762607029999995, 29174.78009314522, 0.0048543689320388345, 0.008737864077669903, 0.0077669902912621365],
[68, 1.8021291029999995, 29175.006146283013, 0.012135922330097087, 0.009223300970873786, 0.006796116504854369],
[69, 1.8279240029999995, 29174.76981448192, 0.01699029126213592, 0.008737864077669903, 0.006553398058252427],
[70, 1.8533428029999994, 29174.952150112178, 0.0, 0.004368932038834952, 0.0038834951456310682],
[71, 1.8775629019999995, 29174.762408005805, 0.0048543689320388345, 0.005339805825242719, 0.005097087378640777],
[72, 1.9044706019999995, 29174.910402883175, 0.009708737864077669, 0.006796116504854369, 0.006067961165048544],
[73, 1.9299842019999995, 29174.756436193486, 0.009708737864077669, 0.008252427184466019, 0.006553398058252427],
[74, 1.9557520019999994, 29174.874423574307, 0.007281553398058253, 0.0077669902912621365, 0.006310679611650486],
[75, 1.9817165019999994, 29174.750471786196, 0.009708737864077669, 0.0077669902912621365, 0.006796116504854369],
[76, 2.0065110019999994, 29174.848239939358, 0.012135922330097087, 0.0077669902912621365, 0.006553398058252427],
[77, 2.0322454019999996, 29174.74619124169, 0.0, 0.008252427184466019, 0.0077669902912621365],
[78, 2.0575210019999997, 29174.82475858511, 0.0, 0.002912621359223301, 0.0048543689320388345],
[79, 2.0838322019999995, 29174.74316544307, 0.007281553398058253, 0.008252427184466019, 0.00703883495145631],
[80, 2.1092304019999997, 29174.80672484995, 0.012135922330097087, 0.011650485436893204, 0.008980582524271846],
[81, 2.134927902, 29174.7403585695, 0.009708737864077669, 0.0077669902912621365, 0.006553398058252427],
[82, 2.162013001, 29174.791512069896, 0.009708737864077669, 0.0077669902912621365, 0.00849514563106796],
[83, 2.188300001, 29174.737975434316, 0.007281553398058253, 0.008252427184466019, 0.008252427184466019],
[84, 2.214533, 29174.779967499457, 0.014563106796116505, 0.008737864077669903, 0.00703883495145631],
[85, 2.2422348, 29174.73616582127, 0.009708737864077669, 0.0077669902912621365, 0.00703883495145631],
[86, 2.267172401, 29174.769847437, 0.007281553398058253, 0.0077669902912621365, 0.005339805825242719],
[87, 2.294602502, 29174.734854091632, 0.0024271844660194173, 0.007281553398058253, 0.006310679611650486],
[88, 2.320487502, 29174.762169571673, 0.007281553398058253, 0.009223300970873786, 0.007524271844660194],
[89, 2.3469263020000004, 29174.73357009565, 0.007281553398058253, 0.0077669902912621365, 0.005825242718446602],
[90, 2.3715784010000003, 29174.755611185486, 0.0048543689320388345, 0.005825242718446602, 0.007524271844660194],
[91, 2.4074313010000004, 29174.732537626678, 0.007281553398058253, 0.009223300970873786, 0.009223300970873786],
[92, 2.4388886020000005, 29174.750678812008, 0.0024271844660194173, 0.008737864077669903, 0.006310679611650486],
[93, 2.4634537020000002, 29174.73183483999, 0.012135922330097087, 0.006796116504854369, 0.006067961165048544],
[94, 2.4916794030000005, 29174.746272776836, 0.01699029126213592, 0.007281553398058253, 0.007524271844660194],
[95, 2.5178424030000004, 29174.731190145678, 0.007281553398058253, 0.008252427184466019, 0.007524271844660194],
[96, 2.5495390020000004, 29174.742996309582, 0.0048543689320388345, 0.006796116504854369, 0.00558252427184466],
[97, 2.5760726020000004, 29174.730660130044, 0.009708737864077669, 0.01116504854368932, 0.007281553398058253],
[98, 2.6005099010000006, 29174.740184692426, 0.007281553398058253, 0.006310679611650486, 0.00703883495145631],
[99, 2.6265889010000008, 29174.730251698387, 0.0048543689320388345, 0.005825242718446602, 0.007524271844660194],
[100, 2.653032401000001, 29174.738023211175, 0.012135922330097087, 0.009708737864077669, 0.007524271844660194],
[101, 2.679201200000001, 29174.729924984655, 0.007281553398058253, 0.01116504854368932, 0.010679611650485438],
[102, 2.705273200000001, 29174.736136918138, 0.009708737864077669, 0.005825242718446602, 0.006796116504854369],
[103, 2.731821001000001, 29174.72965790911, 0.009708737864077669, 0.0077669902912621365, 0.00703883495145631],
[104, 2.757091900000001, 29174.734727991134, 0.01699029126213592, 0.006310679611650486, 0.005339805825242719],
[105, 2.782042800000001, 29174.729418418698, 0.012135922330097087, 0.006310679611650486, 0.006067961165048544],
[106, 2.807378900000001, 29174.733526121694, 0.009708737864077669, 0.0077669902912621365, 0.0077669902912621365],
[107, 2.833280001000001, 29174.72924340718, 0.01699029126213592, 0.013106796116504855, 0.008980582524271846],
[108, 2.8594214000000013, 29174.732592909473, 0.0024271844660194173, 0.006310679611650486, 0.00558252427184466],
[109, 2.8851325000000014, 29174.729108582902, 0.0048543689320388345, 0.009708737864077669, 0.008252427184466019],
[110, 2.9107312000000016, 29174.73177441924, 0.007281553398058253, 0.006796116504854369, 0.006553398058252427],
[111, 2.9353451990000017, 29174.728984505517, 0.01699029126213592, 0.008737864077669903, 0.006310679611650486],
[112, 2.9609167980000017, 29174.731179837756, 0.012135922330097087, 0.010194174757281554, 0.007281553398058253],
[113, 2.9905709970000016, 29174.728884685912, 0.009708737864077669, 0.0077669902912621365, 0.007524271844660194],
[114, 3.0160613970000014, 29174.73065663178, 0.007281553398058253, 0.007281553398058253, 0.005339805825242719],
[115, 3.0419505970000014, 29174.72882061379, 0.009708737864077669, 0.007281553398058253, 0.00703883495145631],
[116, 3.0680006980000014, 29174.730243826994, 0.009708737864077669, 0.006796116504854369, 0.00703883495145631],
[117, 3.0935408980000014, 29174.728750438375, 0.012135922330097087, 0.009223300970873786, 0.00849514563106796],
[118, 3.1198868980000016, 29174.729907085744, 0.0048543689320388345, 0.005339805825242719, 0.006553398058252427],
[119, 3.1455951980000014, 29174.728697486673, 0.0048543689320388345, 0.008737864077669903, 0.0077669902912621365],
[120, 3.1707572980000016, 29174.729648449, 0.0048543689320388345, 0.005825242718446602, 0.004611650485436893],
[121, 3.1966838970000016, 29174.72866024898, 0.019417475728155338, 0.010194174757281554, 0.009223300970873786],
