rank: 30, ratio of 0 vs 1: 3, lambda:6, learning_rate: 0.35
iter time objective_function precision@K = 1, 5, 10
[0,29998.27345456926, 0.009708737864077669 0.004368932038834952 0.0036407766990291263],
[1, 0.0270194, 29676.650963334756, 0.0048543689320388345, 0.004368932038834952, 0.0036407766990291263],
[2, 0.0521426, 29481.973188365944, 0.0048543689320388345, 0.006310679611650486, 0.005339805825242719],
[3, 0.0810422, 29309.545459637156, 0.007281553398058253, 0.004368932038834952, 0.0038834951456310682],
[4, 0.106940699, 29229.417242007592, 0.0024271844660194173, 0.002912621359223301, 0.0033980582524271844],
[5, 0.13322029800000001, 29291.174132132586, 0.009708737864077669, 0.004368932038834952, 0.0033980582524271844],
[6, 0.158873798, 29227.66237513255, 0.0048543689320388345, 0.004368932038834952, 0.0036407766990291263],
[7, 0.184988899, 29292.035854231955, 0.0024271844660194173, 0.005339805825242719, 0.004126213592233009],
[8, 0.210666499, 29227.290853399976, 0.0048543689320388345, 0.005339805825242719, 0.0048543689320388345],
[9, 0.23745760000000002, 29292.348735584605, 0.009708737864077669, 0.0033980582524271844, 0.003155339805825243],
[10, 0.264299, 29226.749004272577, 0.0, 0.002912621359223301, 0.004611650485436893],
[11, 0.290001099, 29292.613047271116, 0.0048543689320388345, 0.0038834951456310682, 0.002912621359223301],
[12, 0.31730369799999997, 29226.267663727478, 0.0024271844660194173, 0.0048543689320388345, 0.0033980582524271844],
[13, 0.343394899, 29292.966602970126, 0.0024271844660194173, 0.0033980582524271844, 0.004126213592233009],
[14, 0.37122329899999995, 29225.82957084605, 0.0, 0.0038834951456310682, 0.004368932038834952],
[15, 0.39771109999999993, 29293.344187592164, 0.0048543689320388345, 0.0033980582524271844, 0.004126213592233009],
[16, 0.4236623009999999, 29225.441361938385, 0.0048543689320388345, 0.002912621359223301, 0.0036407766990291263],
[17, 0.4488593019999999, 29293.71861713624, 0.0048543689320388345, 0.006796116504854369, 0.0048543689320388345],
[18, 0.4748354009999999, 29224.981408448857, 0.0, 0.0019417475728155341, 0.002184466019417476],
[19, 0.4995132019999999, 29294.179755058638, 0.0024271844660194173, 0.002912621359223301, 0.0038834951456310682],
[20, 0.5258403019999999, 29224.6224551375, 0.0, 0.0014563106796116505, 0.0026699029126213596],
[21, 0.5513699029999999, 29294.55888578799, 0.0, 0.002912621359223301, 0.0036407766990291263],
[22, 0.5772812029999999, 29224.274350847387, 0.0048543689320388345, 0.0033980582524271844, 0.003155339805825243],
[23, 0.6026239029999999, 29294.93740177921, 0.0048543689320388345, 0.0038834951456310682, 0.0038834951456310682],
[24, 0.6285742029999999, 29223.9119307348, 0.0024271844660194173, 0.0048543689320388345, 0.0038834951456310682],
[25, 0.6538310029999999, 29295.308017779622, 0.0048543689320388345, 0.0033980582524271844, 0.004368932038834952],
[26, 0.6796065029999998, 29223.623005162448, 0.0, 0.0019417475728155341, 0.0016990291262135922],
[27, 0.7063391029999998, 29295.668719225334, 0.0, 0.002912621359223301, 0.003155339805825243],
[28, 0.7320566019999998, 29223.312544371514, 0.0048543689320388345, 0.0038834951456310682, 0.0036407766990291263],
[29, 0.7590356019999998, 29295.98067271787, 0.0024271844660194173, 0.004368932038834952, 0.0033980582524271844],
[30, 0.7865692019999998, 29222.956985095672, 0.0024271844660194173, 0.004368932038834952, 0.0026699029126213596],
[31, 0.8122426019999998, 29296.29227109829, 0.0024271844660194173, 0.002912621359223301, 0.0024271844660194173],
[32, 0.8384332009999997, 29222.720292993017, 0.0, 0.002912621359223301, 0.002912621359223301],
[33, 0.8653422009999997, 29296.634694624943, 0.0024271844660194173, 0.0024271844660194173, 0.004126213592233009],
[34, 0.8925830019999997, 29222.446312924352, 0.0, 0.0009708737864077671, 0.002184466019417476],
[35, 0.9186347019999997, 29296.928433071076, 0.0024271844660194173, 0.0019417475728155341, 0.0024271844660194173],
[36, 0.9435497019999998, 29222.167494753485, 0.012135922330097087, 0.0048543689320388345, 0.004126213592233009],
[37, 0.9710294029999997, 29297.190126772937, 0.0024271844660194173, 0.002912621359223301, 0.003155339805825243],
[38, 0.9963913019999997, 29221.946119475873, 0.0048543689320388345, 0.0033980582524271844, 0.002184466019417476],
[39, 1.0221827019999996, 29297.52416840707, 0.0048543689320388345, 0.002912621359223301, 0.004126213592233009],
[40, 1.0475802029999997, 29221.618610000023, 0.007281553398058253, 0.002912621359223301, 0.003155339805825243],
[41, 1.0731099019999997, 29297.85743292859, 0.0, 0.0038834951456310682, 0.0038834951456310682],
[42, 1.0983673019999998, 29221.398347410624, 0.0024271844660194173, 0.0033980582524271844, 0.0038834951456310682],
[43, 1.1250486019999997, 29298.1109776541, 0.0, 0.002912621359223301, 0.003155339805825243],
[44, 1.1530379019999997, 29221.15687430193, 0.0, 0.0024271844660194173, 0.0019417475728155341],
[45, 1.1801046019999997, 29298.32403132307, 0.0024271844660194173, 0.0033980582524271844, 0.0026699029126213596],
[46, 1.2069927019999998, 29221.007268094858, 0.0048543689320388345, 0.004368932038834952, 0.004368932038834952],
[47, 1.2369408009999998, 29298.542695566568, 0.0, 0.002912621359223301, 0.003155339805825243],
[48, 1.2640542019999998, 29220.887488041262, 0.0024271844660194173, 0.0038834951456310682, 0.0024271844660194173],
[49, 1.289766802, 29298.739381195446, 0.009708737864077669, 0.005825242718446602, 0.004126213592233009],
[50, 1.316409301, 29220.657882793083, 0.0048543689320388345, 0.002912621359223301, 0.004126213592233009],
[51, 1.346303201, 29298.909746448993, 0.0048543689320388345, 0.005339805825242719, 0.004368932038834952],
[52, 1.374763401, 29220.651363744382, 0.0048543689320388345, 0.0024271844660194173, 0.003155339805825243],
[53, 1.400251802, 29299.098115107994, 0.0024271844660194173, 0.0033980582524271844, 0.0033980582524271844],
[54, 1.426087501, 29220.36240591546, 0.0, 0.0038834951456310682, 0.0033980582524271844],
[55, 1.4527723000000001, 29299.262104073925, 0.0024271844660194173, 0.005339805825242719, 0.005339805825242719],
[56, 1.4793141, 29220.22419514333, 0.0024271844660194173, 0.002912621359223301, 0.0033980582524271844],
[57, 1.505610101, 29299.5353627901, 0.0048543689320388345, 0.0038834951456310682, 0.0036407766990291263],
[58, 1.5317972020000001, 29220.134499708052, 0.0024271844660194173, 0.0033980582524271844, 0.0024271844660194173],
[59, 1.5584716020000002, 29299.578063681136, 0.0024271844660194173, 0.0019417475728155341, 0.0024271844660194173],
[60, 1.5856481010000003, 29220.010810962893, 0.0024271844660194173, 0.0009708737864077671, 0.0033980582524271844],
[61, 1.6118147010000003, 29299.8072989162, 0.0048543689320388345, 0.0033980582524271844, 0.004368932038834952],
[62, 1.6370897010000003, 29219.832186337113, 0.0, 0.0019417475728155341, 0.0024271844660194173],
[63, 1.6644726000000003, 29299.955125195167, 0.0, 0.0048543689320388345, 0.00558252427184466],
[64, 1.6915821990000004, 29219.844312440626, 0.0024271844660194173, 0.002912621359223301, 0.0026699029126213596],
[65, 1.7172287990000004, 29300.111458546333, 0.0024271844660194173, 0.0038834951456310682, 0.004611650485436893],
[66, 1.7439665980000003, 29219.62955232796, 0.007281553398058253, 0.0038834951456310682, 0.0033980582524271844],
[67, 1.7829078970000003, 29300.25048717567, 0.0, 0.0024271844660194173, 0.0038834951456310682],
[68, 1.8104069980000004, 29219.45740599047, 0.0, 0.0019417475728155341, 0.002912621359223301],
[69, 1.8381589980000004, 29300.422637392847, 0.0048543689320388345, 0.0033980582524271844, 0.0033980582524271844],
[70, 1.8652601980000003, 29219.28238746701, 0.007281553398058253, 0.0048543689320388345, 0.0038834951456310682],
[71, 1.8907464980000004, 29300.5034279294, 0.0048543689320388345, 0.0024271844660194173, 0.004611650485436893],
[72, 1.9182430980000005, 29219.23906886494, 0.0024271844660194173, 0.004368932038834952, 0.004368932038834952],
[73, 1.9453128990000004, 29300.622581852585, 0.007281553398058253, 0.0048543689320388345, 0.002912621359223301],
[74, 1.9734363990000003, 29219.219453476908, 0.0048543689320388345, 0.0038834951456310682, 0.0033980582524271844],
[75, 2.0026721990000005, 29300.667049103817, 0.0048543689320388345, 0.0038834951456310682, 0.0048543689320388345],
[76, 2.0289914990000004, 29219.16902977143, 0.0048543689320388345, 0.005825242718446602, 0.0038834951456310682],
[77, 2.0558102980000004, 29300.71896729914, 0.0048543689320388345, 0.004368932038834952, 0.004368932038834952],
[78, 2.0816141970000004, 29219.136029477406, 0.0, 0.0038834951456310682, 0.004368932038834952],
[79, 2.1067142980000004, 29300.86355543425, 0.0048543689320388345, 0.006796116504854369, 0.004611650485436893],
[80, 2.1324540970000005, 29218.986778492133, 0.0024271844660194173, 0.0038834951456310682, 0.0033980582524271844],
[81, 2.1584110980000006, 29300.942317700144, 0.0024271844660194173, 0.0038834951456310682, 0.004126213592233009],
[82, 2.1857213980000005, 29218.997137580714, 0.0, 0.004368932038834952, 0.004611650485436893],
[83, 2.2130129980000004, 29301.049345733856, 0.007281553398058253, 0.004368932038834952, 0.0033980582524271844],
[84, 2.2406883980000005, 29218.90274342935, 0.0024271844660194173, 0.0014563106796116505, 0.002912621359223301],
[85, 2.2662726980000003, 29301.07800408383, 0.0048543689320388345, 0.005339805825242719, 0.00558252427184466],
[86, 2.2942083980000003, 29218.930552213285, 0.0024271844660194173, 0.0019417475728155341, 0.003155339805825243],
[87, 2.3216002990000004, 29301.080179777753, 0.0048543689320388345, 0.002912621359223301, 0.0038834951456310682],
[88, 2.3473533990000006, 29218.894827778488, 0.0024271844660194173, 0.002912621359223301, 0.002912621359223301],
[89, 2.3743747980000007, 29301.139833868932, 0.0024271844660194173, 0.0019417475728155341, 0.004126213592233009],
[90, 2.4008364970000007, 29218.91588695106, 0.0, 0.0038834951456310682, 0.0033980582524271844],
[91, 2.426973598000001, 29301.134857462035, 0.0048543689320388345, 0.005339805825242719, 0.004368932038834952],
[92, 2.452056597000001, 29218.98787702859, 0.0, 0.0024271844660194173, 0.0026699029126213596],
[93, 2.4782949960000007, 29301.114465213075, 0.0048543689320388345, 0.0024271844660194173, 0.0033980582524271844],
[94, 2.510260196000001, 29218.871684171165, 0.0048543689320388345, 0.0038834951456310682, 0.003155339805825243],
[95, 2.536167797000001, 29301.11764738612, 0.0024271844660194173, 0.002912621359223301, 0.0036407766990291263],
[96, 2.563778597000001, 29218.908601338742, 0.007281553398058253, 0.005825242718446602, 0.00558252427184466],
[97, 2.589826398000001, 29301.23124776765, 0.0024271844660194173, 0.0048543689320388345, 0.0038834951456310682],
[98, 2.616200999000001, 29218.955482713856, 0.0048543689320388345, 0.004368932038834952, 0.0038834951456310682],
[99, 2.643611999000001, 29301.175124982878, 0.007281553398058253, 0.0038834951456310682, 0.0038834951456310682],
[100, 2.670555299000001, 29218.927647973323, 0.009708737864077669, 0.0033980582524271844, 0.0036407766990291263],
[101, 2.697215099000001, 29301.282573427336, 0.007281553398058253, 0.0048543689320388345, 0.0038834951456310682],
[102, 2.722585398000001, 29218.912048603852, 0.0024271844660194173, 0.004368932038834952, 0.004611650485436893],
[103, 2.747885499000001, 29301.27165565304, 0.007281553398058253, 0.006796116504854369, 0.005339805825242719],
[104, 2.7740002990000012, 29218.88809893917, 0.0024271844660194173, 0.0014563106796116505, 0.0026699029126213596],
[105, 2.8022390990000012, 29301.308632930464, 0.0048543689320388345, 0.006310679611650486, 0.006310679611650486],
[106, 2.8269876990000014, 29218.966787349433, 0.0, 0.0033980582524271844, 0.0026699029126213596],
[107, 2.8526661990000015, 29301.266921189603, 0.009708737864077669, 0.005339805825242719, 0.005825242718446602],
[108, 2.8797178990000014, 29218.983978296626, 0.0024271844660194173, 0.0048543689320388345, 0.005097087378640777],
[109, 2.9061106990000014, 29301.332668911084, 0.0048543689320388345, 0.0033980582524271844, 0.004126213592233009],
[110, 2.9329765990000016, 29218.851239851097, 0.0048543689320388345, 0.005825242718446602, 0.004611650485436893],
[111, 2.960423499000002, 29301.328431934133, 0.014563106796116505, 0.006796116504854369, 0.005339805825242719],
[112, 2.9858749990000018, 29218.86998317304, 0.007281553398058253, 0.0048543689320388345, 0.004368932038834952],
[113, 3.0119668990000017, 29301.371733497224, 0.0024271844660194173, 0.0038834951456310682, 0.005339805825242719],
[114, 3.036613398000002, 29218.84121882549, 0.0, 0.002912621359223301, 0.0038834951456310682],
[115, 3.0635763980000017, 29301.431343093813, 0.009708737864077669, 0.0033980582524271844, 0.0033980582524271844],
[116, 3.0910057990000017, 29218.75781316275, 0.0048543689320388345, 0.005339805825242719, 0.0033980582524271844],
[117, 3.1184183990000016, 29301.462460493392, 0.009708737864077669, 0.004368932038834952, 0.0033980582524271844],
[118, 3.1437526980000015, 29218.788964804186, 0.0, 0.0024271844660194173, 0.004611650485436893],
[119, 3.1710542980000014, 29301.513453645322, 0.009708737864077669, 0.0038834951456310682, 0.004126213592233009],
[120, 3.1973458980000014, 29218.76042241665, 0.0, 0.002912621359223301, 0.0026699029126213596],
[121, 3.224274799000001, 29301.59910130096, 0.0024271844660194173, 0.0038834951456310682, 0.0036407766990291263],
