rank: 30, ratio of 0 vs 1: 3, lambda:10, learning_rate: 0.35
iter time objective_function precision@K = 1, 5, 10
[0,30547.169150451147, 0.009708737864077669 0.004368932038834952 0.0036407766990291263],
[1, 0.0269347, 30534.757894270515, 0.0048543689320388345, 0.004368932038834952, 0.0036407766990291263],
[2, 0.0534221, 30006.137336247237, 0.0024271844660194173, 0.0019417475728155341, 0.002912621359223301],
[3, 0.0792557, 29403.42775010418, 0.0024271844660194173, 0.002912621359223301, 0.004126213592233009],
[4, 0.1068563, 29325.330933315196, 0.0, 0.0024271844660194173, 0.0036407766990291263],
[5, 0.1324751, 29218.59409328316, 0.009708737864077669, 0.006310679611650486, 0.005339805825242719],
[6, 0.158352299, 29284.20021648341, 0.007281553398058253, 0.004368932038834952, 0.004611650485436893],
[7, 0.18564639900000002, 29194.884678203034, 0.0, 0.005825242718446602, 0.00703883495145631],
[8, 0.21140340000000002, 29252.535834249204, 0.009708737864077669, 0.005339805825242719, 0.0048543689320388345],
[9, 0.23842220000000003, 29188.68388815423, 0.007281553398058253, 0.007281553398058253, 0.006067961165048544],
[10, 0.2638941, 29223.434371755997, 0.0, 0.0038834951456310682, 0.0038834951456310682],
[11, 0.2932556, 29183.159592373002, 0.0024271844660194173, 0.0038834951456310682, 0.005097087378640777],
[12, 0.319393601, 29206.394829788725, 0.0024271844660194173, 0.005339805825242719, 0.005339805825242719],
[13, 0.347062301, 29180.459086958508, 0.0048543689320388345, 0.005825242718446602, 0.005339805825242719],
[14, 0.37830420200000003, 29195.024349165666, 0.0024271844660194173, 0.004368932038834952, 0.0036407766990291263],
[15, 0.40690660200000006, 29178.353304933415, 0.0024271844660194173, 0.0033980582524271844, 0.0038834951456310682],
[16, 0.43214170300000004, 29187.709663698748, 0.0024271844660194173, 0.004368932038834952, 0.004126213592233009],
[17, 0.45918370300000005, 29177.111787776128, 0.0, 0.0048543689320388345, 0.005339805825242719],
[18, 0.48513400300000004, 29183.02581255618, 0.007281553398058253, 0.009708737864077669, 0.007524271844660194],
[19, 0.5128246040000001, 29176.211414637688, 0.0024271844660194173, 0.006310679611650486, 0.005825242718446602],
[20, 0.5404829050000001, 29180.065580298826, 0.0024271844660194173, 0.0048543689320388345, 0.0048543689320388345],
[21, 0.5668936050000001, 29175.794929054002, 0.0048543689320388345, 0.005825242718446602, 0.005825242718446602],
[22, 0.5924752050000001, 29178.07095251188, 0.007281553398058253, 0.005339805825242719, 0.0048543689320388345],
[23, 0.618537905, 29175.363368951806, 0.0048543689320388345, 0.0048543689320388345, 0.0048543689320388345],
[24, 0.6446909040000001, 29176.887832600252, 0.0, 0.0019417475728155341, 0.0036407766990291263],
[25, 0.671107804, 29175.13494123036, 0.0024271844660194173, 0.0048543689320388345, 0.005097087378640777],
[26, 0.6971156030000001, 29176.116898771117, 0.012135922330097087, 0.006310679611650486, 0.0048543689320388345],
[27, 0.7238908020000001, 29174.99951438157, 0.007281553398058253, 0.006310679611650486, 0.005097087378640777],
[28, 0.7522878030000001, 29175.61481481036, 0.014563106796116505, 0.0048543689320388345, 0.004368932038834952],
[29, 0.779537502, 29174.898403223215, 0.0, 0.002912621359223301, 0.004611650485436893],
[30, 0.807266102, 29175.295590478425, 0.007281553398058253, 0.009223300970873786, 0.006796116504854369],
[31, 0.833460901, 29174.833914009185, 0.009708737864077669, 0.005825242718446602, 0.004368932038834952],
[32, 0.858343701, 29175.097863449308, 0.0048543689320388345, 0.006796116504854369, 0.005097087378640777],
[33, 0.8840424020000001, 29174.79691524018, 0.009708737864077669, 0.005825242718446602, 0.005097087378640777],
[34, 0.909513102, 29174.959878391026, 0.007281553398058253, 0.005339805825242719, 0.004611650485436893],
[35, 0.936835403, 29174.77509868582, 0.0024271844660194173, 0.005339805825242719, 0.004126213592233009],
[36, 0.961426403, 29174.87924259071, 0.0024271844660194173, 0.004368932038834952, 0.004611650485436893],
[37, 0.986999303, 29174.757494353922, 0.0, 0.0048543689320388345, 0.006310679611650486],
[38, 1.015691903, 29174.823076555953, 0.014563106796116505, 0.008737864077669903, 0.006553398058252427],
[39, 1.041631402, 29174.748253400816, 0.009708737864077669, 0.007281553398058253, 0.006796116504854369],
[40, 1.068043302, 29174.791448936427, 0.009708737864077669, 0.005825242718446602, 0.004611650485436893],
[41, 1.094426203, 29174.740336709307, 0.0024271844660194173, 0.0048543689320388345, 0.004611650485436893],
[42, 1.120536803, 29174.76830420273, 0.0048543689320388345, 0.0024271844660194173, 0.0024271844660194173],
[43, 1.1459372030000001, 29174.7367810115, 0.007281553398058253, 0.004368932038834952, 0.005825242718446602],
[44, 1.171366702, 29174.75491931484, 0.0048543689320388345, 0.002912621359223301, 0.0033980582524271844],
[45, 1.1974486020000001, 29174.734786086625, 0.0024271844660194173, 0.007281553398058253, 0.006310679611650486],
[46, 1.222851702, 29174.74478324964, 0.007281553398058253, 0.0038834951456310682, 0.004611650485436893],
[47, 1.247454102, 29174.732322319167, 0.009708737864077669, 0.0077669902912621365, 0.0077669902912621365],
[48, 1.272310002, 29174.739993707637, 0.0048543689320388345, 0.002912621359223301, 0.005097087378640777],
[49, 1.301739003, 29174.731593466608, 0.0048543689320388345, 0.0048543689320388345, 0.00558252427184466],
[50, 1.327556903, 29174.735874076487, 0.0048543689320388345, 0.006310679611650486, 0.00558252427184466],
[51, 1.3532345030000001, 29174.73067261075, 0.0024271844660194173, 0.0048543689320388345, 0.006310679611650486],
[52, 1.3785665020000002, 29174.733822206916, 0.012135922330097087, 0.007281553398058253, 0.006553398058252427],
[53, 1.4039594020000001, 29174.73026183811, 0.0048543689320388345, 0.008252427184466019, 0.008009708737864078],
[54, 1.4290900020000001, 29174.732179038463, 0.007281553398058253, 0.005339805825242719, 0.005339805825242719],
[55, 1.454463902, 29174.729988281862, 0.012135922330097087, 0.006796116504854369, 0.005825242718446602],
[56, 1.481672002, 29174.731255633575, 0.0024271844660194173, 0.0048543689320388345, 0.006067961165048544],
[57, 1.507486203, 29174.72986728521, 0.007281553398058253, 0.004368932038834952, 0.00703883495145631],
[58, 1.532630403, 29174.730562590037, 0.009708737864077669, 0.005339805825242719, 0.0048543689320388345],
[59, 1.5579846019999999, 29174.72969221874, 0.009708737864077669, 0.005825242718446602, 0.005825242718446602],
[60, 1.5829718009999998, 29174.730235949897, 0.009708737864077669, 0.006310679611650486, 0.004368932038834952],
[61, 1.6086832009999998, 29174.729658671233, 0.0048543689320388345, 0.0038834951456310682, 0.005339805825242719],
[62, 1.6344895999999998, 29174.729933998737, 0.007281553398058253, 0.007281553398058253, 0.006067961165048544],
[63, 1.6593381989999998, 29174.72958096614, 0.012135922330097087, 0.005825242718446602, 0.005339805825242719],
[64, 1.6902996, 29174.729804680934, 0.007281553398058253, 0.005339805825242719, 0.00558252427184466],
[65, 1.7169969999999999, 29174.729565618058, 0.0048543689320388345, 0.004368932038834952, 0.005097087378640777],
[66, 1.7428597989999999, 29174.729683211768, 0.007281553398058253, 0.005825242718446602, 0.005097087378640777],
[67, 1.768181799, 29174.729537704934, 0.0048543689320388345, 0.006796116504854369, 0.007281553398058253],
[68, 1.7934848989999999, 29174.729626351054, 0.0048543689320388345, 0.006310679611650486, 0.004611650485436893],
[69, 1.8184203989999999, 29174.729529598888, 0.0, 0.0038834951456310682, 0.00558252427184466],
[70, 1.8441133989999998, 29174.72958004805, 0.0, 0.0014563106796116505, 0.0036407766990291263],
[71, 1.8693475979999998, 29174.72951981151, 0.0024271844660194173, 0.005339805825242719, 0.005097087378640777],
[72, 1.8978873979999997, 29174.729553957954, 0.0048543689320388345, 0.0033980582524271844, 0.004368932038834952],
[73, 1.9245552969999997, 29174.72951529046, 0.012135922330097087, 0.006310679611650486, 0.00558252427184466],
[74, 1.9509905979999997, 29174.729536572013, 0.009708737864077669, 0.005825242718446602, 0.005339805825242719],
[75, 1.9756781969999997, 29174.729511390255, 0.0024271844660194173, 0.006796116504854369, 0.006067961165048544],
[76, 2.0002575959999995, 29174.729525621748, 0.009708737864077669, 0.006796116504854369, 0.00558252427184466],
[77, 2.0269740959999996, 29174.729509340472, 0.0, 0.0038834951456310682, 0.004368932038834952],
[78, 2.0524401969999997, 29174.72951853297, 0.007281553398058253, 0.005339805825242719, 0.005339805825242719],
[79, 2.0786395979999996, 29174.729508204553, 0.009708737864077669, 0.0048543689320388345, 0.004126213592233009],
[80, 2.104916097, 29174.72951371913, 0.0024271844660194173, 0.004368932038834952, 0.004611650485436893],
[81, 2.1318335979999996, 29174.729507235927, 0.007281553398058253, 0.006310679611650486, 0.005825242718446602],
[82, 2.1579212979999998, 29174.729510901496, 0.0024271844660194173, 0.004368932038834952, 0.004368932038834952],
[83, 2.1846505979999997, 29174.729506785516, 0.0, 0.0033980582524271844, 0.004611650485436893],
[84, 2.2106917979999996, 29174.729509008517, 0.012135922330097087, 0.006796116504854369, 0.006553398058252427],
[85, 2.236221797, 29174.729506292555, 0.0024271844660194173, 0.0038834951456310682, 0.005339805825242719],
[86, 2.261479498, 29174.72950790057, 0.007281553398058253, 0.0048543689320388345, 0.006067961165048544],
[87, 2.287183198, 29174.72950615728, 0.007281553398058253, 0.0038834951456310682, 0.005097087378640777],
[88, 2.312862699, 29174.72950706226, 0.0, 0.004368932038834952, 0.00558252427184466],
[89, 2.337628799, 29174.729505979445, 0.0048543689320388345, 0.006796116504854369, 0.006067961165048544],
[90, 2.368308899, 29174.72950659975, 0.012135922330097087, 0.006796116504854369, 0.006796116504854369],
[91, 2.393874399, 29174.72950589184, 0.0024271844660194173, 0.005339805825242719, 0.005097087378640777],
[92, 2.420123899, 29174.729506277647, 0.0048543689320388345, 0.005825242718446602, 0.00558252427184466],
[93, 2.446461099, 29174.72950583959, 0.0048543689320388345, 0.005339805825242719, 0.005825242718446602],
[94, 2.473579399, 29174.72950608237, 0.007281553398058253, 0.0048543689320388345, 0.004126213592233009],
[95, 2.500047899, 29174.729505794814, 0.007281553398058253, 0.004368932038834952, 0.005097087378640777],
[96, 2.525859499, 29174.729505949137, 0.0024271844660194173, 0.0048543689320388345, 0.0033980582524271844],
[97, 2.5505337, 29174.729505768253, 0.007281553398058253, 0.0033980582524271844, 0.0033980582524271844],
[98, 2.5767851999999998, 29174.729505879655, 0.007281553398058253, 0.007281553398058253, 0.006553398058252427],
[99, 2.602121199, 29174.72950575421, 0.0048543689320388345, 0.004368932038834952, 0.0048543689320388345],
[100, 2.628617299, 29174.729505818512, 0.0024271844660194173, 0.002912621359223301, 0.004126213592233009],
[101, 2.653599598, 29174.729505744624, 0.0024271844660194173, 0.005339805825242719, 0.005339805825242719],
[102, 2.679318597, 29174.729505786567, 0.009708737864077669, 0.006796116504854369, 0.006067961165048544],
[103, 2.704816897, 29174.72950573934, 0.0024271844660194173, 0.005339805825242719, 0.004611650485436893],
[104, 2.7314398960000004, 29174.729505764535, 0.009708737864077669, 0.0077669902912621365, 0.007524271844660194],
[105, 2.758505797, 29174.72950573424, 0.007281553398058253, 0.004368932038834952, 0.005097087378640777],
[106, 2.7837444970000003, 29174.729505751486, 0.007281553398058253, 0.005825242718446602, 0.005097087378640777],
[107, 2.8086365960000004, 29174.729505731495, 0.0024271844660194173, 0.005339805825242719, 0.005097087378640777],
[108, 2.8360201950000006, 29174.729505743097, 0.012135922330097087, 0.006796116504854369, 0.006310679611650486],
[109, 2.8613770950000004, 29174.729505730036, 0.0024271844660194173, 0.0048543689320388345, 0.0048543689320388345],
[110, 2.8865273950000003, 29174.729505736897, 0.0048543689320388345, 0.0048543689320388345, 0.004368932038834952],
[111, 2.912896395, 29174.729505728952, 0.0048543689320388345, 0.007281553398058253, 0.00558252427184466],
[112, 2.938557995, 29174.729505733558, 0.0024271844660194173, 0.0033980582524271844, 0.0036407766990291263],
[113, 2.964769695, 29174.729505728297, 0.007281553398058253, 0.006310679611650486, 0.005097087378640777],
[114, 2.9916272950000002, 29174.729505731124, 0.0024271844660194173, 0.005339805825242719, 0.005339805825242719],
[115, 3.016862795, 29174.729505727915, 0.0024271844660194173, 0.0033980582524271844, 0.0036407766990291263],
[116, 3.043260794, 29174.729505729636, 0.0048543689320388345, 0.007281553398058253, 0.00558252427184466],
[117, 3.067671695, 29174.729505727533, 0.007281553398058253, 0.007281553398058253, 0.005097087378640777],
[118, 3.096575595, 29174.729505728774, 0.009708737864077669, 0.0038834951456310682, 0.0033980582524271844],
[119, 3.123245995, 29174.7295057274, 0.0048543689320388345, 0.006310679611650486, 0.004368932038834952],
[120, 3.147166394, 29174.729505728134, 0.014563106796116505, 0.0077669902912621365, 0.007524271844660194],
[121, 3.171970195, 29174.729505727257, 0.0048543689320388345, 0.0048543689320388345, 0.005825242718446602],
