rank: 30, ratio of 0 vs 1: 3, lambda:10, learning_rate: 0.35
iter time objective_function precision@K = 1, 5, 10
[0,30547.169150451147, 0.009708737864077669 0.004368932038834952 0.0036407766990291263],
[1, 0.0252329, 30534.757894270515, 0.0048543689320388345, 0.004368932038834952, 0.0036407766990291263],
[2, 0.052086, 30849.534807360287, 0.0024271844660194173, 0.005339805825242719, 0.004126213592233009],
[3, 0.077070701, 31892.144904666173, 0.0048543689320388345, 0.006310679611650486, 0.005339805825242719],
[4, 0.1031359, 33518.89658396122, 0.0048543689320388345, 0.0038834951456310682, 0.006553398058252427],
[5, 0.1296734, 36351.93357889671, 0.0, 0.0009708737864077671, 0.002184466019417476],
[6, 0.1564543, 41237.11980493784, 0.007281553398058253, 0.005825242718446602, 0.005825242718446602],
[7, 0.183270301, 49812.90214666796, 0.007281553398058253, 0.0033980582524271844, 0.004368932038834952],
[8, 0.2098982, 65069.28843028641, 0.0024271844660194173, 0.0038834951456310682, 0.003155339805825243],
[9, 0.235636899, 92562.02896764185, 0.0024271844660194173, 0.0033980582524271844, 0.004126213592233009],
[10, 0.262548699, 142041.723346759, 0.009708737864077669, 0.005339805825242719, 0.005825242718446602],
[11, 0.290746999, 229817.00699368695, 0.0024271844660194173, 0.002912621359223301, 0.0019417475728155341],
[12, 0.317347798, 385153.10081704444, 0.007281553398058253, 0.006310679611650486, 0.005339805825242719],
[13, 0.34429159800000003, 660587.9620763272, 0.0, 0.0038834951456310682, 0.005097087378640777],
[14, 0.37095769700000003, 1.1495735956862157e6, 0.0048543689320388345, 0.005339805825242719, 0.004368932038834952],
[15, 0.39947669700000005, 2.0183215655713566e6, 0.0024271844660194173, 0.0038834951456310682, 0.004611650485436893],
[16, 0.42495489700000005, 3.5619691101376317e6, 0.0024271844660194173, 0.0038834951456310682, 0.005097087378640777],
[17, 0.4521980970000001, 6.305720794321888e6, 0.0024271844660194173, 0.0019417475728155341, 0.0019417475728155341],
[18, 0.4779792970000001, 1.1183180870425915e7, 0.0, 0.0038834951456310682, 0.0036407766990291263],
[19, 0.5047216980000001, 1.9853418999186642e7, 0.0048543689320388345, 0.0033980582524271844, 0.004126213592233009],
[20, 0.5315853990000001, 3.526632660221363e7, 0.0024271844660194173, 0.0014563106796116505, 0.0026699029126213596],
[21, 0.5595760990000002, 6.2667073702883124e7, 0.0048543689320388345, 0.0033980582524271844, 0.0033980582524271844],
[22, 0.5887098000000002, 1.1137882946326132e8, 0.0024271844660194173, 0.0024271844660194173, 0.0019417475728155341],
[23, 0.6121716990000001, 1.9797613261522025e8, 0.0024271844660194173, 0.0024271844660194173, 0.0024271844660194173],
[24, 0.6371745990000002, 3.519259407494379e8, 0.0, 0.0019417475728155341, 0.0026699029126213596],
[25, 0.6624665980000002, 6.256137810619208e8, 0.0024271844660194173, 0.005339805825242719, 0.004368932038834952],
[26, 0.6894113970000002, 1.1121681397833543e9, 0.0048543689320388345, 0.0019417475728155341, 0.002184466019417476],
[27, 0.7163130970000002, 1.9771518899665596e9, 0.0048543689320388345, 0.0033980582524271844, 0.0033980582524271844],
[28, 0.7449393980000002, 3.514899200155229e9, 0.012135922330097087, 0.0048543689320388345, 0.0038834951456310682],
[29, 0.7728101990000003, 6.248666468638017e9, 0.009708737864077669, 0.0048543689320388345, 0.0048543689320388345],
[30, 0.7989588980000003, 1.110869797631219e10, 0.012135922330097087, 0.005339805825242719, 0.0038834951456310682],
[31, 0.8252815980000003, 1.9748752420572792e10, 0.007281553398058253, 0.004368932038834952, 0.0048543689320388345],
[32, 0.8511915980000003, 3.510884909891962e10, 0.009708737864077669, 0.006310679611650486, 0.0038834951456310682],
[33, 0.8758643970000003, 6.241569279442361e10, 0.0024271844660194173, 0.004368932038834952, 0.004368932038834952],
[34, 0.9036385970000003, 1.109611731606021e11, 0.009708737864077669, 0.005339805825242719, 0.0048543689320388345],
[35, 0.9292930970000003, 1.9726425334727225e11, 0.007281553398058253, 0.005339805825242719, 0.004368932038834952],
[36, 0.9550215960000003, 3.506919464048516e11, 0.009708737864077669, 0.005825242718446602, 0.005339805825242719],
[37, 0.9802464960000002, 6.234522870296456e11, 0.007281553398058253, 0.005825242718446602, 0.004611650485436893],
[38, 1.0059658960000002, 1.108359558795069e12, 0.012135922330097087, 0.006796116504854369, 0.005825242718446602],
[39, 1.0308104960000002, 1.9704169396349414e12, 0.0024271844660194173, 0.005339805825242719, 0.004126213592233009],
[40, 1.056148196, 3.50296337878071e12, 0.0048543689320388345, 0.005339805825242719, 0.005825242718446602],
[41, 1.0871056970000001, 6.227490382985463e12, 0.0024271844660194173, 0.0048543689320388345, 0.004126213592233009],
[42, 1.1123605960000003, 1.1071093945821445e13, 0.0048543689320388345, 0.005825242718446602, 0.005825242718446602],
[43, 1.1381210950000002, 1.9681944723936234e13, 0.0024271844660194173, 0.005339805825242719, 0.004126213592233009],
[44, 1.1633677940000002, 3.499012388268231e13, 0.0048543689320388345, 0.005825242718446602, 0.005825242718446602],
[45, 1.1886487930000003, 6.220466460966614e13, 0.0024271844660194173, 0.005339805825242719, 0.004126213592233009],
[46, 1.2136923920000002, 1.105860703480244e14, 0.0048543689320388345, 0.005339805825242719, 0.00558252427184466],
[47, 1.2393241920000002, 1.96597458325592e14, 0.0024271844660194173, 0.005339805825242719, 0.004126213592233009],
[48, 1.2641757920000003, 3.495065925085588e14, 0.0048543689320388345, 0.005339805825242719, 0.00558252427184466],
[49, 1.2895510920000004, 6.213450532782682e14, 0.0024271844660194173, 0.005339805825242719, 0.0038834951456310682],
[50, 1.3154947930000005, 1.1046134279807264e15, 0.0048543689320388345, 0.005339805825242719, 0.00558252427184466],
[51, 1.3425809930000006, 1.9637572052296578e15, 0.0024271844660194173, 0.005339805825242719, 0.0038834951456310682],
[52, 1.3677205920000006, 3.491123920339433e15, 0.0048543689320388345, 0.005339805825242719, 0.005339805825242719],
[53, 1.3931499920000006, 6.206442524998918e15, 0.0024271844660194173, 0.0038834951456310682, 0.0038834951456310682],
[54, 1.4193096920000006, 1.103367559991455e16, 0.007281553398058253, 0.005339805825242719, 0.00558252427184466],
[55, 1.4456331920000005, 1.961542328865368e16, 0.0024271844660194173, 0.0038834951456310682, 0.0038834951456310682],
[56, 1.4709278920000004, 3.4871863624190412e16, 0.007281553398058253, 0.005339805825242719, 0.00558252427184466],
[57, 1.4968894910000003, 6.199442422070041e16, 0.0024271844660194173, 0.0038834951456310682, 0.0038834951456310682],
[58, 1.5219081920000004, 1.1021230972560752e17, 0.007281553398058253, 0.005339805825242719, 0.00558252427184466],
[59, 1.5484944920000003, 1.9593299506766477e17, 0.0024271844660194173, 0.0038834951456310682, 0.0038834951456310682],
[60, 1.5739020930000003, 3.483253245646561e17, 0.007281553398058253, 0.005339805825242719, 0.00558252427184466],
[61, 1.5989574920000003, 6.192450214481964e17, 0.0024271844660194173, 0.0038834951456310682, 0.0038834951456310682],
[62, 1.6274188930000002, 1.1008800381300461e18, 0.007281553398058253, 0.005825242718446602, 0.00558252427184466],
[63, 1.6554275930000002, 1.9571200677866678e18, 0.0024271844660194173, 0.0038834951456310682, 0.0038834951456310682],
[64, 1.6808180930000003, 3.4793245649539963e18, 0.007281553398058253, 0.005825242718446602, 0.00558252427184466],
[65, 1.7077423930000002, 6.18546589325147e18, 0.0024271844660194173, 0.0038834951456310682, 0.0038834951456310682],
[66, 1.7332399930000002, 1.099638381022475e19, 0.007281553398058253, 0.005825242718446602, 0.00558252427184466],
[67, 1.7608185940000003, 1.954912677373281e19, 0.0024271844660194173, 0.0033980582524271844, 0.004126213592233009],
[68, 1.7875521940000003, 3.4754003153302696e19, 0.007281553398058253, 0.006310679611650486, 0.00558252427184466],
[69, 1.8132066940000002, 6.178489449476027e19, 0.0024271844660194173, 0.0033980582524271844, 0.004126213592233009],
[70, 1.8391108930000002, 1.0983981243512927e20, 0.007281553398058253, 0.006310679611650486, 0.00558252427184466],
[71, 1.8648105930000003, 1.9527077766245194e20, 0.0024271844660194173, 0.0033980582524271844, 0.004368932038834952],
[72, 1.8907766940000004, 3.471480491776923e20, 0.007281553398058253, 0.006310679611650486, 0.00558252427184466],
[73, 1.9171968950000005, 6.171520874270084e20, 0.0024271844660194173, 0.0033980582524271844, 0.004368932038834952],
[74, 1.9430428950000005, 1.0971592665369034e21, 0.007281553398058253, 0.006310679611650486, 0.00558252427184466],
[75, 1.9682397940000005, 1.9505053627322726e21, 0.0024271844660194173, 0.0038834951456310682, 0.004611650485436893],
[76, 1.9937695930000006, 3.4675650893018175e21, 0.007281553398058253, 0.006310679611650486, 0.005825242718446602],
[77, 2.0187491940000006, 6.164560158758787e21, 0.0024271844660194173, 0.0038834951456310682, 0.004611650485436893],
[78, 2.0437193940000005, 1.095921806001562e22, 0.0048543689320388345, 0.006310679611650486, 0.006310679611650486],
[79, 2.0695241940000004, 1.9483054328916654e22, 0.0024271844660194173, 0.0038834951456310682, 0.004368932038834952],
[80, 2.0950576940000003, 3.463654102918516e22, 0.0048543689320388345, 0.006310679611650486, 0.006067961165048544],
[81, 2.121262794, 6.1576072940773605e22, 0.0024271844660194173, 0.0038834951456310682, 0.004611650485436893],
[82, 2.1465325930000003, 1.0946857411693085e23, 0.0048543689320388345, 0.006310679611650486, 0.006067961165048544],
[83, 2.1721740940000003, 1.9461079843009926e23, 0.0024271844660194173, 0.0038834951456310682, 0.004611650485436893],
[84, 2.1971579950000004, 3.459747527646209e23, 0.0048543689320388345, 0.006310679611650486, 0.005825242718446602],
[85, 2.2254960940000004, 6.150662271371037e23, 0.0024271844660194173, 0.0038834951456310682, 0.004611650485436893],
[86, 2.2513132940000005, 1.0934510704659624e24, 0.0048543689320388345, 0.006310679611650486, 0.005825242718446602],
[87, 2.2768142940000007, 1.94391301416171e24, 0.0024271844660194173, 0.0038834951456310682, 0.004611650485436893],
[88, 2.3038520940000007, 3.4558453585097073e24, 0.0048543689320388345, 0.006796116504854369, 0.005825242718446602],
[89, 2.3283142940000006, 6.143725081795035e24, 0.0024271844660194173, 0.0038834951456310682, 0.0048543689320388345],
[90, 2.3548599940000003, 1.0922177923191172e25, 0.0048543689320388345, 0.006796116504854369, 0.005825242718446602],
[91, 2.3883133930000002, 1.9417205196784305e25, 0.0024271844660194173, 0.0038834951456310682, 0.0048543689320388345],
[92, 2.416285792, 3.451947590539432e25, 0.0048543689320388345, 0.006796116504854369, 0.005825242718446602],
[93, 2.443448792, 6.136795716514544e25, 0.0024271844660194173, 0.0038834951456310682, 0.0048543689320388345],
[94, 2.4692926909999997, 1.0909859051581411e26, 0.0048543689320388345, 0.006796116504854369, 0.005825242718446602],
[95, 2.4947339919999996, 1.9395304980589174e26, 0.0024271844660194173, 0.0038834951456310682, 0.004611650485436893],
[96, 2.5193967919999998, 3.448054218771409e26, 0.0048543689320388345, 0.007281553398058253, 0.00558252427184466],
[97, 2.5449305929999997, 6.129874166704725e26, 0.0024271844660194173, 0.0038834951456310682, 0.004611650485436893],
[98, 2.5717197929999998, 1.0897554074141732e27, 0.0048543689320388345, 0.006796116504854369, 0.00558252427184466],
[99, 2.5972138929999997, 1.9373429465140852e27, 0.0024271844660194173, 0.0038834951456310682, 0.004611650485436893],
[100, 2.6226587919999997, 3.444165238247263e27, 0.0048543689320388345, 0.006796116504854369, 0.00558252427184466],
[101, 2.6472223919999998, 6.122960423550689e27, 0.0024271844660194173, 0.0038834951456310682, 0.004611650485436893],
[102, 2.672725392, 1.0885262975201225e28, 0.0048543689320388345, 0.006796116504854369, 0.005825242718446602],
[103, 2.697629593, 1.9351578622579955e28, 0.0024271844660194173, 0.0038834951456310682, 0.004126213592233009],
[104, 2.7220795939999998, 3.4402806440142137e28, 0.0048543689320388345, 0.006310679611650486, 0.00558252427184466],
[105, 2.745601894, 6.11605447824749e28, 0.0024271844660194173, 0.0038834951456310682, 0.004368932038834952],
[106, 2.771004494, 1.0872985739106648e29, 0.0048543689320388345, 0.006310679611650486, 0.005339805825242719],
[107, 2.797302994, 1.9329752425078485e29, 0.0024271844660194173, 0.004368932038834952, 0.004368932038834952],
[108, 2.8223849939999996, 3.436400431125064e29, 0.0048543689320388345, 0.006310679611650486, 0.005339805825242719],
[109, 2.849928795, 6.109156322000113e29, 0.0024271844660194173, 0.004368932038834952, 0.004368932038834952],
[110, 2.877337196, 1.0860722350222422e30, 0.0048543689320388345, 0.006310679611650486, 0.005339805825242719],
[111, 2.903430596, 1.9307950844839857e30, 0.0024271844660194173, 0.004368932038834952, 0.004368932038834952],
[112, 2.929279896, 3.4325245946381967e30, 0.0048543689320388345, 0.006310679611650486, 0.005339805825242719],
[113, 2.9568508970000003, 6.102265946023462e30, 0.0024271844660194173, 0.004368932038834952, 0.004368932038834952],
[114, 2.983091797, 1.0848472792930593e31, 0.0048543689320388345, 0.006310679611650486, 0.005339805825242719],
[115, 3.0097506970000003, 1.9286173854098836e31, 0.0024271844660194173, 0.004368932038834952, 0.004368932038834952],
[116, 3.0402329960000003, 3.4286531296175696e31, 0.0048543689320388345, 0.006310679611650486, 0.005339805825242719],
[117, 3.067008695, 6.095383341542346e31, 0.0024271844660194173, 0.004368932038834952, 0.004368932038834952],
[118, 3.093410796, 1.0836237051630837e32, 0.0048543689320388345, 0.006310679611650486, 0.00558252427184466],
[119, 3.118017296, 1.926442142512148e32, 0.0024271844660194173, 0.004368932038834952, 0.004368932038834952],
[120, 3.148167796, 3.424786031132708e32, 0.0048543689320388345, 0.006310679611650486, 0.00558252427184466],
[121, 3.1730413950000003, 6.088508499791482e32, 0.0024271844660194173, 0.004368932038834952, 0.004611650485436893],
