rank: 30, ratio of 0 vs 1: 3, lambda:12, learning_rate: 0.35
iter time objective_function precision@K = 1, 5, 10
[0,30821.616998392088, 0.009708737864077669 0.004368932038834952 0.0036407766990291263],
[1, 0.0278354, 31475.238893227586, 0.0048543689320388345, 0.005339805825242719, 0.004611650485436893],
[2, 0.055269799, 35029.50507781322, 0.0048543689320388345, 0.005825242718446602, 0.0048543689320388345],
[3, 0.080514499, 46577.86702762315, 0.009708737864077669, 0.0048543689320388345, 0.003155339805825243],
[4, 0.10800079900000001, 83185.66073879317, 0.0048543689320388345, 0.0024271844660194173, 0.0038834951456310682],
[5, 0.139875898, 201870.03704195513, 0.0, 0.0019417475728155341, 0.0026699029126213596],
[6, 0.166921198, 585376.4265039923, 0.0048543689320388345, 0.004368932038834952, 0.004368932038834952],
[7, 0.194248099, 1.8229561031465582e6, 0.0048543689320388345, 0.0033980582524271844, 0.0038834951456310682],
[8, 0.222246398, 5.829762068047036e6, 0.0024271844660194173, 0.0019417475728155341, 0.0009708737864077671],
[9, 0.248712499, 1.8808941086320516e7, 0.0024271844660194173, 0.002912621359223301, 0.004126213592233009],
[10, 0.275502999, 6.085614654677675e7, 0.0024271844660194173, 0.0033980582524271844, 0.0019417475728155341],
[11, 0.301539999, 1.9708676374409056e8, 0.0048543689320388345, 0.0024271844660194173, 0.0033980582524271844],
[12, 0.328782, 6.3846086541465e8, 0.0024271844660194173, 0.0019417475728155341, 0.0024271844660194173],
[13, 0.35465850000000004, 2.068514738160568e9, 0.0, 0.0038834951456310682, 0.0033980582524271844],
[14, 0.37965660000000007, 6.701873744465705e9, 0.009708737864077669, 0.002912621359223301, 0.002912621359223301],
[15, 0.40519679900000005, 2.171396240844549e10, 0.007281553398058253, 0.004368932038834952, 0.004368932038834952],
[16, 0.4311834990000001, 7.035307239364462e10, 0.0048543689320388345, 0.004368932038834952, 0.003155339805825243],
[17, 0.4578057000000001, 2.2794377038730917e11, 0.007281553398058253, 0.006310679611650486, 0.004611650485436893],
[18, 0.4838181990000001, 7.385376190498955e11, 0.0048543689320388345, 0.005339805825242719, 0.0036407766990291263],
[19, 0.5108369990000001, 2.3928617113018467e12, 0.007281553398058253, 0.005825242718446602, 0.005339805825242719],
[20, 0.5368658000000002, 7.752871701064798e12, 0.0048543689320388345, 0.005825242718446602, 0.0038834951456310682],
[21, 0.5710281000000001, 2.511930406882268e13, 0.007281553398058253, 0.006310679611650486, 0.005097087378640777],
[22, 0.5982864990000002, 8.138654494216286e13, 0.0048543689320388345, 0.005825242718446602, 0.0038834951456310682],
[23, 0.6247465990000002, 2.6369240537280372e14, 0.007281553398058253, 0.006310679611650486, 0.005339805825242719],
[24, 0.6493764990000002, 8.54363393291549e14, 0.009708737864077669, 0.006310679611650486, 0.004368932038834952],
[25, 0.6777202990000002, 2.7681373937565425e15, 0.0024271844660194173, 0.005825242718446602, 0.0048543689320388345],
[26, 0.7033924980000001, 8.968765155264679e15, 0.009708737864077669, 0.006310679611650486, 0.004368932038834952],
[27, 0.7281182980000002, 2.9058799102552244e16, 0.0024271844660194173, 0.005825242718446602, 0.005339805825242719],
[28, 0.7540132980000002, 9.415050909176582e16, 0.009708737864077669, 0.005825242718446602, 0.004368932038834952],
[29, 0.7783769980000002, 3.05047649456819e17, 0.0024271844660194173, 0.005825242718446602, 0.005339805825242719],
[30, 0.8054515980000001, 9.883543842395931e17, 0.009708737864077669, 0.005825242718446602, 0.004368932038834952],
[31, 0.8308617980000002, 3.2022682049361126e18, 0.0024271844660194173, 0.005825242718446602, 0.004368932038834952],
[32, 0.8625650980000001, 1.0375348983991765e19, 0.0048543689320388345, 0.005339805825242719, 0.004368932038834952],
[33, 0.8884967990000001, 3.361613070813207e19, 0.0024271844660194173, 0.005825242718446602, 0.004611650485436893],
[34, 0.9152499990000001, 1.0891626349434669e20, 0.0048543689320388345, 0.005339805825242719, 0.004368932038834952],
[35, 0.9408023000000001, 3.5288869372168195e20, 0.0024271844660194173, 0.005825242718446602, 0.0048543689320388345],
[36, 0.9664160990000001, 1.143359367658248e21, 0.0048543689320388345, 0.005339805825242719, 0.004368932038834952],
[37, 0.9924888980000002, 3.704484351212722e21, 0.0024271844660194173, 0.005825242718446602, 0.0048543689320388345],
[38, 1.0171507990000002, 1.200252929792921e22, 0.0048543689320388345, 0.005339805825242719, 0.004126213592233009],
[39, 1.0431296980000002, 3.888819492529064e22, 0.0024271844660194173, 0.005825242718446602, 0.0048543689320388345],
[40, 1.0686498980000003, 1.2599775155794165e23, 0.0048543689320388345, 0.005339805825242719, 0.004126213592233009],
[41, 1.0928841970000003, 4.082327150477309e23, 0.0024271844660194173, 0.005825242718446602, 0.004611650485436893],
[42, 1.1174136960000003, 1.3226739967546476e24, 0.0048543689320388345, 0.005339805825242719, 0.004126213592233009],
[43, 1.1424529960000003, 4.285463749485058e24, 0.0024271844660194173, 0.005825242718446602, 0.005097087378640777],
[44, 1.1675874960000003, 1.3884902548331587e25, 0.0048543689320388345, 0.005339805825242719, 0.004368932038834952],
[45, 1.1953816960000003, 4.4987084256594335e25, 0.0024271844660194173, 0.005825242718446602, 0.005097087378640777],
[46, 1.2200598960000004, 1.457581529913656e26, 0.0048543689320388345, 0.005339805825242719, 0.004368932038834952],
[47, 1.2448798970000003, 4.7225641569202446e26, 0.0024271844660194173, 0.005825242718446602, 0.005097087378640777],
[48, 1.2704860970000003, 1.530110786842159e27, 0.0048543689320388345, 0.005339805825242719, 0.004368932038834952],
[49, 1.2956466970000002, 4.957558949368594e27, 0.0024271844660194173, 0.005339805825242719, 0.005097087378640777],
[50, 1.3205775970000002, 1.6062490995954242e28, 0.0048543689320388345, 0.005339805825242719, 0.004368932038834952],
[51, 1.3472930980000002, 5.2042470826891726e28, 0.0024271844660194173, 0.005339805825242719, 0.005097087378640777],
[52, 1.3750869980000002, 1.6861760547912917e29, 0.0048543689320388345, 0.005339805825242719, 0.004368932038834952],
[53, 1.4022200980000001, 5.463210417523784e29, 0.0024271844660194173, 0.005339805825242719, 0.0048543689320388345],
[54, 1.427364797, 1.7700801752777056e30, 0.0048543689320388345, 0.005339805825242719, 0.004368932038834952],
[55, 1.452646598, 5.735059767899765e30, 0.0024271844660194173, 0.005339805825242719, 0.0048543689320388345],
[56, 1.478699699, 1.8581593647995236e31, 0.0048543689320388345, 0.005339805825242719, 0.004126213592233009],
[57, 1.505866398, 6.020436341950456e31, 0.0024271844660194173, 0.005339805825242719, 0.0048543689320388345],
[58, 1.530711498, 1.9506213747919473e32, 0.0048543689320388345, 0.005339805825242719, 0.004126213592233009],
[59, 1.559209198, 6.3200132543259085e32, 0.0024271844660194173, 0.005339805825242719, 0.005097087378640777],
[60, 1.585276898, 2.047684294401594e33, 0.0048543689320388345, 0.005339805825242719, 0.004126213592233009],
[61, 1.610695699, 6.634497113861162e33, 0.0024271844660194173, 0.005339805825242719, 0.0048543689320388345],
[62, 1.6383622990000002, 2.149577064891016e34, 0.0048543689320388345, 0.005339805825242719, 0.004126213592233009],
[63, 1.6653674000000003, 6.964629690246892e34, 0.0024271844660194173, 0.005339805825242719, 0.0048543689320388345],
[64, 1.6924843990000003, 2.2565400196399922e35, 0.0048543689320388345, 0.005339805825242719, 0.004126213592233009],
[65, 1.7184515000000002, 7.311189663633572e35, 0.0024271844660194173, 0.005339805825242719, 0.004611650485436893],
[66, 1.7449928010000002, 2.3688254510172777e36, 0.0048543689320388345, 0.005339805825242719, 0.004126213592233009],
[67, 1.770096601, 7.674994461295976e36, 0.0024271844660194173, 0.005339805825242719, 0.004611650485436893],
[68, 1.796787501, 2.486698205459896e37, 0.0048543689320388345, 0.005339805825242719, 0.004126213592233009],
[69, 1.8257766, 8.056902185690062e37, 0.0024271844660194173, 0.005339805825242719, 0.004368932038834952],
[70, 1.852869399, 2.6104363081635794e38, 0.0048543689320388345, 0.005339805825242719, 0.004126213592233009],
[71, 1.879755499, 8.457813638449997e38, 0.0024271844660194173, 0.005339805825242719, 0.004368932038834952],
[72, 1.905556399, 2.7403316188577976e39, 0.0048543689320388345, 0.005339805825242719, 0.004126213592233009],
[73, 1.930926899, 8.878674445099262e39, 0.0024271844660194173, 0.005339805825242719, 0.004368932038834952],
[74, 1.955166899, 2.8766905202121605e40, 0.0048543689320388345, 0.005825242718446602, 0.004126213592233009],
[75, 1.982131198, 9.320477285487398e40, 0.0024271844660194173, 0.005339805825242719, 0.004368932038834952],
[76, 2.008396197, 3.019834640497917e41, 0.0048543689320388345, 0.005825242718446602, 0.0038834951456310682],
[77, 2.0340228970000003, 9.784264235213249e41, 0.0024271844660194173, 0.005339805825242719, 0.004368932038834952],
[78, 2.0606834980000004, 3.170101612209092e42, 0.0048543689320388345, 0.005825242718446602, 0.0038834951456310682],
[79, 2.085042098, 1.0271129223557454e43, 0.0024271844660194173, 0.005339805825242719, 0.004368932038834952],
[80, 2.113094798, 3.327845868432615e43, 0.0048543689320388345, 0.005825242718446602, 0.0038834951456310682],
[81, 2.1429387980000003, 1.0782220613721672e44, 0.0024271844660194173, 0.005339805825242719, 0.004368932038834952],
[82, 2.1679959990000004, 3.493439478845821e44, 0.0048543689320388345, 0.005825242718446602, 0.0038834951456310682],
[83, 2.1953579990000005, 1.1318743911460458e45, 0.0024271844660194173, 0.005339805825242719, 0.004368932038834952],
[84, 2.2204517990000006, 3.667273027313187e45, 0.0048543689320388345, 0.005825242718446602, 0.0038834951456310682],
[85, 2.2493152000000007, 1.1881964608494725e46, 0.0024271844660194173, 0.005339805825242719, 0.004368932038834952],
[86, 2.276548800000001, 3.8497565331522894e46, 0.0048543689320388345, 0.005825242718446602, 0.0038834951456310682],
[87, 2.303001200000001, 1.2473211167413418e47, 0.0024271844660194173, 0.005339805825242719, 0.004611650485436893],
[88, 2.330316601000001, 4.041320418241946e47, 0.0048543689320388345, 0.005825242718446602, 0.0038834951456310682],
[89, 2.3570512000000012, 1.3093878155103905e48, 0.0024271844660194173, 0.005339805825242719, 0.004611650485436893],
[90, 2.388579700000001, 4.242416522253664e48, 0.0048543689320388345, 0.005825242718446602, 0.0038834951456310682],
[91, 2.413963000000001, 1.3745429532101868e49, 0.0024271844660194173, 0.005339805825242719, 0.004611650485436893],
[92, 2.441342699000001, 4.453519168401004e49, 0.0048543689320388345, 0.005825242718446602, 0.0038834951456310682],
[93, 2.465721700000001, 1.4429402105619249e50, 0.0024271844660194173, 0.005339805825242719, 0.004611650485436893],
[94, 2.491487600000001, 4.675126282220636e50, 0.0048543689320388345, 0.005825242718446602, 0.004126213592233009],
[95, 2.516934800000001, 1.514740915439486e51, 0.0024271844660194173, 0.005339805825242719, 0.004611650485436893],
[96, 2.542134100000001, 4.907760566023933e51, 0.0048543689320388345, 0.005825242718446602, 0.004126213592233009],
[97, 2.568525500000001, 1.5901144233917543e52, 0.0024271844660194173, 0.005339805825242719, 0.004368932038834952],
[98, 2.594638500000001, 5.151970731789283e52, 0.0048543689320388345, 0.005825242718446602, 0.004126213592233009],
[99, 2.6202837010000013, 1.6692385170997268e53, 0.0024271844660194173, 0.005339805825242719, 0.004368932038834952],
[100, 2.646610202000001, 5.408332795403114e53, 0.0048543689320388345, 0.005825242718446602, 0.004126213592233009],
[101, 2.6775548020000013, 1.7522998257106088e54, 0.0024271844660194173, 0.005825242718446602, 0.004368932038834952],
[102, 2.7025097020000013, 5.677451435302372e54, 0.0048543689320388345, 0.006310679611650486, 0.004126213592233009],
[103, 2.729253402000001, 1.839494265037968e55, 0.0024271844660194173, 0.005825242718446602, 0.004368932038834952],
[104, 2.7536200020000012, 5.959961418723016e55, 0.0048543689320388345, 0.006310679611650486, 0.004126213592233009],
[105, 2.7785368020000014, 1.9310274996662561e56, 0.0024271844660194173, 0.005339805825242719, 0.004368932038834952],
[106, 2.8050229020000015, 6.25652909891867e56, 0.0048543689320388345, 0.006310679611650486, 0.004126213592233009],
[107, 2.8294289020000014, 2.027115428049649e57, 0.0024271844660194173, 0.005339805825242719, 0.004368932038834952],
[108, 2.8570633020000016, 6.567853986880861e57, 0.0048543689320388345, 0.006310679611650486, 0.004126213592233009],
[109, 2.8842337010000016, 2.1279846917493984e58, 0.0024271844660194173, 0.005339805825242719, 0.004368932038834952],
[110, 2.910031301000002, 6.894670401268049e58, 0.0048543689320388345, 0.006310679611650486, 0.004126213592233009],
[111, 2.9443408000000018, 2.233873210010848e59, 0.0024271844660194173, 0.005339805825242719, 0.004368932038834952],
[112, 2.969245100000002, 7.237749200435145e59, 0.0048543689320388345, 0.006310679611650486, 0.0038834951456310682],
[113, 2.994898800000002, 2.345030740940986e60, 0.0024271844660194173, 0.005339805825242719, 0.004611650485436893],
[114, 3.021331200000002, 7.597899600648794e60, 0.0048543689320388345, 0.006310679611650486, 0.0038834951456310682],
[115, 3.045830700000002, 2.4617194706102088e61, 0.0024271844660194173, 0.005339805825242719, 0.004611650485436893],
[116, 3.072238000000002, 7.975971084777075e61, 0.0048543689320388345, 0.006310679611650486, 0.0038834951456310682],
[117, 3.0969926990000016, 2.584214631467772e62, 0.0024271844660194173, 0.005339805825242719, 0.004368932038834952],
[118, 3.123195699000002, 8.372855405955578e62, 0.0048543689320388345, 0.006310679611650486, 0.0038834951456310682],
[119, 3.149922399000002, 2.7128051515296072e63, 0.0024271844660194173, 0.005339805825242719, 0.004611650485436893],
[120, 3.175529898000002, 8.789488690955927e63, 0.0048543689320388345, 0.006310679611650486, 0.0038834951456310682],
[121, 3.2011917980000018, 2.847794335869719e64, 0.0024271844660194173, 0.005339805825242719, 0.004611650485436893],
