rank: 30, ratio of 0 vs 1: 3, lambda:11, learning_rate: 0.3
iter time objective_function precision@K = 1, 5, 10
[0,30684.39307442162, 0.009708737864077669 0.004368932038834952 0.0036407766990291263],
[1, 0.0254355, 30501.203045584767, 0.0024271844660194173, 0.004368932038834952, 0.0026699029126213596],
[2, 0.052891999999999995, 30436.50568338097, 0.0024271844660194173, 0.004368932038834952, 0.004368932038834952],
[3, 0.0831855, 30890.67042241545, 0.007281553398058253, 0.006310679611650486, 0.008009708737864078],
[4, 0.110939899, 31369.323004094316, 0.0024271844660194173, 0.006310679611650486, 0.006796116504854369],
[5, 0.136876599, 32091.073621549585, 0.0, 0.0019417475728155341, 0.0036407766990291263],
[6, 0.17109919899999998, 33052.16245607273, 0.007281553398058253, 0.007281553398058253, 0.005825242718446602],
[7, 0.19607499799999997, 34423.590331918036, 0.0048543689320388345, 0.0033980582524271844, 0.0036407766990291263],
[8, 0.22285159899999998, 36335.41684279658, 0.0024271844660194173, 0.004368932038834952, 0.005097087378640777],
[9, 0.2488715, 39042.30279379242, 0.0048543689320388345, 0.0024271844660194173, 0.004611650485436893],
[10, 0.2763956, 42890.143803924904, 0.007281553398058253, 0.0077669902912621365, 0.0077669902912621365],
[11, 0.3030049, 48369.29312163836, 0.0, 0.0024271844660194173, 0.002912621359223301],
[12, 0.3294441, 56247.54890289169, 0.0024271844660194173, 0.0038834951456310682, 0.004126213592233009],
[13, 0.356430899, 67680.83329809875, 0.007281553398058253, 0.008737864077669903, 0.005339805825242719],
[14, 0.38476259900000004, 84349.61856863159, 0.0048543689320388345, 0.006310679611650486, 0.0048543689320388345],
[15, 0.41121630000000003, 108683.40837451459, 0.0024271844660194173, 0.002912621359223301, 0.003155339805825243],
[16, 0.4368561, 144063.3892986863, 0.0024271844660194173, 0.002912621359223301, 0.004611650485436893],
[17, 0.46283040000000003, 195069.1440455931, 0.0024271844660194173, 0.0038834951456310682, 0.002912621359223301],
[18, 0.48933829900000003, 268341.9259818387, 0.0, 0.0024271844660194173, 0.0036407766990291263],
[19, 0.5168619990000001, 373676.3527714816, 0.007281553398058253, 0.002912621359223301, 0.004126213592233009],
[20, 0.543840799, 524979.9826781597, 0.0024271844660194173, 0.0048543689320388345, 0.0036407766990291263],
[21, 0.5708057990000001, 742504.3923775607, 0.0, 0.0033980582524271844, 0.002912621359223301],
[22, 0.5996963980000001, 1.0554225060442886e6, 0.0048543689320388345, 0.0038834951456310682, 0.004611650485436893],
[23, 0.6264093980000001, 1.5057206968118227e6, 0.0048543689320388345, 0.0019417475728155341, 0.003155339805825243],
[24, 0.6555556990000001, 2.153752529763384e6, 0.0048543689320388345, 0.004368932038834952, 0.004126213592233009],
[25, 0.6818636990000001, 3.087018110386675e6, 0.0048543689320388345, 0.0048543689320388345, 0.004126213592233009],
[26, 0.710049298, 4.43043668638078e6, 0.007281553398058253, 0.0048543689320388345, 0.0048543689320388345],
[27, 0.7382983980000001, 6.364779855685105e6, 0.0, 0.005339805825242719, 0.005339805825242719],
[28, 0.7656211970000001, 9.149821281685116e6, 0.0024271844660194173, 0.0048543689320388345, 0.005339805825242719],
[29, 0.7934836980000001, 1.3160477217149936e7, 0.0, 0.0019417475728155341, 0.0036407766990291263],
[30, 0.8269400980000001, 1.8935965667113192e7, 0.0, 0.0024271844660194173, 0.003155339805825243],
[31, 0.8546709970000002, 2.725218077078757e7, 0.0048543689320388345, 0.0024271844660194173, 0.0036407766990291263],
[32, 0.8815685970000001, 3.922663350684522e7, 0.0, 0.0009708737864077671, 0.002912621359223301],
[33, 0.9069586970000001, 5.646966174362716e7, 0.0024271844660194173, 0.0019417475728155341, 0.0016990291262135922],
[34, 0.9337452980000001, 8.129927949651517e7, 0.0048543689320388345, 0.0048543689320388345, 0.0036407766990291263],
[35, 0.960265998, 1.1705396979081522e8, 0.0048543689320388345, 0.0033980582524271844, 0.0033980582524271844],
[36, 0.986320397, 1.685410035335478e8, 0.007281553398058253, 0.0033980582524271844, 0.004126213592233009],
[37, 1.013051897, 2.426819276021359e8, 0.0048543689320388345, 0.004368932038834952, 0.0036407766990291263],
[38, 1.041254196, 3.494430333007031e8, 0.0048543689320388345, 0.0019417475728155341, 0.0024271844660194173],
[39, 1.0666482959999999, 5.0318011100595623e8, 0.007281553398058253, 0.0048543689320388345, 0.0048543689320388345],
[40, 1.0936615969999999, 7.24559807288336e8, 0.0, 0.0038834951456310682, 0.004368932038834952],
[41, 1.1196215969999999, 1.0433462064126469e9, 0.0, 0.004368932038834952, 0.004126213592233009],
[42, 1.155363497, 1.5023966357795126e9, 0.0024271844660194173, 0.0038834951456310682, 0.004126213592233009],
[43, 1.181313696, 2.1634303073767915e9, 0.0048543689320388345, 0.004368932038834952, 0.004126213592233009],
[44, 1.207670896, 3.1153191232199087e9, 0.0048543689320388345, 0.0038834951456310682, 0.004611650485436893],
[45, 1.233714296, 4.486039209037824e9, 0.0048543689320388345, 0.005825242718446602, 0.004368932038834952],
[46, 1.259304196, 6.459871344545808e9, 0.0048543689320388345, 0.0033980582524271844, 0.004368932038834952],
[47, 1.284919297, 9.302191568583902e9, 0.007281553398058253, 0.005825242718446602, 0.005825242718446602],
[48, 1.311848798, 1.3395130488524012e10, 0.009708737864077669, 0.0038834951456310682, 0.0036407766990291263],
[49, 1.3376501969999999, 1.9288963607264355e10, 0.0048543689320388345, 0.006796116504854369, 0.006553398058252427],
[50, 1.3645725969999998, 2.777608343042054e10, 0.0048543689320388345, 0.0033980582524271844, 0.0033980582524271844],
[51, 1.3908419969999999, 3.999753281631342e10, 0.0024271844660194173, 0.006310679611650486, 0.006796116504854369],
[52, 1.415642997, 5.759641892004087e10, 0.0024271844660194173, 0.0033980582524271844, 0.0033980582524271844],
[53, 1.441096298, 8.293881446944719e10, 0.0048543689320388345, 0.004368932038834952, 0.006310679611650486],
[54, 1.466272998, 1.194318721767389e11, 0.0024271844660194173, 0.0019417475728155341, 0.0033980582524271844],
[55, 1.492247398, 1.719818628747198e11, 0.009708737864077669, 0.004368932038834952, 0.005339805825242719],
[56, 1.519124098, 2.4765385162581387e11, 0.0024271844660194173, 0.0024271844660194173, 0.0026699029126213596],
[57, 1.544376397, 3.566215103808089e11, 0.007281553398058253, 0.002912621359223301, 0.0033980582524271844],
[58, 1.570853397, 5.135349384592213e11, 0.0024271844660194173, 0.002912621359223301, 0.0024271844660194173],
[59, 1.597638997, 7.394902783884316e11, 0.009708737864077669, 0.0038834951456310682, 0.0036407766990291263],
[60, 1.622669496, 1.0648659655608596e12, 0.0024271844660194173, 0.0024271844660194173, 0.0026699029126213596],
[61, 1.6476663960000002, 1.5334069569440361e12, 0.012135922330097087, 0.005825242718446602, 0.004126213592233009],
[62, 1.672941095, 2.208105981272542e12, 0.0, 0.0033980582524271844, 0.0033980582524271844],
[63, 1.698422294, 3.179672564063213e12, 0.012135922330097087, 0.008252427184466019, 0.005097087378640777],
[64, 1.726596794, 4.578728454110265e12, 0.0024271844660194173, 0.0033980582524271844, 0.0036407766990291263],
[65, 1.751191395, 6.593368908171176e12, 0.0048543689320388345, 0.008252427184466019, 0.0048543689320388345],
[66, 1.782830795, 9.494451160467521e12, 0.0024271844660194173, 0.0033980582524271844, 0.0036407766990291263],
[67, 1.8088324949999999, 1.3672009616877064e13, 0.009708737864077669, 0.008737864077669903, 0.00558252427184466],
[68, 1.834459795, 1.9687693818362414e13, 0.007281553398058253, 0.004368932038834952, 0.004126213592233009],
[69, 1.859646894, 2.83502790116888e13, 0.0048543689320388345, 0.008737864077669903, 0.005339805825242719],
[70, 1.888894794, 4.082440168438978e13, 0.007281553398058253, 0.004368932038834952, 0.004126213592233009],
[71, 1.9152789940000001, 5.878713833313511e13, 0.0048543689320388345, 0.008737864077669903, 0.005339805825242719],
[72, 1.940292193, 8.465347910760425e13, 0.007281553398058253, 0.004368932038834952, 0.004126213592233009],
[73, 1.966286793, 1.2190100982423173e14, 0.0048543689320388345, 0.008737864077669903, 0.00558252427184466],
[74, 1.991890594, 1.7553745407267488e14, 0.012135922330097087, 0.005825242718446602, 0.005339805825242719],
[75, 2.018036194, 2.5277393377185438e14, 0.007281553398058253, 0.0077669902912621365, 0.006067961165048544],
[76, 2.044694394, 3.6399446452846675e14, 0.012135922330097087, 0.005825242718446602, 0.005097087378640777],
[77, 2.070851893, 5.241520288183619e14, 0.007281553398058253, 0.008252427184466019, 0.006067961165048544],
[78, 2.0966382919999997, 7.547789213961505e14, 0.012135922330097087, 0.005825242718446602, 0.005097087378640777],
[79, 2.1221182929999998, 1.0868816467082235e15, 0.007281553398058253, 0.008252427184466019, 0.006067961165048544],
[80, 2.146962893, 1.5651095711578038e15, 0.012135922330097087, 0.005825242718446602, 0.005097087378640777],
[81, 2.172916793, 2.2537577823655125e15, 0.007281553398058253, 0.008252427184466019, 0.006067961165048544],
[82, 2.198340994, 3.2454112065048115e15, 0.012135922330097087, 0.005825242718446602, 0.005097087378640777],
[83, 2.226652593, 4.673392137265601e15, 0.007281553398058253, 0.008252427184466019, 0.006067961165048544],
[84, 2.2514979929999996, 6.729684677561377e15, 0.012135922330097087, 0.005825242718446602, 0.005097087378640777],
[85, 2.2816775929999995, 9.690745935587472e15, 0.007281553398058253, 0.008252427184466019, 0.006067961165048544],
[86, 2.3081823919999995, 1.395467414714521e16, 0.012135922330097087, 0.005825242718446602, 0.005097087378640777],
[87, 2.3334260919999994, 2.0094730771788604e16, 0.007281553398058253, 0.008252427184466019, 0.006067961165048544],
[88, 2.3583685929999993, 2.8936412311275332e16, 0.012135922330097087, 0.005825242718446602, 0.005097087378640777],
[89, 2.3843648929999994, 4.166843372865644e16, 0.0024271844660194173, 0.007281553398058253, 0.00558252427184466],
[90, 2.4107582939999994, 6.000254456893666e16, 0.0024271844660194173, 0.005825242718446602, 0.005339805825242719],
[91, 2.438112292999999, 8.640366417894027e16, 0.0024271844660194173, 0.007281553398058253, 0.00558252427184466],
[92, 2.4645940939999993, 1.244212764173458e17, 0.0024271844660194173, 0.005825242718446602, 0.005339805825242719],
[93, 2.490295894999999, 1.7916663804064976e17, 0.0024271844660194173, 0.007281553398058253, 0.00558252427184466],
[94, 2.5160424949999993, 2.5799995877820784e17, 0.0024271844660194173, 0.005825242718446602, 0.005339805825242719],
[95, 2.5422723959999995, 3.715199406402916e17, 0.0024271844660194173, 0.006796116504854369, 0.00558252427184466],
[96, 2.5669992949999996, 5.3498871452169235e17, 0.0024271844660194173, 0.005825242718446602, 0.005339805825242719],
[97, 2.5929448949999996, 7.703837489109096e17, 0.0024271844660194173, 0.006796116504854369, 0.00558252427184466],
[98, 2.6184609949999995, 1.1093525984313825e18, 0.0024271844660194173, 0.005825242718446602, 0.005339805825242719],
[99, 2.6440504949999997, 1.597467741740864e18, 0.0024271844660194173, 0.006796116504854369, 0.00558252427184466],
[100, 2.6697763949999995, 2.3003535481065162e18, 0.0024271844660194173, 0.005825242718446602, 0.005339805825242719],
[101, 2.6950277959999993, 3.312509109273056e18, 0.0024271844660194173, 0.006796116504854369, 0.00558252427184466],
[102, 2.7195478959999995, 4.770013117352874e18, 0.0024271844660194173, 0.005825242718446602, 0.005339805825242719],
[103, 2.7446621969999994, 6.86881888898781e18, 0.0024271844660194173, 0.006796116504854369, 0.00558252427184466],
[104, 2.7702105979999994, 9.891099200142119e18, 0.0024271844660194173, 0.005825242718446602, 0.005339805825242719],
[105, 2.7975438969999993, 1.4243182848204323e19, 0.0024271844660194173, 0.006796116504854369, 0.00558252427184466],
[106, 2.823175096999999, 2.0510183301413892e19, 0.0024271844660194173, 0.005825242718446602, 0.00558252427184466],
[107, 2.847978696999999, 2.9534663954035675e19, 0.0024271844660194173, 0.006796116504854369, 0.00558252427184466],
[108, 2.8729809979999987, 4.252991609381103e19, 0.0024271844660194173, 0.005825242718446602, 0.005339805825242719],
[109, 2.899865897999999, 6.124307917508754e19, 0.0024271844660194173, 0.006796116504854369, 0.00558252427184466],
[110, 2.9252024989999987, 8.819003401212572e19, 0.0024271844660194173, 0.005825242718446602, 0.005339805825242719],
[111, 2.9515595989999985, 1.2699364897746064e20, 0.0024271844660194173, 0.006796116504854369, 0.00558252427184466],
[112, 2.9790816989999986, 1.82870854527543e20, 0.0024271844660194173, 0.005825242718446602, 0.005339805825242719],
[113, 3.0061510989999984, 2.6333403051966153e20, 0.0024271844660194173, 0.006796116504854369, 0.00558252427184466],
[114, 3.0315804989999986, 3.7920100394831217e20, 0.0024271844660194173, 0.005825242718446602, 0.005339805825242719],
[115, 3.0569282989999986, 5.46049445685569e20, 0.0024271844660194173, 0.006796116504854369, 0.00558252427184466],
[116, 3.0823295999999987, 7.863112017872189e20, 0.0024271844660194173, 0.005825242718446602, 0.005339805825242719],
[117, 3.1068479999999985, 1.1322881305735945e21, 0.0024271844660194173, 0.006796116504854369, 0.00558252427184466],
[118, 3.1325302999999987, 1.6304949080259753e21, 0.0024271844660194173, 0.005825242718446602, 0.005339805825242719],
[119, 3.1569672999999985, 2.3479126675574028e21, 0.0024271844660194173, 0.006796116504854369, 0.00558252427184466],
[120, 3.1820050999999987, 3.380994241282659e21, 0.0024271844660194173, 0.005825242718446602, 0.005339805825242719],
[121, 3.206889400999999, 4.868631707447029e21, 0.0024271844660194173, 0.006796116504854369, 0.00558252427184466],
