rank: 30, ratio of 0 vs 1: 3, lambda:2, learning_rate: 0.3
iter time objective_function precision@K = 1, 5, 10
[0,29449.377758687373, 0.009708737864077669 0.004368932038834952 0.0036407766990291263],
[1, 0.030793399, 29380.095938449314, 0.0048543689320388345, 0.0038834951456310682, 0.0036407766990291263],
[2, 0.06819729899999999, 29353.658690246597, 0.0048543689320388345, 0.0038834951456310682, 0.003155339805825243],
[3, 0.09735809999999999, 29339.362327103798, 0.009708737864077669, 0.0048543689320388345, 0.004368932038834952],
[4, 0.126000501, 29330.037259196375, 0.007281553398058253, 0.005339805825242719, 0.004611650485436893],
[5, 0.153643001, 29322.06759581449, 0.007281553398058253, 0.006310679611650486, 0.004368932038834952],
[6, 0.181774501, 29317.46827792488, 0.0048543689320388345, 0.005825242718446602, 0.00558252427184466],
[7, 0.21215520200000001, 29313.549367522377, 0.007281553398058253, 0.005339805825242719, 0.005339805825242719],
[8, 0.240736903, 29310.357776334, 0.009708737864077669, 0.005825242718446602, 0.005097087378640777],
[9, 0.270816903, 29305.708200085388, 0.009708737864077669, 0.007281553398058253, 0.00558252427184466],
[10, 0.298376304, 29304.123879900395, 0.009708737864077669, 0.007281553398058253, 0.006067961165048544],
[11, 0.329041704, 29303.599387447553, 0.012135922330097087, 0.0077669902912621365, 0.006310679611650486],
[12, 0.358523304, 29302.345957372792, 0.009708737864077669, 0.008252427184466019, 0.006796116504854369],
[13, 0.385573304, 29300.71873528806, 0.009708737864077669, 0.008737864077669903, 0.006310679611650486],
[14, 0.412238703, 29300.31840637417, 0.012135922330097087, 0.008252427184466019, 0.006796116504854369],
[15, 0.443077403, 29299.723090752366, 0.012135922330097087, 0.008252427184466019, 0.007281553398058253],
[16, 0.471499103, 29299.14641867208, 0.01699029126213592, 0.008252427184466019, 0.007281553398058253],
[17, 0.49960210299999996, 29298.924956352348, 0.01699029126213592, 0.008737864077669903, 0.007524271844660194],
[18, 0.531915403, 29298.731842016477, 0.01699029126213592, 0.008737864077669903, 0.007281553398058253],
[19, 0.5624936039999999, 29298.415161897894, 0.019417475728155338, 0.008737864077669903, 0.007524271844660194],
[20, 0.5907054049999999, 29298.010389699706, 0.019417475728155338, 0.008252427184466019, 0.0077669902912621365],
[21, 0.6182400049999999, 29298.2694362441, 0.019417475728155338, 0.008737864077669903, 0.007524271844660194],
[22, 0.6453969049999999, 29298.361110920294, 0.019417475728155338, 0.008252427184466019, 0.008009708737864078],
[23, 0.6749058039999999, 29298.188921348756, 0.019417475728155338, 0.008252427184466019, 0.008009708737864078],
[24, 0.7049521039999999, 29297.019993556056, 0.019417475728155338, 0.008737864077669903, 0.0077669902912621365],
[25, 0.7354197039999999, 29297.28073454719, 0.019417475728155338, 0.008737864077669903, 0.008252427184466019],
[26, 0.7652290029999999, 29297.622950921457, 0.019417475728155338, 0.008737864077669903, 0.00849514563106796],
[27, 0.7920953029999999, 29297.18485987964, 0.019417475728155338, 0.008252427184466019, 0.00849514563106796],
[28, 0.8187832029999998, 29297.59604360816, 0.019417475728155338, 0.008252427184466019, 0.00849514563106796],
[29, 0.8465503029999999, 29297.04063391804, 0.019417475728155338, 0.008252427184466019, 0.00849514563106796],
[30, 0.8771470019999998, 29297.305268160027, 0.019417475728155338, 0.008252427184466019, 0.00849514563106796],
[31, 0.9049087009999999, 29296.566662567566, 0.019417475728155338, 0.008252427184466019, 0.00849514563106796],
[32, 0.9335134009999999, 29296.669739621848, 0.019417475728155338, 0.008252427184466019, 0.00849514563106796],
[33, 0.9635835019999999, 29297.054713500245, 0.019417475728155338, 0.008252427184466019, 0.00849514563106796],
[34, 0.9947928029999998, 29296.53840780117, 0.019417475728155338, 0.008252427184466019, 0.00849514563106796],
[35, 1.0234374039999998, 29296.4784848997, 0.019417475728155338, 0.008252427184466019, 0.00849514563106796],
[36, 1.0521084039999997, 29297.06605271714, 0.019417475728155338, 0.008252427184466019, 0.00849514563106796],
[37, 1.0795493039999997, 29297.470699335427, 0.019417475728155338, 0.008252427184466019, 0.00849514563106796],
[38, 1.1088101049999997, 29296.259752452424, 0.019417475728155338, 0.008252427184466019, 0.00849514563106796],
[39, 1.1378954059999997, 29296.816080048207, 0.019417475728155338, 0.008252427184466019, 0.00849514563106796],
[40, 1.1671424059999997, 29296.646059071023, 0.019417475728155338, 0.008252427184466019, 0.00849514563106796],
[41, 1.1956201069999997, 29297.06337349994, 0.019417475728155338, 0.008252427184466019, 0.00849514563106796],
[42, 1.2271197059999996, 29297.414621659278, 0.019417475728155338, 0.008252427184466019, 0.00849514563106796],
[43, 1.2557571069999995, 29297.434505809506, 0.019417475728155338, 0.008252427184466019, 0.00849514563106796],
[44, 1.2816675069999994, 29297.291677339854, 0.019417475728155338, 0.008252427184466019, 0.00849514563106796],
[45, 1.3131657069999993, 29297.00815989725, 0.019417475728155338, 0.008252427184466019, 0.00849514563106796],
[46, 1.3422035079999994, 29297.34959331602, 0.019417475728155338, 0.008252427184466019, 0.00849514563106796],
[47, 1.3693700089999994, 29296.924415401307, 0.019417475728155338, 0.008252427184466019, 0.00849514563106796],
[48, 1.3982268089999994, 29296.683444344122, 0.019417475728155338, 0.008252427184466019, 0.00849514563106796],
[49, 1.4263486089999995, 29297.044543024735, 0.019417475728155338, 0.008252427184466019, 0.00849514563106796],
[50, 1.4604210099999995, 29297.613475475413, 0.019417475728155338, 0.008252427184466019, 0.00849514563106796],
[51, 1.4870031109999995, 29297.88543652069, 0.019417475728155338, 0.008252427184466019, 0.00849514563106796],
[52, 1.5150064109999994, 29297.342972371334, 0.019417475728155338, 0.008252427184466019, 0.00849514563106796],
[53, 1.5470770109999994, 29297.61156141359, 0.019417475728155338, 0.008252427184466019, 0.00849514563106796],
[54, 1.5756423119999994, 29297.425642182014, 0.019417475728155338, 0.008252427184466019, 0.00849514563106796],
[55, 1.6036957119999993, 29296.80944953715, 0.019417475728155338, 0.008252427184466019, 0.00849514563106796],
[56, 1.6306940109999992, 29297.252273531827, 0.019417475728155338, 0.008252427184466019, 0.00849514563106796],
[57, 1.6598613099999993, 29297.036301448636, 0.019417475728155338, 0.008252427184466019, 0.00849514563106796],
[58, 1.6898668109999992, 29297.234761130218, 0.019417475728155338, 0.008252427184466019, 0.00849514563106796],
[59, 1.7163511109999992, 29297.124236387757, 0.019417475728155338, 0.008252427184466019, 0.00849514563106796],
[60, 1.7441953109999992, 29296.8335843211, 0.019417475728155338, 0.008252427184466019, 0.00849514563106796],
[61, 1.7735897099999993, 29297.313935122547, 0.019417475728155338, 0.008252427184466019, 0.00849514563106796],
[62, 1.7999445089999992, 29296.434668937847, 0.019417475728155338, 0.008252427184466019, 0.00849514563106796],
[63, 1.8309874099999992, 29296.88658748261, 0.019417475728155338, 0.008252427184466019, 0.00849514563106796],
[64, 1.8617160099999992, 29297.526558812602, 0.019417475728155338, 0.008252427184466019, 0.00849514563106796],
[65, 1.8914448099999992, 29296.859354829943, 0.019417475728155338, 0.008252427184466019, 0.00849514563106796],
[66, 1.9170034099999993, 29297.49665153156, 0.019417475728155338, 0.008252427184466019, 0.00849514563106796],
[67, 1.9475218089999993, 29296.88008896838, 0.019417475728155338, 0.008252427184466019, 0.00849514563106796],
[68, 1.9769479099999994, 29296.633796898837, 0.019417475728155338, 0.008252427184466019, 0.00849514563106796],
[69, 2.004108209999999, 29297.27428486257, 0.019417475728155338, 0.008252427184466019, 0.00849514563106796],
[70, 2.0322343089999992, 29296.91374805542, 0.019417475728155338, 0.008252427184466019, 0.00849514563106796],
[71, 2.0637908089999994, 29297.053669521058, 0.019417475728155338, 0.008252427184466019, 0.00849514563106796],
[72, 2.0916503089999994, 29297.086733597414, 0.019417475728155338, 0.008252427184466019, 0.00849514563106796],
[73, 2.1228725089999996, 29297.102001335945, 0.019417475728155338, 0.008252427184466019, 0.00849514563106796],
[74, 2.1498848089999996, 29296.96818962707, 0.019417475728155338, 0.008252427184466019, 0.00849514563106796],
[75, 2.1792344099999994, 29296.63777505394, 0.019417475728155338, 0.008252427184466019, 0.00849514563106796],
[76, 2.2084644109999996, 29297.21047427942, 0.019417475728155338, 0.008252427184466019, 0.00849514563106796],
[77, 2.2372999109999996, 29297.06108376019, 0.019417475728155338, 0.008252427184466019, 0.00849514563106796],
[78, 2.2666296099999994, 29296.519629622315, 0.019417475728155338, 0.008252427184466019, 0.00849514563106796],
[79, 2.2943931109999993, 29297.147898653653, 0.019417475728155338, 0.008252427184466019, 0.00849514563106796],
[80, 2.3258607109999994, 29297.04978118645, 0.019417475728155338, 0.008252427184466019, 0.00849514563106796],
[81, 2.3585596109999996, 29297.639521246827, 0.019417475728155338, 0.008252427184466019, 0.00849514563106796],
[82, 2.3853285119999996, 29296.966149827655, 0.019417475728155338, 0.008252427184466019, 0.00849514563106796],
[83, 2.4142013119999994, 29297.17454718753, 0.019417475728155338, 0.008252427184466019, 0.00849514563106796],
[84, 2.4479545119999995, 29297.425009553328, 0.019417475728155338, 0.008252427184466019, 0.00849514563106796],
[85, 2.4786772119999996, 29296.97244695378, 0.019417475728155338, 0.008252427184466019, 0.00849514563106796],
[86, 2.5094402109999994, 29296.900381464977, 0.019417475728155338, 0.008252427184466019, 0.00849514563106796],
[87, 2.5378641099999992, 29297.43162695865, 0.019417475728155338, 0.008252427184466019, 0.00849514563106796],
[88, 2.566771309999999, 29296.961169290676, 0.019417475728155338, 0.008252427184466019, 0.00849514563106796],
[89, 2.594901310999999, 29297.052248307995, 0.019417475728155338, 0.008252427184466019, 0.00849514563106796],
[90, 2.6241353099999993, 29297.02202129709, 0.019417475728155338, 0.008252427184466019, 0.00849514563106796],
[91, 2.6523671099999993, 29297.18957483246, 0.019417475728155338, 0.008252427184466019, 0.00849514563106796],
[92, 2.6819404109999994, 29297.426952608315, 0.019417475728155338, 0.008252427184466019, 0.00849514563106796],
[93, 2.7111579119999996, 29297.11860513479, 0.019417475728155338, 0.008252427184466019, 0.00849514563106796],
[94, 2.7433523119999994, 29296.858929051443, 0.019417475728155338, 0.008252427184466019, 0.00849514563106796],
[95, 2.7707923129999994, 29296.722264128468, 0.019417475728155338, 0.008252427184466019, 0.00849514563106796],
[96, 2.8046439119999995, 29297.365782797715, 0.019417475728155338, 0.008252427184466019, 0.00849514563106796],
[97, 2.8336101119999997, 29296.590445979044, 0.019417475728155338, 0.008252427184466019, 0.00849514563106796],
[98, 2.8644878129999998, 29297.643666885702, 0.019417475728155338, 0.008252427184466019, 0.00849514563106796],
[99, 2.8922138129999997, 29296.89030387115, 0.019417475728155338, 0.008252427184466019, 0.00849514563106796],
[100, 2.920206713, 29297.66298756491, 0.019417475728155338, 0.008252427184466019, 0.00849514563106796],
[101, 2.948549713, 29297.61093439017, 0.019417475728155338, 0.008252427184466019, 0.00849514563106796],
[102, 2.9787971129999997, 29296.933511018833, 0.019417475728155338, 0.008252427184466019, 0.00849514563106796],
[103, 3.006846112, 29296.465235342723, 0.019417475728155338, 0.008252427184466019, 0.00849514563106796],
[104, 3.0424479119999996, 29297.122906825014, 0.019417475728155338, 0.008252427184466019, 0.00849514563106796],
[105, 3.0710781129999996, 29297.125799122376, 0.019417475728155338, 0.008252427184466019, 0.00849514563106796],
[106, 3.1000657119999997, 29297.798041910624, 0.019417475728155338, 0.008252427184466019, 0.00849514563106796],
[107, 3.1286086129999995, 29296.974960648775, 0.019417475728155338, 0.008252427184466019, 0.00849514563106796],
[108, 3.1565924139999995, 29297.12331205954, 0.019417475728155338, 0.008252427184466019, 0.00849514563106796],
[109, 3.1868347129999997, 29297.724932061432, 0.019417475728155338, 0.008252427184466019, 0.00849514563106796],
[110, 3.213091112, 29296.35079216799, 0.019417475728155338, 0.008252427184466019, 0.00849514563106796],
[111, 3.2425307109999997, 29296.45132747016, 0.019417475728155338, 0.008252427184466019, 0.00849514563106796],
[112, 3.2712590109999997, 29296.972768248605, 0.019417475728155338, 0.008252427184466019, 0.00849514563106796],
[113, 3.3052237109999996, 29296.91676751333, 0.019417475728155338, 0.008252427184466019, 0.00849514563106796],
[114, 3.3345296119999994, 29296.79038695353, 0.019417475728155338, 0.008252427184466019, 0.00849514563106796],
[115, 3.3665702109999995, 29297.49626283927, 0.019417475728155338, 0.008252427184466019, 0.00849514563106796],
[116, 3.3935517099999997, 29297.473095699934, 0.019417475728155338, 0.008252427184466019, 0.00849514563106796],
[117, 3.4232384099999997, 29297.199037939037, 0.019417475728155338, 0.008252427184466019, 0.00849514563106796],
[118, 3.4573211099999996, 29297.484189347488, 0.019417475728155338, 0.008252427184466019, 0.00849514563106796],
[119, 3.4849678089999996, 29296.275747209256, 0.019417475728155338, 0.008252427184466019, 0.00849514563106796],
[120, 3.5122483089999994, 29296.79915648069, 0.019417475728155338, 0.008252427184466019, 0.00849514563106796],
[121, 3.5401785079999994, 29296.578787255596, 0.019417475728155338, 0.008252427184466019, 0.00849514563106796],
