rank: 30, ratio of 0 vs 1: 3, lambda:9, learning_rate: 0.3
iter time objective_function precision@K = 1, 5, 10
[0,30409.945226480675, 0.009708737864077669 0.004368932038834952 0.0036407766990291263],
[1, 0.0270384, 30020.848556031284, 0.007281553398058253, 0.002912621359223301, 0.003155339805825243],
[2, 0.052896201000000004, 29604.04518661535, 0.0024271844660194173, 0.002912621359223301, 0.004611650485436893],
[3, 0.078676301, 29304.777323351496, 0.0024271844660194173, 0.0033980582524271844, 0.0024271844660194173],
[4, 0.10459650200000001, 29399.48131518168, 0.0, 0.0014563106796116505, 0.004126213592233009],
[5, 0.129168802, 29230.555085695956, 0.0048543689320388345, 0.0033980582524271844, 0.0038834951456310682],
[6, 0.154859802, 29373.528674829562, 0.0048543689320388345, 0.0019417475728155341, 0.003155339805825243],
[7, 0.180721201, 29214.550726154972, 0.0, 0.002912621359223301, 0.0026699029126213596],
[8, 0.205900601, 29362.870934998908, 0.0, 0.002912621359223301, 0.0036407766990291263],
[9, 0.23171329999999998, 29202.509920307526, 0.0, 0.0024271844660194173, 0.003155339805825243],
[10, 0.258772901, 29352.302923749605, 0.0048543689320388345, 0.005339805825242719, 0.005339805825242719],
[11, 0.284132901, 29194.4834721624, 0.0048543689320388345, 0.005339805825242719, 0.0048543689320388345],
[12, 0.3094369, 29340.045762873036, 0.0, 0.0033980582524271844, 0.0033980582524271844],
[13, 0.3356325, 29189.22696545976, 0.0048543689320388345, 0.002912621359223301, 0.0033980582524271844],
[14, 0.3618143, 29327.14742016718, 0.009708737864077669, 0.009223300970873786, 0.006796116504854369],
[15, 0.3891666, 29185.560588534107, 0.009708737864077669, 0.005339805825242719, 0.00558252427184466],
[16, 0.414620799, 29314.47304822118, 0.012135922330097087, 0.013592233009708738, 0.00849514563106796],
[17, 0.440305399, 29182.695381230547, 0.012135922330097087, 0.010194174757281554, 0.00849514563106796],
[18, 0.467136999, 29302.59497083806, 0.009708737864077669, 0.008737864077669903, 0.008009708737864078],
[19, 0.493059099, 29180.92129803198, 0.009708737864077669, 0.010194174757281554, 0.009708737864077669],
[20, 0.519256299, 29291.063630259014, 0.007281553398058253, 0.01116504854368932, 0.009951456310679611],
[21, 0.5462507000000001, 29179.664301255605, 0.02912621359223301, 0.013592233009708738, 0.009951456310679611],
[22, 0.5723272010000001, 29280.320625960157, 0.014563106796116505, 0.009708737864077669, 0.007281553398058253],
[23, 0.5970107010000001, 29178.47067513495, 0.01699029126213592, 0.015048543689320388, 0.012135922330097087],
[24, 0.6228646000000001, 29270.703092240983, 0.021844660194174758, 0.013592233009708738, 0.011893203883495147],
[25, 0.6493349990000001, 29177.78932011257, 0.03398058252427184, 0.016019417475728156, 0.013349514563106795],
[26, 0.6760249990000001, 29261.63088214888, 0.012135922330097087, 0.010194174757281554, 0.009708737864077669],
[27, 0.7009670990000001, 29177.148086010453, 0.024271844660194174, 0.01407766990291262, 0.012378640776699028],
[28, 0.7274401990000001, 29253.486766427184, 0.019417475728155338, 0.015533980582524273, 0.011407766990291262],
[29, 0.7537743990000001, 29176.902329866698, 0.024271844660194174, 0.015533980582524273, 0.01383495145631068],
[30, 0.7793398990000001, 29245.799148239184, 0.012135922330097087, 0.009223300970873786, 0.008737864077669903],
[31, 0.8078545980000001, 29176.44829669324, 0.02669902912621359, 0.016504854368932037, 0.012621359223300972],
[32, 0.8341471970000002, 29239.1052721178, 0.021844660194174758, 0.015048543689320388, 0.009223300970873786],
[33, 0.8590268980000002, 29176.4255873755, 0.02912621359223301, 0.021359223300970877, 0.016504854368932037],
[34, 0.8850334980000002, 29232.6755468368, 0.024271844660194174, 0.013106796116504855, 0.012135922330097087],
[35, 0.9123153980000002, 29176.118984538844, 0.03398058252427184, 0.014563106796116505, 0.012378640776699028],
[36, 0.9378585980000002, 29227.164304732687, 0.0048543689320388345, 0.013106796116504855, 0.010194174757281554],
[37, 0.9627755980000001, 29176.108923505333, 0.03155339805825243, 0.016504854368932037, 0.014805825242718446],
[38, 0.9901633990000002, 29221.923132804844, 0.014563106796116505, 0.01116504854368932, 0.008980582524271846],
[39, 1.0152697990000001, 29175.852832127333, 0.021844660194174758, 0.012135922330097087, 0.013106796116504855],
[40, 1.042048099, 29217.4402559994, 0.014563106796116505, 0.013592233009708738, 0.011407766990291262],
[41, 1.0676734, 29175.86095575116, 0.02669902912621359, 0.014563106796116505, 0.013106796116504855],
[42, 1.0939362000000001, 29213.15722546788, 0.01699029126213592, 0.008737864077669903, 0.0077669902912621365],
[43, 1.1264197, 29175.64680121468, 0.01699029126213592, 0.010679611650485438, 0.010922330097087379],
[44, 1.152684201, 29209.51322821908, 0.01699029126213592, 0.013592233009708738, 0.011650485436893204],
[45, 1.1777125, 29175.65982969275, 0.03398058252427184, 0.017475728155339806, 0.012864077669902912],
[46, 1.2036727, 29206.018623077525, 0.014563106796116505, 0.013106796116504855, 0.010679611650485438],
[47, 1.2308414, 29175.472159663255, 0.01699029126213592, 0.013106796116504855, 0.010436893203883494],
[48, 1.2562287, 29203.06408084439, 0.019417475728155338, 0.012135922330097087, 0.010194174757281554],
[49, 1.2834842000000002, 29175.48644540278, 0.02669902912621359, 0.014563106796116505, 0.010922330097087379],
[50, 1.309017201, 29200.214083285788, 0.01699029126213592, 0.011650485436893204, 0.011650485436893204],
[51, 1.3355352010000001, 29175.341810750033, 0.01699029126213592, 0.017475728155339806, 0.014563106796116505],
[52, 1.3628239020000001, 29197.799790757446, 0.02912621359223301, 0.013106796116504855, 0.009708737864077669],
[53, 1.3883430010000002, 29175.3465131789, 0.024271844660194174, 0.016504854368932037, 0.011893203883495147],
[54, 1.414308802, 29195.48566112104, 0.012135922330097087, 0.013106796116504855, 0.010679611650485438],
[55, 1.4448777030000002, 29175.225558855407, 0.01699029126213592, 0.009223300970873786, 0.009466019417475728],
[56, 1.4710904040000001, 29193.522399698824, 0.024271844660194174, 0.013592233009708738, 0.011407766990291262],
[57, 1.497616905, 29175.225094818867, 0.01699029126213592, 0.012621359223300972, 0.01116504854368932],
[58, 1.5235513040000002, 29191.641823685877, 0.007281553398058253, 0.013592233009708738, 0.010194174757281554],
[59, 1.549934804, 29175.141304493158, 0.02912621359223301, 0.017475728155339806, 0.014805825242718446],
[60, 1.576153304, 29190.02806558896, 0.024271844660194174, 0.010679611650485438, 0.009223300970873786],
[61, 1.602994804, 29175.136651884543, 0.021844660194174758, 0.015533980582524273, 0.011650485436893204],
[62, 1.627857604, 29188.50069472399, 0.012135922330097087, 0.009708737864077669, 0.008009708737864078],
[63, 1.655652004, 29175.061582853752, 0.007281553398058253, 0.010194174757281554, 0.008252427184466019],
[64, 1.681802403, 29187.193098805303, 0.021844660194174758, 0.013592233009708738, 0.010679611650485438],
[65, 1.712867702, 29175.056672405717, 0.01699029126213592, 0.01116504854368932, 0.009951456310679611],
[66, 1.738271501, 29185.950217472215, 0.02669902912621359, 0.016504854368932037, 0.012864077669902912],
[67, 1.7669744010000001, 29175.004631381682, 0.019417475728155338, 0.01407766990291262, 0.010194174757281554],
[68, 1.7945161010000001, 29184.876111177753, 0.021844660194174758, 0.015533980582524273, 0.011650485436893204],
[69, 1.820404002, 29175.000923122596, 0.024271844660194174, 0.015533980582524273, 0.012135922330097087],
[70, 1.846007501, 29183.863449955745, 0.014563106796116505, 0.011650485436893204, 0.009223300970873786],
[71, 1.8715850010000001, 29174.94982816217, 0.007281553398058253, 0.008737864077669903, 0.008980582524271846],
[72, 1.8972758010000002, 29182.997265943573, 0.02912621359223301, 0.016019417475728156, 0.012621359223300972],
[73, 1.9233857010000002, 29174.945455755857, 0.012135922330097087, 0.01116504854368932, 0.009708737864077669],
[74, 1.9488701000000002, 29182.17383477686, 0.01699029126213592, 0.01116504854368932, 0.008737864077669903],
[75, 1.975035099, 29174.91288158148, 0.0048543689320388345, 0.010679611650485438, 0.009708737864077669],
[76, 2.0005926990000003, 29181.4592990781, 0.014563106796116505, 0.016019417475728156, 0.012135922330097087],
[77, 2.0301423, 29174.9077044437, 0.019417475728155338, 0.012621359223300972, 0.010679611650485438],
[78, 2.056161199, 29180.790213885044, 0.02669902912621359, 0.016019417475728156, 0.011893203883495147],
[79, 2.083841199, 29174.876634596476, 0.019417475728155338, 0.010194174757281554, 0.010194174757281554],
[80, 2.110225299, 29180.21276733059, 0.012135922330097087, 0.01116504854368932, 0.010194174757281554],
[81, 2.1369100000000003, 29174.870923705188, 0.014563106796116505, 0.013592233009708738, 0.010922330097087379],
[82, 2.163648799, 29179.669285870365, 0.012135922330097087, 0.013592233009708738, 0.011407766990291262],
[83, 2.189476698, 29174.852184718224, 0.014563106796116505, 0.010194174757281554, 0.008009708737864078],
[84, 2.217246499, 29179.19239083633, 0.02669902912621359, 0.018932038834951457, 0.01383495145631068],
[85, 2.243682899, 29174.846438555127, 0.019417475728155338, 0.013592233009708738, 0.008980582524271846],
[86, 2.270880999, 29178.750816062024, 0.03155339805825243, 0.015533980582524273, 0.011407766990291262],
[87, 2.295951298, 29174.827638944193, 0.02669902912621359, 0.015048543689320388, 0.012378640776699028],
[88, 2.321059698, 29178.36591485892, 0.02912621359223301, 0.013592233009708738, 0.010679611650485438],
[89, 2.347248599, 29174.822291815344, 0.019417475728155338, 0.015533980582524273, 0.010679611650485438],
[90, 2.371945399, 29178.006915330236, 0.021844660194174758, 0.01407766990291262, 0.010194174757281554],
[91, 2.400228898, 29174.811145894546, 0.012135922330097087, 0.011650485436893204, 0.009466019417475728],
[92, 2.425043598, 29177.689244674435, 0.019417475728155338, 0.013106796116504855, 0.01116504854368932],
[93, 2.451635198, 29174.806337531103, 0.019417475728155338, 0.012135922330097087, 0.009708737864077669],
[94, 2.476759298, 29177.397297307358, 0.014563106796116505, 0.010679611650485438, 0.008252427184466019],
[95, 2.502089798, 29174.79428242471, 0.007281553398058253, 0.009708737864077669, 0.00849514563106796],
[96, 2.528199398, 29177.141526592502, 0.014563106796116505, 0.010194174757281554, 0.008252427184466019],
[97, 2.5534591989999997, 29174.79102048744, 0.019417475728155338, 0.009223300970873786, 0.0077669902912621365],
[98, 2.5796465979999996, 29176.903077011622, 0.024271844660194174, 0.014563106796116505, 0.010436893203883494],
[99, 2.6059148989999996, 29174.783100451317, 0.021844660194174758, 0.01116504854368932, 0.008252427184466019],
[100, 2.630599098, 29176.692854719586, 0.019417475728155338, 0.009223300970873786, 0.008009708737864078],
[101, 2.657062399, 29174.77988360177, 0.01699029126213592, 0.010679611650485438, 0.008252427184466019],
[102, 2.6842133, 29176.49919576393, 0.009708737864077669, 0.009223300970873786, 0.00849514563106796],
[103, 2.710053801, 29174.772391870472, 0.0048543689320388345, 0.009223300970873786, 0.008009708737864078],
[104, 2.734747802, 29176.329008029647, 0.007281553398058253, 0.010679611650485438, 0.00849514563106796],
[105, 2.7611989009999998, 29174.769531178266, 0.01699029126213592, 0.009708737864077669, 0.009466019417475728],
[106, 2.786111202, 29176.171513197372, 0.024271844660194174, 0.014563106796116505, 0.009466019417475728],
[107, 2.816094502, 29174.764991161253, 0.01699029126213592, 0.011650485436893204, 0.009223300970873786],
[108, 2.842034703, 29176.031332925486, 0.01699029126213592, 0.014563106796116505, 0.012135922330097087],
[109, 2.867645502, 29174.76224699529, 0.021844660194174758, 0.012621359223300972, 0.012135922330097087],
[110, 2.892327903, 29175.903464919214, 0.024271844660194174, 0.01116504854368932, 0.010436893203883494],
[111, 2.918128602, 29174.757765083436, 0.012135922330097087, 0.01116504854368932, 0.011407766990291262],
[112, 2.950634202, 29175.79007149505, 0.007281553398058253, 0.006310679611650486, 0.006796116504854369],
[113, 2.976003601, 29174.75570437018, 0.021844660194174758, 0.013106796116504855, 0.009466019417475728],
[114, 3.000776601, 29175.685748754997, 0.0048543689320388345, 0.014563106796116505, 0.010922330097087379],
[115, 3.027310201, 29174.752683828086, 0.014563106796116505, 0.01116504854368932, 0.009466019417475728],
[116, 3.055395401, 29175.592757150825, 0.01699029126213592, 0.009708737864077669, 0.009466019417475728],
[117, 3.081790101, 29174.75072196526, 0.01699029126213592, 0.009708737864077669, 0.008737864077669903],
[118, 3.1072166, 29175.50806985908, 0.007281553398058253, 0.010679611650485438, 0.008252427184466019],
[119, 3.133342801, 29174.748079652163, 0.014563106796116505, 0.0077669902912621365, 0.00849514563106796],
[120, 3.159335801, 29175.43251077258, 0.019417475728155338, 0.010194174757281554, 0.0077669902912621365],
[121, 3.186266801, 29174.746201493337, 0.01699029126213592, 0.009708737864077669, 0.00703883495145631],
