rank: 30, ratio of 0 vs 1: 3, lambda:3, learning_rate: 0.3
iter time objective_function precision@K = 1, 5, 10
[0,29586.601682657845, 0.009708737864077669 0.004368932038834952 0.0036407766990291263],
[1, 0.026088699, 29456.60769622048, 0.0048543689320388345, 0.0024271844660194173, 0.0026699029126213596],
[2, 0.053051998, 29418.89338250462, 0.0024271844660194173, 0.004368932038834952, 0.0038834951456310682],
[3, 0.07898339800000001, 29396.907508599652, 0.012135922330097087, 0.0048543689320388345, 0.0036407766990291263],
[4, 0.106688498, 29381.633703469357, 0.012135922330097087, 0.005339805825242719, 0.004126213592233009],
[5, 0.13413439900000002, 29369.86125153859, 0.012135922330097087, 0.005339805825242719, 0.005339805825242719],
[6, 0.16408959900000003, 29362.01257488445, 0.007281553398058253, 0.0048543689320388345, 0.005339805825242719],
[7, 0.19327999900000004, 29355.999379429588, 0.012135922330097087, 0.005339805825242719, 0.005097087378640777],
[8, 0.21951999900000002, 29351.36090580924, 0.009708737864077669, 0.005339805825242719, 0.0048543689320388345],
[9, 0.24649610000000002, 29346.832004522832, 0.009708737864077669, 0.005339805825242719, 0.0048543689320388345],
[10, 0.2720555, 29344.59296517823, 0.007281553398058253, 0.005339805825242719, 0.005097087378640777],
[11, 0.297760901, 29343.161059826398, 0.007281553398058253, 0.005339805825242719, 0.005339805825242719],
[12, 0.325680002, 29341.730916477245, 0.007281553398058253, 0.005339805825242719, 0.005339805825242719],
[13, 0.35269450100000005, 29340.356347384786, 0.007281553398058253, 0.005339805825242719, 0.00558252427184466],
[14, 0.38007940100000004, 29339.72218087042, 0.007281553398058253, 0.005339805825242719, 0.00558252427184466],
[15, 0.41120450000000003, 29339.134007715933, 0.007281553398058253, 0.0048543689320388345, 0.00558252427184466],
[16, 0.43874260000000004, 29338.639468648365, 0.007281553398058253, 0.0048543689320388345, 0.00558252427184466],
[17, 0.46616290000000005, 29338.44981143932, 0.007281553398058253, 0.0048543689320388345, 0.00558252427184466],
[18, 0.49560480000000007, 29338.238047259867, 0.007281553398058253, 0.0048543689320388345, 0.00558252427184466],
[19, 0.522244299, 29338.04912783336, 0.007281553398058253, 0.0048543689320388345, 0.00558252427184466],
[20, 0.550032498, 29337.76352950182, 0.007281553398058253, 0.005339805825242719, 0.00558252427184466],
[21, 0.585317297, 29337.83194380982, 0.007281553398058253, 0.005339805825242719, 0.00558252427184466],
[22, 0.612823396, 29337.868568462596, 0.007281553398058253, 0.005339805825242719, 0.00558252427184466],
[23, 0.640441395, 29337.782723372293, 0.007281553398058253, 0.005339805825242719, 0.00558252427184466],
[24, 0.6673590939999999, 29337.193889950344, 0.007281553398058253, 0.0048543689320388345, 0.00558252427184466],
[25, 0.6951169949999999, 29337.35266592926, 0.007281553398058253, 0.0048543689320388345, 0.00558252427184466],
[26, 0.7218970949999999, 29337.5181342786, 0.007281553398058253, 0.005339805825242719, 0.00558252427184466],
[27, 0.7490237949999998, 29337.316807249397, 0.007281553398058253, 0.0048543689320388345, 0.00558252427184466],
[28, 0.7768473949999998, 29337.5084471247, 0.007281553398058253, 0.0048543689320388345, 0.00558252427184466],
[29, 0.8015003949999998, 29337.26414460183, 0.007281553398058253, 0.0048543689320388345, 0.00558252427184466],
[30, 0.8285464949999998, 29337.29544297366, 0.007281553398058253, 0.0048543689320388345, 0.00558252427184466],
[31, 0.8560916959999998, 29337.044568436093, 0.007281553398058253, 0.0048543689320388345, 0.00558252427184466],
[32, 0.8821604949999998, 29337.1111849978, 0.007281553398058253, 0.0048543689320388345, 0.00558252427184466],
[33, 0.9089038949999998, 29337.24365252541, 0.007281553398058253, 0.0048543689320388345, 0.00558252427184466],
[34, 0.9370985949999998, 29337.015255576287, 0.007281553398058253, 0.0048543689320388345, 0.00558252427184466],
[35, 0.9654644939999998, 29336.937498205854, 0.007281553398058253, 0.0048543689320388345, 0.00558252427184466],
[36, 0.9917341939999997, 29337.23001270739, 0.007281553398058253, 0.0048543689320388345, 0.00558252427184466],
[37, 1.0180141949999997, 29337.464492466945, 0.007281553398058253, 0.0048543689320388345, 0.00558252427184466],
[38, 1.0445887949999997, 29336.9081597521, 0.007281553398058253, 0.0048543689320388345, 0.00558252427184466],
[39, 1.0703455949999996, 29337.19287289791, 0.007281553398058253, 0.0048543689320388345, 0.00558252427184466],
[40, 1.0977963949999996, 29337.006634595902, 0.007281553398058253, 0.0048543689320388345, 0.00558252427184466],
[41, 1.1263531939999996, 29337.194629245136, 0.007281553398058253, 0.0048543689320388345, 0.00558252427184466],
[42, 1.1535199939999996, 29337.423524591555, 0.007281553398058253, 0.0048543689320388345, 0.00558252427184466],
[43, 1.1809575929999996, 29337.471925318772, 0.007281553398058253, 0.0048543689320388345, 0.00558252427184466],
[44, 1.2081817939999995, 29337.385424319924, 0.007281553398058253, 0.0048543689320388345, 0.00558252427184466],
[45, 1.2350743939999995, 29337.21597734598, 0.007281553398058253, 0.0048543689320388345, 0.00558252427184466],
[46, 1.2629411939999995, 29337.475742844323, 0.007281553398058253, 0.0048543689320388345, 0.00558252427184466],
[47, 1.2891995939999994, 29337.186351596964, 0.007281553398058253, 0.0048543689320388345, 0.00558252427184466],
[48, 1.3156013929999995, 29337.060715745756, 0.007281553398058253, 0.0048543689320388345, 0.00558252427184466],
[49, 1.3408947929999995, 29337.254811477866, 0.007281553398058253, 0.0048543689320388345, 0.00558252427184466],
[50, 1.3683731939999995, 29337.584561261483, 0.007281553398058253, 0.0048543689320388345, 0.00558252427184466],
[51, 1.3943668929999995, 29337.570936238288, 0.007281553398058253, 0.0048543689320388345, 0.00558252427184466],
[52, 1.4218615939999995, 29337.38819945097, 0.007281553398058253, 0.0048543689320388345, 0.00558252427184466],
[53, 1.4480283939999994, 29337.51295042938, 0.007281553398058253, 0.0048543689320388345, 0.00558252427184466],
[54, 1.4762076939999993, 29337.448619517334, 0.007281553398058253, 0.0048543689320388345, 0.00558252427184466],
[55, 1.5062242939999992, 29337.213204276464, 0.007281553398058253, 0.0048543689320388345, 0.00558252427184466],
[56, 1.5331785949999992, 29337.35844768881, 0.007281553398058253, 0.0048543689320388345, 0.00558252427184466],
[57, 1.5598455949999992, 29337.240139202368, 0.007281553398058253, 0.0048543689320388345, 0.00558252427184466],
[58, 1.5894291949999992, 29337.282057385106, 0.007281553398058253, 0.0048543689320388345, 0.00558252427184466],
[59, 1.6149429959999992, 29337.30048947113, 0.007281553398058253, 0.0048543689320388345, 0.00558252427184466],
[60, 1.6408872969999992, 29337.102592075746, 0.007281553398058253, 0.0048543689320388345, 0.00558252427184466],
[61, 1.6656046969999991, 29337.43013198269, 0.007281553398058253, 0.0048543689320388345, 0.00558252427184466],
[62, 1.6943929969999991, 29336.906092100016, 0.007281553398058253, 0.0048543689320388345, 0.00558252427184466],
[63, 1.7214458959999992, 29337.11471567814, 0.007281553398058253, 0.0048543689320388345, 0.00558252427184466],
[64, 1.7505646959999992, 29337.539743739624, 0.007281553398058253, 0.0048543689320388345, 0.00558252427184466],
[65, 1.776976494999999, 29337.195254494774, 0.007281553398058253, 0.0048543689320388345, 0.00558252427184466],
[66, 1.804844394999999, 29337.511318690937, 0.007281553398058253, 0.0048543689320388345, 0.00558252427184466],
[67, 1.829756694999999, 29337.196809579455, 0.007281553398058253, 0.0048543689320388345, 0.00558252427184466],
[68, 1.858004593999999, 29337.066805275525, 0.007281553398058253, 0.0048543689320388345, 0.00558252427184466],
[69, 1.8887101939999988, 29337.436850792823, 0.007281553398058253, 0.0048543689320388345, 0.00558252427184466],
[70, 1.915753793999999, 29337.146280816916, 0.007281553398058253, 0.0048543689320388345, 0.00558252427184466],
[71, 1.9440814939999989, 29337.354137206203, 0.007281553398058253, 0.0048543689320388345, 0.00558252427184466],
[72, 1.972132493999999, 29337.267066824355, 0.007281553398058253, 0.0048543689320388345, 0.00558252427184466],
[73, 1.997713492999999, 29337.29556412445, 0.007281553398058253, 0.0048543689320388345, 0.00558252427184466],
[74, 2.0242635919999987, 29337.29644655388, 0.007281553398058253, 0.0048543689320388345, 0.00558252427184466],
[75, 2.0510555919999987, 29337.087467340207, 0.007281553398058253, 0.0048543689320388345, 0.00558252427184466],
[76, 2.0805423909999985, 29337.330006051234, 0.007281553398058253, 0.0048543689320388345, 0.00558252427184466],
[77, 2.1091652899999986, 29337.243023725987, 0.007281553398058253, 0.0048543689320388345, 0.00558252427184466],
[78, 2.1367314899999985, 29336.939097313258, 0.007281553398058253, 0.0048543689320388345, 0.00558252427184466],
[79, 2.1635109899999985, 29337.36218283758, 0.007281553398058253, 0.0048543689320388345, 0.00558252427184466],
[80, 2.1896185899999985, 29337.1897885466, 0.007281553398058253, 0.0048543689320388345, 0.00558252427184466],
[81, 2.2166096889999984, 29337.497832781733, 0.007281553398058253, 0.0048543689320388345, 0.00558252427184466],
[82, 2.2441651879999984, 29337.24211068532, 0.007281553398058253, 0.0048543689320388345, 0.00558252427184466],
[83, 2.2744112879999983, 29337.29292238043, 0.007281553398058253, 0.0048543689320388345, 0.00558252427184466],
[84, 2.3030559889999984, 29337.431790397142, 0.007281553398058253, 0.0048543689320388345, 0.00558252427184466],
[85, 2.3320113879999984, 29337.24561101077, 0.007281553398058253, 0.0048543689320388345, 0.00558252427184466],
[86, 2.3584386879999983, 29337.200147244286, 0.007281553398058253, 0.0048543689320388345, 0.00558252427184466],
[87, 2.3852630879999985, 29337.48503805861, 0.007281553398058253, 0.0048543689320388345, 0.00558252427184466],
[88, 2.4120993879999983, 29337.20071733042, 0.007281553398058253, 0.0048543689320388345, 0.00558252427184466],
[89, 2.4379225879999984, 29337.277153628893, 0.007281553398058253, 0.0048543689320388345, 0.00558252427184466],
[90, 2.4651924879999982, 29337.218528887784, 0.007281553398058253, 0.0048543689320388345, 0.00558252427184466],
[91, 2.494075287999998, 29337.325893430712, 0.007281553398058253, 0.0048543689320388345, 0.00558252427184466],
[92, 2.521706587999998, 29337.420884525858, 0.007281553398058253, 0.0048543689320388345, 0.00558252427184466],
[93, 2.547435986999998, 29337.28532302013, 0.007281553398058253, 0.0048543689320388345, 0.00558252427184466],
[94, 2.574029587999998, 29337.1524931282, 0.007281553398058253, 0.0048543689320388345, 0.00558252427184466],
[95, 2.599232787999998, 29337.148675570457, 0.007281553398058253, 0.0048543689320388345, 0.00558252427184466],
[96, 2.625916187999998, 29337.360150422617, 0.007281553398058253, 0.0048543689320388345, 0.00558252427184466],
[97, 2.653175187999998, 29337.064784426133, 0.007281553398058253, 0.0048543689320388345, 0.00558252427184466],
[98, 2.6827688869999977, 29337.55006783402, 0.007281553398058253, 0.0048543689320388345, 0.00558252427184466],
[99, 2.712410486999998, 29337.139666173345, 0.007281553398058253, 0.0048543689320388345, 0.00558252427184466],
[100, 2.7387938869999977, 29337.529974158835, 0.007281553398058253, 0.0048543689320388345, 0.00558252427184466],
[101, 2.764316187999998, 29337.589996757557, 0.007281553398058253, 0.0048543689320388345, 0.00558252427184466],
[102, 2.790764787999998, 29337.192456010052, 0.007281553398058253, 0.0048543689320388345, 0.00558252427184466],
[103, 2.818531088999998, 29336.963284279376, 0.007281553398058253, 0.0048543689320388345, 0.00558252427184466],
[104, 2.846443988999998, 29337.30029018235, 0.007281553398058253, 0.0048543689320388345, 0.00558252427184466],
[105, 2.875026688999998, 29337.31377516721, 0.007281553398058253, 0.0048543689320388345, 0.00558252427184466],
[106, 2.901933487999998, 29337.58374871603, 0.007281553398058253, 0.0048543689320388345, 0.00558252427184466],
[107, 2.9290925869999977, 29337.27005368032, 0.007281553398058253, 0.0048543689320388345, 0.00558252427184466],
[108, 2.9558242869999978, 29337.238379031158, 0.007281553398058253, 0.0048543689320388345, 0.00558252427184466],
[109, 2.983045686999998, 29337.580422483185, 0.007281553398058253, 0.0048543689320388345, 0.00558252427184466],
[110, 3.010845086999998, 29336.945842276178, 0.007281553398058253, 0.0048543689320388345, 0.00558252427184466],
[111, 3.040339486999998, 29336.99170157746, 0.007281553398058253, 0.0048543689320388345, 0.00558252427184466],
[112, 3.065676285999998, 29337.274812551746, 0.007281553398058253, 0.0048543689320388345, 0.00558252427184466],
[113, 3.0927850849999983, 29337.148317243118, 0.007281553398058253, 0.0048543689320388345, 0.00558252427184466],
[114, 3.119676985999998, 29337.155972951048, 0.007281553398058253, 0.0048543689320388345, 0.00558252427184466],
[115, 3.1473845849999984, 29337.479745800214, 0.007281553398058253, 0.0048543689320388345, 0.00558252427184466],
[116, 3.1728756859999985, 29337.486509084432, 0.007281553398058253, 0.0048543689320388345, 0.00558252427184466],
[117, 3.2021967849999986, 29337.337598893508, 0.007281553398058253, 0.0048543689320388345, 0.00558252427184466],
[118, 3.228432884999999, 29337.396818237023, 0.007281553398058253, 0.0048543689320388345, 0.00558252427184466],
[119, 3.2558522849999987, 29336.86657447174, 0.007281553398058253, 0.0048543689320388345, 0.00558252427184466],
[120, 3.2823113849999985, 29337.1486897146, 0.007281553398058253, 0.0048543689320388345, 0.00558252427184466],
[121, 3.3076611849999984, 29337.054479545004, 0.007281553398058253, 0.0048543689320388345, 0.00558252427184466],
