rank: 30, ratio of 0 vs 1: 3, lambda:2, learning_rate: 0.3
iter time objective_function precision@K = 1, 5, 10
[0,29449.377758687373, 0.009708737864077669 0.004368932038834952 0.0036407766990291263],
[1, 0.027715599, 29380.095938449314, 0.0048543689320388345, 0.0038834951456310682, 0.0036407766990291263],
[2, 0.054160999, 29354.58976790808, 0.009708737864077669, 0.0033980582524271844, 0.003155339805825243],
[3, 0.083771599, 29341.155772481852, 0.009708737864077669, 0.0048543689320388345, 0.0038834951456310682],
[4, 0.10974209900000001, 29332.925342557985, 0.007281553398058253, 0.005825242718446602, 0.004126213592233009],
[5, 0.140233, 29325.916870450154, 0.007281553398058253, 0.006310679611650486, 0.004611650485436893],
[6, 0.168800601, 29322.513390497534, 0.0048543689320388345, 0.0048543689320388345, 0.005339805825242719],
[7, 0.196744001, 29319.47108135329, 0.007281553398058253, 0.004368932038834952, 0.0048543689320388345],
[8, 0.227262102, 29317.411800290607, 0.009708737864077669, 0.004368932038834952, 0.004611650485436893],
[9, 0.257740802, 29313.428248457643, 0.009708737864077669, 0.004368932038834952, 0.004368932038834952],
[10, 0.289934802, 29312.643596445505, 0.009708737864077669, 0.004368932038834952, 0.004368932038834952],
[11, 0.321082102, 29312.81639373364, 0.009708737864077669, 0.0048543689320388345, 0.004611650485436893],
[12, 0.34904030199999997, 29312.166141527847, 0.007281553398058253, 0.0048543689320388345, 0.0048543689320388345],
[13, 0.383162001, 29310.79705412698, 0.007281553398058253, 0.0048543689320388345, 0.0048543689320388345],
[14, 0.41059450099999995, 29310.99187873232, 0.007281553398058253, 0.0048543689320388345, 0.005339805825242719],
[15, 0.4378850999999999, 29310.678150005955, 0.007281553398058253, 0.005339805825242719, 0.005339805825242719],
[16, 0.4690750999999999, 29310.49570058749, 0.007281553398058253, 0.005339805825242719, 0.005339805825242719],
[17, 0.49763600099999994, 29310.559729690747, 0.007281553398058253, 0.005339805825242719, 0.00558252427184466],
[18, 0.5286884009999999, 29310.46343976778, 0.007281553398058253, 0.005339805825242719, 0.005339805825242719],
[19, 0.559187802, 29310.495392779325, 0.007281553398058253, 0.005339805825242719, 0.00558252427184466],
[20, 0.588007002, 29310.127014946123, 0.007281553398058253, 0.005339805825242719, 0.005825242718446602],
[21, 0.616366502, 29310.457556643072, 0.007281553398058253, 0.005339805825242719, 0.00558252427184466],
[22, 0.645336303, 29310.62777859439, 0.007281553398058253, 0.005339805825242719, 0.005825242718446602],
[23, 0.674640503, 29310.560031154564, 0.007281553398058253, 0.005339805825242719, 0.00558252427184466],
[24, 0.701896003, 29309.37971325953, 0.007281553398058253, 0.005339805825242719, 0.005825242718446602],
[25, 0.733391604, 29309.819765552606, 0.007281553398058253, 0.005339805825242719, 0.00558252427184466],
[26, 0.760328605, 29310.165011046276, 0.007281553398058253, 0.005339805825242719, 0.00558252427184466],
[27, 0.790863905, 29309.833311858514, 0.007281553398058253, 0.005339805825242719, 0.00558252427184466],
[28, 0.823000605, 29310.24442486875, 0.007281553398058253, 0.005339805825242719, 0.00558252427184466],
[29, 0.850422204, 29309.662581741282, 0.007281553398058253, 0.005339805825242719, 0.00558252427184466],
[30, 0.883082104, 29309.886152404968, 0.007281553398058253, 0.005339805825242719, 0.00558252427184466],
[31, 0.910691905, 29309.166820935017, 0.007281553398058253, 0.005339805825242719, 0.00558252427184466],
[32, 0.941175706, 29309.26299516586, 0.007281553398058253, 0.005339805825242719, 0.00558252427184466],
[33, 0.968150006, 29309.75302439646, 0.007281553398058253, 0.005339805825242719, 0.00558252427184466],
[34, 0.996338906, 29309.11105366948, 0.007281553398058253, 0.005339805825242719, 0.00558252427184466],
[35, 1.023289406, 29309.139266042064, 0.007281553398058253, 0.005339805825242719, 0.00558252427184466],
[36, 1.052202906, 29309.699802906176, 0.007281553398058253, 0.005339805825242719, 0.00558252427184466],
[37, 1.080307406, 29310.13550159285, 0.007281553398058253, 0.005339805825242719, 0.00558252427184466],
[38, 1.1079345059999999, 29308.85510372262, 0.007281553398058253, 0.005339805825242719, 0.00558252427184466],
[39, 1.1401545059999998, 29309.548933923543, 0.007281553398058253, 0.005339805825242719, 0.00558252427184466],
[40, 1.1708504059999998, 29309.250092734757, 0.007281553398058253, 0.005339805825242719, 0.00558252427184466],
[41, 1.1995873049999999, 29309.78214038285, 0.007281553398058253, 0.005339805825242719, 0.00558252427184466],
[42, 1.2335583039999998, 29310.22173994666, 0.007281553398058253, 0.005339805825242719, 0.00558252427184466],
[43, 1.2666195039999997, 29310.059430790403, 0.007281553398058253, 0.005339805825242719, 0.00558252427184466],
[44, 1.2935944049999997, 29310.031630586687, 0.007281553398058253, 0.005339805825242719, 0.00558252427184466],
[45, 1.3290189049999996, 29309.783614642194, 0.007281553398058253, 0.005339805825242719, 0.00558252427184466],
[46, 1.3571723049999997, 29310.021573364018, 0.007281553398058253, 0.005339805825242719, 0.00558252427184466],
[47, 1.3882296049999998, 29309.572791975632, 0.007281553398058253, 0.005339805825242719, 0.00558252427184466],
[48, 1.417322104, 29309.26857011256, 0.007281553398058253, 0.005339805825242719, 0.00558252427184466],
[49, 1.4486626029999998, 29309.829655829308, 0.007281553398058253, 0.005339805825242719, 0.00558252427184466],
[50, 1.4765253019999998, 29310.354086509993, 0.007281553398058253, 0.005339805825242719, 0.00558252427184466],
[51, 1.5027356009999997, 29310.579537336995, 0.007281553398058253, 0.005339805825242719, 0.00558252427184466],
[52, 1.5317780999999997, 29309.970490827007, 0.007281553398058253, 0.005339805825242719, 0.00558252427184466],
[53, 1.5585478999999998, 29310.229602242533, 0.007281553398058253, 0.005339805825242719, 0.00558252427184466],
[54, 1.5866319989999997, 29310.099703821663, 0.007281553398058253, 0.005339805825242719, 0.00558252427184466],
[55, 1.6215593999999998, 29309.463124329104, 0.007281553398058253, 0.005339805825242719, 0.00558252427184466],
[56, 1.6568185999999998, 29309.85577859404, 0.007281553398058253, 0.005339805825242719, 0.00558252427184466],
[57, 1.6926042, 29309.83196304175, 0.007281553398058253, 0.005339805825242719, 0.00558252427184466],
[58, 1.7214629989999999, 29309.902192125555, 0.007281553398058253, 0.005339805825242719, 0.00558252427184466],
[59, 1.752343, 29309.730959556233, 0.007281553398058253, 0.005339805825242719, 0.00558252427184466],
[60, 1.782838601, 29309.441412727363, 0.007281553398058253, 0.005339805825242719, 0.00558252427184466],
[61, 1.8112826009999998, 29310.042195725735, 0.007281553398058253, 0.005339805825242719, 0.00558252427184466],
[62, 1.8379200019999997, 29309.10649918639, 0.007281553398058253, 0.005339805825242719, 0.00558252427184466],
[63, 1.8673371029999997, 29309.474317808086, 0.007281553398058253, 0.005339805825242719, 0.00558252427184466],
[64, 1.8978926019999998, 29310.207653151752, 0.007281553398058253, 0.005339805825242719, 0.00558252427184466],
[65, 1.9258200029999997, 29309.440025848842, 0.007281553398058253, 0.005339805825242719, 0.00558252427184466],
[66, 1.9532325029999997, 29310.287982831283, 0.007281553398058253, 0.005339805825242719, 0.00558252427184466],
[67, 1.9823763029999997, 29309.569308106446, 0.007281553398058253, 0.005339805825242719, 0.00558252427184466],
[68, 2.012217104, 29309.27374970834, 0.007281553398058253, 0.005339805825242719, 0.00558252427184466],
[69, 2.0415951029999997, 29310.12496081563, 0.007281553398058253, 0.005339805825242719, 0.00558252427184466],
[70, 2.0719660029999996, 29309.632469228654, 0.007281553398058253, 0.005339805825242719, 0.00558252427184466],
[71, 2.1028040019999996, 29309.715705582596, 0.007281553398058253, 0.005339805825242719, 0.00558252427184466],
[72, 2.1289167019999997, 29309.802849363743, 0.007281553398058253, 0.005339805825242719, 0.00558252427184466],
[73, 2.1583111029999995, 29309.76337466882, 0.007281553398058253, 0.005339805825242719, 0.00558252427184466],
[74, 2.1877851039999996, 29309.63926886429, 0.007281553398058253, 0.005339805825242719, 0.00558252427184466],
[75, 2.2165252029999998, 29309.234102744027, 0.007281553398058253, 0.005339805825242719, 0.00558252427184466],
[76, 2.246988803, 29309.906981482196, 0.007281553398058253, 0.005339805825242719, 0.00558252427184466],
[77, 2.2770767029999996, 29309.71458451547, 0.007281553398058253, 0.005339805825242719, 0.00558252427184466],
[78, 2.3074430029999995, 29309.095861975973, 0.007281553398058253, 0.005339805825242719, 0.00558252427184466],
[79, 2.3342659019999994, 29309.768893122888, 0.007281553398058253, 0.005339805825242719, 0.00558252427184466],
[80, 2.365079401999999, 29309.793475304705, 0.007281553398058253, 0.005339805825242719, 0.00558252427184466],
[81, 2.403243501999999, 29310.187699236198, 0.007281553398058253, 0.005339805825242719, 0.00558252427184466],
[82, 2.430623302999999, 29309.685227724298, 0.007281553398058253, 0.005339805825242719, 0.00558252427184466],
[83, 2.463872302999999, 29309.918458728236, 0.007281553398058253, 0.005339805825242719, 0.00558252427184466],
[84, 2.4920106019999992, 29310.15251558225, 0.007281553398058253, 0.005339805825242719, 0.00558252427184466],
[85, 2.5217095019999993, 29309.644677385713, 0.007281553398058253, 0.005339805825242719, 0.00558252427184466],
[86, 2.5547551019999992, 29309.57732601399, 0.007281553398058253, 0.005339805825242719, 0.00558252427184466],
[87, 2.582020301999999, 29310.24635127162, 0.007281553398058253, 0.005339805825242719, 0.00558252427184466],
[88, 2.612924400999999, 29309.553432122073, 0.007281553398058253, 0.005339805825242719, 0.00558252427184466],
[89, 2.639261599999999, 29309.73300789158, 0.007281553398058253, 0.005339805825242719, 0.00558252427184466],
[90, 2.6732756999999987, 29309.646604880196, 0.007281553398058253, 0.005339805825242719, 0.00558252427184466],
[91, 2.7020173999999986, 29309.916173276833, 0.007281553398058253, 0.005339805825242719, 0.00558252427184466],
[92, 2.7360542999999984, 29310.106611383486, 0.007281553398058253, 0.005339805825242719, 0.00558252427184466],
[93, 2.7658537989999985, 29309.789796827, 0.007281553398058253, 0.005339805825242719, 0.00558252427184466],
[94, 2.7958682979999985, 29309.489646833623, 0.007281553398058253, 0.005339805825242719, 0.00558252427184466],
[95, 2.8266922979999984, 29309.35327285929, 0.007281553398058253, 0.005339805825242719, 0.00558252427184466],
[96, 2.8527629979999984, 29310.1390843431, 0.007281553398058253, 0.005339805825242719, 0.00558252427184466],
[97, 2.8799560979999983, 29309.148992032893, 0.007281553398058253, 0.005339805825242719, 0.00558252427184466],
[98, 2.9112265969999984, 29310.39122353836, 0.007281553398058253, 0.005339805825242719, 0.00558252427184466],
[99, 2.9431772979999984, 29309.448557516505, 0.007281553398058253, 0.005339805825242719, 0.00558252427184466],
[100, 2.9733341979999985, 29310.41519280419, 0.007281553398058253, 0.005339805825242719, 0.00558252427184466],
[101, 3.0059742969999985, 29310.361787499027, 0.007281553398058253, 0.005339805825242719, 0.00558252427184466],
[102, 3.0337408969999986, 29309.540865026163, 0.007281553398058253, 0.005339805825242719, 0.00558252427184466],
[103, 3.0621553969999984, 29309.07867016911, 0.007281553398058253, 0.005339805825242719, 0.00558252427184466],
[104, 3.0914086969999985, 29309.819237515243, 0.007281553398058253, 0.005339805825242719, 0.00558252427184466],
[105, 3.1229629979999984, 29309.92973076272, 0.007281553398058253, 0.005339805825242719, 0.00558252427184466],
[106, 3.1488197979999986, 29310.565139110593, 0.007281553398058253, 0.005339805825242719, 0.00558252427184466],
[107, 3.1795011989999984, 29309.551597560585, 0.007281553398058253, 0.005339805825242719, 0.00558252427184466],
[108, 3.2100658979999985, 29309.785383255956, 0.007281553398058253, 0.005339805825242719, 0.00558252427184466],
[109, 3.2390636969999984, 29310.534324818964, 0.007281553398058253, 0.005339805825242719, 0.00558252427184466],
[110, 3.2676890979999986, 29309.057611662673, 0.007281553398058253, 0.005339805825242719, 0.00558252427184466],
[111, 3.296396096999999, 29309.091282325426, 0.007281553398058253, 0.005339805825242719, 0.00558252427184466],
[112, 3.325735696999999, 29309.68865979231, 0.007281553398058253, 0.005339805825242719, 0.00558252427184466],
[113, 3.3541625959999988, 29309.55949682104, 0.007281553398058253, 0.005339805825242719, 0.00558252427184466],
[114, 3.385154495999999, 29309.555878105293, 0.007281553398058253, 0.005339805825242719, 0.00558252427184466],
[115, 3.418160794999999, 29310.185703350675, 0.007281553398058253, 0.005339805825242719, 0.00558252427184466],
[116, 3.448519394999999, 29310.177533089507, 0.007281553398058253, 0.005339805825242719, 0.00558252427184466],
[117, 3.476240494999999, 29309.889933478393, 0.007281553398058253, 0.005339805825242719, 0.00558252427184466],
[118, 3.505362795999999, 29310.20819104669, 0.007281553398058253, 0.005339805825242719, 0.00558252427184466],
[119, 3.5358333969999993, 29308.809523112843, 0.007281553398058253, 0.005339805825242719, 0.00558252427184466],
[120, 3.570368996999999, 29309.427739211365, 0.007281553398058253, 0.005339805825242719, 0.00558252427184466],
[121, 3.598073097999999, 29309.29933239346, 0.007281553398058253, 0.005339805825242719, 0.00558252427184466],
