rank: 30, ratio of 0 vs 1: 3, lambda:8, learning_rate: 0.3
iter time objective_function precision@K = 1, 5, 10
[0,30272.721302510203, 0.009708737864077669 0.004368932038834952 0.0036407766990291263],
[1, 0.0269152, 29862.22786314654, 0.007281553398058253, 0.0033980582524271844, 0.003155339805825243],
[2, 0.051768699, 29533.74665305404, 0.007281553398058253, 0.0048543689320388345, 0.004611650485436893],
[3, 0.078255199, 29276.081129917682, 0.0048543689320388345, 0.004368932038834952, 0.00558252427184466],
[4, 0.104139099, 29309.574580180153, 0.0048543689320388345, 0.0048543689320388345, 0.004368932038834952],
[5, 0.128621898, 29250.039563741113, 0.0048543689320388345, 0.0048543689320388345, 0.005097087378640777],
[6, 0.15597969900000003, 29298.29206143, 0.007281553398058253, 0.006310679611650486, 0.004611650485436893],
[7, 0.18081949900000002, 29240.29755788323, 0.0024271844660194173, 0.0019417475728155341, 0.0026699029126213596],
[8, 0.20887270000000002, 29288.448735822214, 0.0048543689320388345, 0.002912621359223301, 0.0026699029126213596],
[9, 0.235438001, 29232.318400974793, 0.009708737864077669, 0.004368932038834952, 0.004126213592233009],
[10, 0.261860401, 29278.79800722891, 0.0024271844660194173, 0.0024271844660194173, 0.0036407766990291263],
[11, 0.28870090200000004, 29225.493648461135, 0.0024271844660194173, 0.0033980582524271844, 0.0033980582524271844],
[12, 0.31355860100000005, 29269.791262301438, 0.009708737864077669, 0.0077669902912621365, 0.00558252427184466],
[13, 0.33874000100000007, 29219.783603507676, 0.0048543689320388345, 0.0019417475728155341, 0.002912621359223301],
[14, 0.3654404010000001, 29261.245514212715, 0.009708737864077669, 0.005339805825242719, 0.006310679611650486],
[15, 0.3900362010000001, 29215.04537535101, 0.007281553398058253, 0.0019417475728155341, 0.004611650485436893],
[16, 0.41573470000000007, 29253.376543237573, 0.01699029126213592, 0.009223300970873786, 0.008009708737864078],
[17, 0.4405850990000001, 29210.940280615247, 0.009708737864077669, 0.006310679611650486, 0.0048543689320388345],
[18, 0.4666774000000001, 29245.95328547783, 0.012135922330097087, 0.010679611650485438, 0.00849514563106796],
[19, 0.49270710000000006, 29207.19299700922, 0.009708737864077669, 0.005825242718446602, 0.004368932038834952],
[20, 0.5179695990000001, 29239.31556551646, 0.01699029126213592, 0.015048543689320388, 0.011407766990291262],
[21, 0.5440721980000001, 29204.03758823268, 0.0024271844660194173, 0.0024271844660194173, 0.0033980582524271844],
[22, 0.569844899, 29233.121382315952, 0.009708737864077669, 0.009708737864077669, 0.007524271844660194],
[23, 0.595961099, 29201.016267916428, 0.0, 0.0033980582524271844, 0.0036407766990291263],
[24, 0.622862699, 29227.658475762113, 0.024271844660194174, 0.013106796116504855, 0.010679611650485438],
[25, 0.6476587, 29198.426786034575, 0.0048543689320388345, 0.005825242718446602, 0.005339805825242719],
[26, 0.6736038, 29222.57066386645, 0.0048543689320388345, 0.010194174757281554, 0.009223300970873786],
[27, 0.6983653989999999, 29196.24463057318, 0.0024271844660194173, 0.004368932038834952, 0.005339805825242719],
[28, 0.7265832999999999, 29217.827702364746, 0.021844660194174758, 0.015533980582524273, 0.01407766990291262],
[29, 0.7540262999999999, 29194.042147358297, 0.009708737864077669, 0.005339805825242719, 0.0048543689320388345],
[30, 0.7801014, 29213.774627541712, 0.021844660194174758, 0.012621359223300972, 0.009951456310679611],
[31, 0.807375101, 29192.21641956833, 0.014563106796116505, 0.0048543689320388345, 0.00558252427184466],
[32, 0.831699301, 29209.863784786943, 0.024271844660194174, 0.012135922330097087, 0.011650485436893204],
[33, 0.858180401, 29190.553917530964, 0.0024271844660194173, 0.006310679611650486, 0.005339805825242719],
[34, 0.8836108, 29206.474787700896, 0.019417475728155338, 0.012621359223300972, 0.010679611650485438],
[35, 0.909801101, 29189.06467605743, 0.007281553398058253, 0.008737864077669903, 0.007524271844660194],
[36, 0.9387782, 29203.35853406818, 0.021844660194174758, 0.014563106796116505, 0.012135922330097087],
[37, 0.9653007, 29187.70174130382, 0.0048543689320388345, 0.008737864077669903, 0.007524271844660194],
[38, 0.991323399, 29200.495232769514, 0.019417475728155338, 0.012621359223300972, 0.009951456310679611],
[39, 1.017319898, 29186.584256722545, 0.009708737864077669, 0.012621359223300972, 0.009708737864077669],
[40, 1.043484698, 29197.970577244705, 0.01699029126213592, 0.013592233009708738, 0.01116504854368932],
[41, 1.0696347970000002, 29185.417782615452, 0.019417475728155338, 0.009223300970873786, 0.0077669902912621365],
[42, 1.0968209970000002, 29195.593435855604, 0.019417475728155338, 0.013106796116504855, 0.012135922330097087],
[43, 1.1235377970000002, 29184.508599560566, 0.009708737864077669, 0.007281553398058253, 0.006067961165048544],
[44, 1.1488917960000002, 29193.556837297736, 0.02669902912621359, 0.01116504854368932, 0.009951456310679611],
[45, 1.1768920960000002, 29183.52814383941, 0.0048543689320388345, 0.007281553398058253, 0.0077669902912621365],
[46, 1.2023315960000003, 29191.606837143496, 0.019417475728155338, 0.012621359223300972, 0.009708737864077669],
[47, 1.2309819960000004, 29182.81836701293, 0.009708737864077669, 0.004368932038834952, 0.006310679611650486],
[48, 1.2564007950000005, 29189.961046390174, 0.024271844660194174, 0.01699029126213592, 0.011893203883495147],
[49, 1.2833267950000005, 29181.99687883983, 0.007281553398058253, 0.006796116504854369, 0.006310679611650486],
[50, 1.3095952950000005, 29188.3563446158, 0.019417475728155338, 0.012135922330097087, 0.010436893203883494],
[51, 1.3363572960000005, 29181.440646462986, 0.009708737864077669, 0.006796116504854369, 0.006796116504854369],
[52, 1.3628366960000005, 29187.065546132748, 0.024271844660194174, 0.013592233009708738, 0.009951456310679611],
[53, 1.3880064970000006, 29180.70700999969, 0.009708737864077669, 0.007281553398058253, 0.006553398058252427],
[54, 1.4134539970000006, 29185.7882817904, 0.01699029126213592, 0.012135922330097087, 0.010679611650485438],
[55, 1.4391058970000006, 29180.24347069426, 0.007281553398058253, 0.0048543689320388345, 0.004611650485436893],
[56, 1.4661955980000005, 29184.74579143442, 0.02912621359223301, 0.016504854368932037, 0.010922330097087379],
[57, 1.4915993990000005, 29179.627627852176, 0.0024271844660194173, 0.0038834951456310682, 0.004611650485436893],
[58, 1.5161330990000006, 29183.728663566122, 0.02669902912621359, 0.016019417475728156, 0.012864077669902912],
[59, 1.5414855990000005, 29179.23088746298, 0.0048543689320388345, 0.006796116504854369, 0.005097087378640777],
[60, 1.5676178990000005, 29182.89091184194, 0.024271844660194174, 0.016019417475728156, 0.013106796116504855],
[61, 1.5937235990000005, 29178.706386612925, 0.007281553398058253, 0.005825242718446602, 0.005825242718446602],
[62, 1.6193360990000005, 29182.066251222073, 0.021844660194174758, 0.015533980582524273, 0.012378640776699028],
[63, 1.6478749990000006, 29178.395010806187, 0.0048543689320388345, 0.005339805825242719, 0.004611650485436893],
[64, 1.6729546000000006, 29181.38784877899, 0.021844660194174758, 0.014563106796116505, 0.011893203883495147],
[65, 1.6999355000000007, 29177.98338811559, 0.0, 0.00048543689320388353, 0.002184466019417476],
[66, 1.7263269000000008, 29180.705558437276, 0.02912621359223301, 0.01699029126213592, 0.01383495145631068],
[67, 1.7526596000000008, 29177.72103971345, 0.007281553398058253, 0.005825242718446602, 0.00558252427184466],
[68, 1.7792444000000007, 29180.155654729395, 0.021844660194174758, 0.011650485436893204, 0.012135922330097087],
[69, 1.8050827990000007, 29177.372928028984, 0.007281553398058253, 0.0048543689320388345, 0.004368932038834952],
[70, 1.8312720990000007, 29179.601487278072, 0.019417475728155338, 0.013592233009708738, 0.011893203883495147],
[71, 1.8578292990000007, 29177.16016059315, 0.009708737864077669, 0.007281553398058253, 0.005339805825242719],
[72, 1.8838608980000007, 29179.14703588531, 0.03155339805825243, 0.015533980582524273, 0.011650485436893204],
[73, 1.9109458990000008, 29176.888638824006, 0.0024271844660194173, 0.0033980582524271844, 0.0048543689320388345],
[74, 1.9370776000000007, 29178.692686246664, 0.019417475728155338, 0.014563106796116505, 0.010922330097087379],
[75, 1.9645110010000006, 29176.71380798506, 0.009708737864077669, 0.005339805825242719, 0.005339805825242719],
[76, 1.9915085010000007, 29178.329810568062, 0.014563106796116505, 0.013592233009708738, 0.01116504854368932],
[77, 2.0168655000000006, 29176.48450993524, 0.0048543689320388345, 0.0038834951456310682, 0.0033980582524271844],
[78, 2.0461932000000007, 29177.958732121977, 0.01699029126213592, 0.010679611650485438, 0.009466019417475728],
[79, 2.0714349000000007, 29176.341063819775, 0.007281553398058253, 0.0033980582524271844, 0.0033980582524271844],
[80, 2.0973392990000006, 29177.660734948455, 0.021844660194174758, 0.013106796116504855, 0.010922330097087379],
[81, 2.1225317980000007, 29176.162572649417, 0.0, 0.0033980582524271844, 0.0036407766990291263],
[82, 2.1482483990000008, 29177.356995157763, 0.01699029126213592, 0.012135922330097087, 0.010436893203883494],
[83, 2.175189499000001, 29176.045815582278, 0.0048543689320388345, 0.002912621359223301, 0.0026699029126213596],
[84, 2.202116599000001, 29177.118062186528, 0.021844660194174758, 0.014563106796116505, 0.010679611650485438],
[85, 2.227422499000001, 29175.89381569867, 0.009708737864077669, 0.0033980582524271844, 0.0038834951456310682],
[86, 2.257445699000001, 29176.870495244788, 0.02912621359223301, 0.016019417475728156, 0.011407766990291262],
[87, 2.2829843980000013, 29175.797592132854, 0.0024271844660194173, 0.0048543689320388345, 0.004368932038834952],
[88, 2.308040098000001, 29176.675387907995, 0.01699029126213592, 0.013106796116504855, 0.012378640776699028],
[89, 2.333843998000001, 29175.67974284444, 0.007281553398058253, 0.0048543689320388345, 0.004126213592233009],
[90, 2.3591479970000013, 29176.471437655608, 0.019417475728155338, 0.013592233009708738, 0.010436893203883494],
[91, 2.3847314960000014, 29175.60191247928, 0.0048543689320388345, 0.004368932038834952, 0.004611650485436893],
[92, 2.4085247960000014, 29176.314548175153, 0.02912621359223301, 0.011650485436893204, 0.008009708737864078],
[93, 2.4349296960000015, 29175.501760917952, 0.0048543689320388345, 0.008252427184466019, 0.005339805825242719],
[94, 2.4624831960000013, 29176.14871809012, 0.007281553398058253, 0.008737864077669903, 0.007281553398058253],
[95, 2.488708095000001, 29175.437922587676, 0.0048543689320388345, 0.0038834951456310682, 0.0033980582524271844],
[96, 2.5137331950000013, 29176.020575851522, 0.02912621359223301, 0.016019417475728156, 0.01116504854368932],
[97, 2.5414568950000014, 29175.359206279212, 0.009708737864077669, 0.005339805825242719, 0.005825242718446602],
[98, 2.5699899950000016, 29175.88432116675, 0.024271844660194174, 0.013592233009708738, 0.010679611650485438],
[99, 2.5967925940000014, 29175.308313965033, 0.007281553398058253, 0.0048543689320388345, 0.004126213592233009],
[100, 2.6230277940000013, 29175.780817682393, 0.019417475728155338, 0.009708737864077669, 0.00849514563106796],
[101, 2.6490660940000015, 29175.241413225187, 0.0024271844660194173, 0.0048543689320388345, 0.003155339805825243],
[102, 2.6744824950000017, 29175.67021476922, 0.01699029126213592, 0.012621359223300972, 0.009466019417475728],
[103, 2.700208296000002, 29175.199118760764, 0.0048543689320388345, 0.0048543689320388345, 0.0036407766990291263],
[104, 2.726364997000002, 29175.586204229367, 0.02669902912621359, 0.009223300970873786, 0.009466019417475728],
[105, 2.753441297000002, 29175.146659240832, 0.0024271844660194173, 0.0048543689320388345, 0.005339805825242719],
[106, 2.779897496000002, 29175.495305269964, 0.012135922330097087, 0.008737864077669903, 0.00849514563106796],
[107, 2.805182896000002, 29175.112891148423, 0.0, 0.0014563106796116505, 0.0016990291262135922],
[108, 2.8314406960000023, 29175.426532384652, 0.03398058252427184, 0.012135922330097087, 0.008737864077669903],
[109, 2.8572798960000023, 29175.068772572573, 0.0, 0.0048543689320388345, 0.005339805825242719],
[110, 2.882772996000002, 29175.353360323687, 0.01699029126213592, 0.010194174757281554, 0.007281553398058253],
[111, 2.9097916960000023, 29175.04074495166, 0.0048543689320388345, 0.0024271844660194173, 0.0026699029126213596],
[112, 2.9370731960000023, 29175.29720870163, 0.019417475728155338, 0.01116504854368932, 0.008737864077669903],
[113, 2.9624470970000023, 29175.00591210196, 0.0024271844660194173, 0.002912621359223301, 0.004126213592233009],
[114, 2.9880396970000023, 29175.237295820305, 0.02912621359223301, 0.014563106796116505, 0.010922330097087379],
[115, 3.0139483980000024, 29174.983455639092, 0.009708737864077669, 0.005825242718446602, 0.005825242718446602],
[116, 3.0417903970000024, 29175.191401779924, 0.014563106796116505, 0.010194174757281554, 0.009708737864077669],
[117, 3.0669150980000026, 29174.95438523693, 0.0024271844660194173, 0.005339805825242719, 0.005097087378640777],
[118, 3.0910741990000026, 29175.143008639337, 0.01699029126213592, 0.011650485436893204, 0.009223300970873786],
[119, 3.1184711990000027, 29174.93538188122, 0.0024271844660194173, 0.0033980582524271844, 0.0038834951456310682],
[120, 3.1436110000000026, 29175.10580221928, 0.024271844660194174, 0.013106796116504855, 0.009708737864077669],
[121, 3.1703501000000025, 29174.912591445445, 0.0048543689320388345, 0.004368932038834952, 0.0036407766990291263],
