rank: 30, ratio of 0 vs 1: 3, lambda:6, learning_rate: 0.3
iter time objective_function precision@K = 1, 5, 10
[0,29998.27345456926, 0.009708737864077669 0.004368932038834952 0.0036407766990291263],
[1, 0.025862401, 29654.03626759555, 0.0024271844660194173, 0.004368932038834952, 0.0036407766990291263],
[2, 0.051226701, 29522.65990225317, 0.007281553398058253, 0.004368932038834952, 0.004368932038834952],
[3, 0.076993601, 29429.623052884894, 0.007281553398058253, 0.005825242718446602, 0.00558252427184466],
[4, 0.104731801, 29356.31595366265, 0.007281553398058253, 0.005339805825242719, 0.00558252427184466],
[5, 0.131049001, 29297.80217394052, 0.0, 0.002912621359223301, 0.004368932038834952],
[6, 0.157358602, 29251.045826472455, 0.0024271844660194173, 0.005339805825242719, 0.004368932038834952],
[7, 0.183754801, 29218.244776500433, 0.007281553398058253, 0.005339805825242719, 0.0048543689320388345],
[8, 0.213504801, 29201.782863170345, 0.007281553398058253, 0.006796116504854369, 0.005339805825242719],
[9, 0.239969101, 29191.03448808501, 0.007281553398058253, 0.005339805825242719, 0.00558252427184466],
[10, 0.265116601, 29185.39816076155, 0.012135922330097087, 0.007281553398058253, 0.005825242718446602],
[11, 0.2900884, 29182.335539740412, 0.014563106796116505, 0.005339805825242719, 0.00558252427184466],
[12, 0.31726750000000004, 29180.310590843652, 0.0024271844660194173, 0.008252427184466019, 0.007281553398058253],
[13, 0.345485401, 29179.812436684246, 0.012135922330097087, 0.008252427184466019, 0.005825242718446602],
[14, 0.371350501, 29178.638679647433, 0.014563106796116505, 0.010194174757281554, 0.007524271844660194],
[15, 0.3971139, 29177.821918906757, 0.0024271844660194173, 0.0033980582524271844, 0.004611650485436893],
[16, 0.424343601, 29177.129465004833, 0.007281553398058253, 0.004368932038834952, 0.004611650485436893],
[17, 0.449558601, 29176.860480451902, 0.014563106796116505, 0.005339805825242719, 0.004126213592233009],
[18, 0.474868501, 29176.392347063174, 0.009708737864077669, 0.006310679611650486, 0.00558252427184466],
[19, 0.5008889009999999, 29176.024769372354, 0.009708737864077669, 0.007281553398058253, 0.006553398058252427],
[20, 0.5272389009999999, 29175.78245855869, 0.019417475728155338, 0.007281553398058253, 0.006553398058252427],
[21, 0.555521702, 29175.62883591985, 0.012135922330097087, 0.0077669902912621365, 0.008980582524271846],
[22, 0.582865702, 29175.473114194647, 0.0, 0.0024271844660194173, 0.005097087378640777],
[23, 0.608396603, 29175.316743948802, 0.009708737864077669, 0.006796116504854369, 0.005339805825242719],
[24, 0.635286802, 29175.202306476283, 0.01699029126213592, 0.007281553398058253, 0.00849514563106796],
[25, 0.662292302, 29175.13728529539, 0.014563106796116505, 0.009708737864077669, 0.006553398058252427],
[26, 0.688677002, 29175.071312517222, 0.0048543689320388345, 0.004368932038834952, 0.004611650485436893],
[27, 0.7147012020000001, 29175.00676177362, 0.012135922330097087, 0.008737864077669903, 0.0077669902912621365],
[28, 0.7406482020000001, 29174.966383654366, 0.0024271844660194173, 0.0048543689320388345, 0.005097087378640777],
[29, 0.7660746010000001, 29174.93854559041, 0.007281553398058253, 0.009708737864077669, 0.00849514563106796],
[30, 0.7948050000000001, 29174.908820451154, 0.007281553398058253, 0.005825242718446602, 0.007281553398058253],
[31, 0.8226121000000001, 29174.88215772745, 0.014563106796116505, 0.006796116504854369, 0.007524271844660194],
[32, 0.8492863, 29174.868645312352, 0.009708737864077669, 0.007281553398058253, 0.006310679611650486],
[33, 0.8756256, 29174.85464574018, 0.0048543689320388345, 0.007281553398058253, 0.006553398058252427],
[34, 0.902005499, 29174.84209868038, 0.007281553398058253, 0.005825242718446602, 0.006553398058252427],
[35, 0.9289002000000001, 29174.833800030494, 0.012135922330097087, 0.008737864077669903, 0.006553398058252427],
[36, 0.9652506000000001, 29174.826731772308, 0.007281553398058253, 0.004368932038834952, 0.005097087378640777],
[37, 0.9948254990000001, 29174.82066825115, 0.007281553398058253, 0.008737864077669903, 0.007524271844660194],
[38, 1.021426298, 29174.816150589482, 0.009708737864077669, 0.006310679611650486, 0.005339805825242719],
[39, 1.047946597, 29174.81268851347, 0.0048543689320388345, 0.0033980582524271844, 0.0033980582524271844],
[40, 1.074410497, 29174.809692188832, 0.014563106796116505, 0.006310679611650486, 0.006067961165048544],
[41, 1.100980997, 29174.807166272738, 0.014563106796116505, 0.005825242718446602, 0.006067961165048544],
[42, 1.128344897, 29174.80543856186, 0.0048543689320388345, 0.004368932038834952, 0.005339805825242719],
[43, 1.164713297, 29174.80400885648, 0.0024271844660194173, 0.005339805825242719, 0.004368932038834952],
[44, 1.191174497, 29174.802640157777, 0.012135922330097087, 0.006310679611650486, 0.005339805825242719],
[45, 1.217886797, 29174.80170159972, 0.0048543689320388345, 0.0048543689320388345, 0.0048543689320388345],
[46, 1.244088597, 29174.80100030563, 0.009708737864077669, 0.007281553398058253, 0.005825242718446602],
[47, 1.2691217959999999, 29174.800358339646, 0.0024271844660194173, 0.004368932038834952, 0.00558252427184466],
[48, 1.295613196, 29174.799838431954, 0.007281553398058253, 0.006310679611650486, 0.0048543689320388345],
[49, 1.320808995, 29174.79947532281, 0.0, 0.005339805825242719, 0.005339805825242719],
[50, 1.357615694, 29174.79917189343, 0.0048543689320388345, 0.0048543689320388345, 0.005825242718446602],
[51, 1.3817513929999998, 29174.79889896182, 0.0048543689320388345, 0.0048543689320388345, 0.0048543689320388345],
[52, 1.4097184929999997, 29174.79866637709, 0.0024271844660194173, 0.009223300970873786, 0.006796116504854369],
[53, 1.4397769929999997, 29174.79853401175, 0.007281553398058253, 0.010194174757281554, 0.007281553398058253],
[54, 1.4643836929999998, 29174.798424644385, 0.009708737864077669, 0.007281553398058253, 0.006310679611650486],
[55, 1.4903271929999997, 29174.79829680453, 0.014563106796116505, 0.007281553398058253, 0.006067961165048544],
[56, 1.5150776939999997, 29174.7982099166, 0.009708737864077669, 0.008252427184466019, 0.007281553398058253],
[57, 1.5408455949999997, 29174.798157255897, 0.009708737864077669, 0.005339805825242719, 0.0048543689320388345],
[58, 1.5661555949999997, 29174.798100539065, 0.007281553398058253, 0.005339805825242719, 0.005339805825242719],
[59, 1.5923936939999996, 29174.798055221137, 0.0048543689320388345, 0.005339805825242719, 0.00558252427184466],
[60, 1.6157832939999996, 29174.798021826562, 0.0048543689320388345, 0.006796116504854369, 0.0048543689320388345],
[61, 1.6402216939999996, 29174.797998209517, 0.01699029126213592, 0.0077669902912621365, 0.006310679611650486],
[62, 1.6651811939999996, 29174.79797653701, 0.0, 0.004368932038834952, 0.005097087378640777],
[63, 1.6893445929999997, 29174.797956870985, 0.007281553398058253, 0.006796116504854369, 0.00558252427184466],
[64, 1.7141262939999997, 29174.79794319043, 0.0048543689320388345, 0.004368932038834952, 0.005825242718446602],
[65, 1.7395146939999997, 29174.797932527883, 0.019417475728155338, 0.010679611650485438, 0.007281553398058253],
[66, 1.7661205939999998, 29174.797923630827, 0.0, 0.004368932038834952, 0.004611650485436893],
[67, 1.7920663939999997, 29174.79791637754, 0.009708737864077669, 0.008252427184466019, 0.006796116504854369],
[68, 1.8179584939999998, 29174.797911098693, 0.007281553398058253, 0.008252427184466019, 0.006310679611650486],
[69, 1.8450762939999998, 29174.79790620595, 0.0048543689320388345, 0.006310679611650486, 0.006796116504854369],
[70, 1.8701782939999998, 29174.79790272895, 0.0, 0.005825242718446602, 0.005339805825242719],
[71, 1.896239895, 29174.79789954381, 0.012135922330097087, 0.007281553398058253, 0.006067961165048544],
[72, 1.922376795, 29174.79789736396, 0.009708737864077669, 0.0077669902912621365, 0.005825242718446602],
[73, 1.949071295, 29174.797895797663, 0.014563106796116505, 0.009708737864077669, 0.006796116504854369],
[74, 1.974365795, 29174.797894024217, 0.012135922330097087, 0.008737864077669903, 0.006067961165048544],
[75, 2.001330995, 29174.7978926877, 0.009708737864077669, 0.009223300970873786, 0.00558252427184466],
[76, 2.028822196, 29174.797891950315, 0.0, 0.0038834951456310682, 0.0036407766990291263],
[77, 2.054825096, 29174.797891209008, 0.0048543689320388345, 0.007281553398058253, 0.006553398058252427],
[78, 2.080083595, 29174.79789050923, 0.007281553398058253, 0.006796116504854369, 0.007281553398058253],
[79, 2.104993596, 29174.79789005612, 0.007281553398058253, 0.004368932038834952, 0.005339805825242719],
[80, 2.1304215959999997, 29174.79788964648, 0.019417475728155338, 0.007281553398058253, 0.007281553398058253],
[81, 2.1576167959999997, 29174.797889344103, 0.009708737864077669, 0.0077669902912621365, 0.006796116504854369],
[82, 2.1825166969999996, 29174.797889097685, 0.0048543689320388345, 0.007281553398058253, 0.005825242718446602],
[83, 2.2093358969999994, 29174.7978888885, 0.014563106796116505, 0.007281553398058253, 0.006796116504854369],
[84, 2.2355769979999995, 29174.797888732108, 0.0048543689320388345, 0.006796116504854369, 0.006796116504854369],
[85, 2.2612133979999993, 29174.797888610567, 0.007281553398058253, 0.008737864077669903, 0.006067961165048544],
[86, 2.2883263979999993, 29174.797888502224, 0.0024271844660194173, 0.004368932038834952, 0.005097087378640777],
[87, 2.314069697999999, 29174.79788841549, 0.012135922330097087, 0.004368932038834952, 0.0038834951456310682],
[88, 2.342070097999999, 29174.797888359208, 0.007281553398058253, 0.0077669902912621365, 0.006796116504854369],
[89, 2.368204496999999, 29174.797888306894, 0.012135922330097087, 0.006796116504854369, 0.006310679611650486],
[90, 2.3937599969999988, 29174.79788826059, 0.0024271844660194173, 0.006310679611650486, 0.006553398058252427],
[91, 2.4213126979999986, 29174.79788822566, 0.0048543689320388345, 0.005339805825242719, 0.004126213592233009],
[92, 2.4485292969999986, 29174.797888201614, 0.0048543689320388345, 0.005825242718446602, 0.005825242718446602],
[93, 2.4730997969999984, 29174.7978881833, 0.012135922330097087, 0.005339805825242719, 0.004611650485436893],
[94, 2.5001206959999984, 29174.79788816134, 0.0024271844660194173, 0.0038834951456310682, 0.004368932038834952],
[95, 2.5257502969999983, 29174.797888147797, 0.007281553398058253, 0.0024271844660194173, 0.00558252427184466],
[96, 2.5511810969999984, 29174.797888139274, 0.009708737864077669, 0.008252427184466019, 0.007281553398058253],
[97, 2.5780753969999983, 29174.797888129036, 0.0, 0.0048543689320388345, 0.0048543689320388345],
[98, 2.6030795969999985, 29174.797888121568, 0.012135922330097087, 0.008737864077669903, 0.006796116504854369],
[99, 2.6307341979999985, 29174.797888116314, 0.0024271844660194173, 0.0038834951456310682, 0.005825242718446602],
[100, 2.6549347979999984, 29174.797888112415, 0.0024271844660194173, 0.0019417475728155341, 0.004126213592233009],
[101, 2.6805839979999986, 29174.797888109013, 0.014563106796116505, 0.007281553398058253, 0.005825242718446602],
[102, 2.7069127989999986, 29174.797888105317, 0.0048543689320388345, 0.0019417475728155341, 0.005097087378640777],
[103, 2.7328917989999986, 29174.797888103163, 0.009708737864077669, 0.005825242718446602, 0.005825242718446602],
[104, 2.7601989989999987, 29174.797888101668, 0.0048543689320388345, 0.005825242718446602, 0.004611650485436893],
[105, 2.7877892999999987, 29174.797888099976, 0.0048543689320388345, 0.0024271844660194173, 0.0033980582524271844],
[106, 2.8129244999999985, 29174.797888098918, 0.0024271844660194173, 0.006310679611650486, 0.00703883495145631],
[107, 2.8385218999999986, 29174.797888097935, 0.012135922330097087, 0.0048543689320388345, 0.004126213592233009],
[108, 2.8641000999999986, 29174.797888097208, 0.007281553398058253, 0.007281553398058253, 0.006310679611650486],
[109, 2.8897410999999984, 29174.797888096666, 0.0048543689320388345, 0.0033980582524271844, 0.0048543689320388345],
[110, 2.9169902999999984, 29174.797888096222, 0.007281553398058253, 0.0048543689320388345, 0.004368932038834952],
[111, 2.9426948999999984, 29174.79788809584, 0.014563106796116505, 0.006310679611650486, 0.004611650485436893],
[112, 2.9703359999999983, 29174.797888095527, 0.012135922330097087, 0.007281553398058253, 0.005825242718446602],
[113, 2.9967710989999983, 29174.797888095298, 0.007281553398058253, 0.006310679611650486, 0.005825242718446602],
[114, 3.022769998999998, 29174.797888095116, 0.007281553398058253, 0.0077669902912621365, 0.006796116504854369],
[115, 3.050601298999998, 29174.797888094956, 0.012135922330097087, 0.005339805825242719, 0.005825242718446602],
[116, 3.077708599999998, 29174.797888094836, 0.012135922330097087, 0.006310679611650486, 0.0048543689320388345],
[117, 3.104113098999998, 29174.797888094756, 0.012135922330097087, 0.0048543689320388345, 0.005097087378640777],
[118, 3.129676398999998, 29174.797888094672, 0.0048543689320388345, 0.0048543689320388345, 0.004368932038834952],
[119, 3.155876397999998, 29174.79788809461, 0.012135922330097087, 0.007281553398058253, 0.006310679611650486],
[120, 3.183726496999998, 29174.797888094563, 0.007281553398058253, 0.005339805825242719, 0.006067961165048544],
[121, 3.209925096999998, 29174.797888094523, 0.014563106796116505, 0.005339805825242719, 0.0038834951456310682],
