rank: 30, ratio of 0 vs 1: 3, lambda:9, learning_rate: 0.3
iter time objective_function precision@K = 1, 5, 10
[0,30409.945226480675, 0.009708737864077669 0.004368932038834952 0.0036407766990291263],
[1, 0.025639801, 30020.848556031284, 0.007281553398058253, 0.002912621359223301, 0.003155339805825243],
[2, 0.051576701, 29557.287427044408, 0.0048543689320388345, 0.005825242718446602, 0.0048543689320388345],
[3, 0.07914950100000001, 29296.71282255869, 0.0024271844660194173, 0.004368932038834952, 0.0048543689320388345],
[4, 0.10560050000000001, 29233.82536445159, 0.0048543689320388345, 0.0048543689320388345, 0.0048543689320388345],
[5, 0.1317715, 29250.006353327524, 0.0024271844660194173, 0.007281553398058253, 0.006067961165048544],
[6, 0.15696670100000001, 29213.351593787575, 0.007281553398058253, 0.008252427184466019, 0.00558252427184466],
[7, 0.188840901, 29222.987791313724, 0.0048543689320388345, 0.0038834951456310682, 0.005097087378640777],
[8, 0.214400901, 29199.087232510523, 0.014563106796116505, 0.009223300970873786, 0.00849514563106796],
[9, 0.24243820100000002, 29207.365809239396, 0.007281553398058253, 0.0048543689320388345, 0.004611650485436893],
[10, 0.269838202, 29190.660103660965, 0.0, 0.0033980582524271844, 0.0033980582524271844],
[11, 0.295669002, 29194.746572114298, 0.009708737864077669, 0.006310679611650486, 0.00558252427184466],
[12, 0.323213301, 29185.343633447348, 0.019417475728155338, 0.0077669902912621365, 0.00558252427184466],
[13, 0.350443302, 29188.064413507218, 0.0048543689320388345, 0.010194174757281554, 0.007524271844660194],
[14, 0.376659002, 29181.401848330348, 0.007281553398058253, 0.005339805825242719, 0.0038834951456310682],
[15, 0.402934903, 29182.978895315016, 0.0048543689320388345, 0.006310679611650486, 0.0048543689320388345],
[16, 0.429881503, 29178.87567782988, 0.0, 0.0019417475728155341, 0.0038834951456310682],
[17, 0.45624850299999997, 29180.24478938931, 0.007281553398058253, 0.006310679611650486, 0.00558252427184466],
[18, 0.48258730299999997, 29177.484656262877, 0.0048543689320388345, 0.0038834951456310682, 0.004126213592233009],
[19, 0.5083185029999999, 29178.16189509848, 0.009708737864077669, 0.0048543689320388345, 0.004611650485436893],
[20, 0.5336385029999999, 29176.559225121215, 0.0, 0.0038834951456310682, 0.004126213592233009],
[21, 0.5603418019999999, 29176.876695780098, 0.0048543689320388345, 0.005825242718446602, 0.004126213592233009],
[22, 0.585923902, 29175.887846595528, 0.007281553398058253, 0.008252427184466019, 0.006067961165048544],
[23, 0.612953602, 29176.157635756666, 0.0048543689320388345, 0.0048543689320388345, 0.005097087378640777],
[24, 0.6383830020000001, 29175.44679607265, 0.012135922330097087, 0.0048543689320388345, 0.0048543689320388345],
[25, 0.6644412020000001, 29175.624996893734, 0.007281553398058253, 0.0033980582524271844, 0.0033980582524271844],
[26, 0.6909571020000002, 29175.195902444433, 0.0024271844660194173, 0.002912621359223301, 0.004611650485436893],
[27, 0.7166336020000001, 29175.308770077823, 0.0024271844660194173, 0.006796116504854369, 0.005339805825242719],
[28, 0.7431561010000002, 29175.042260813898, 0.0048543689320388345, 0.002912621359223301, 0.003155339805825243],
[29, 0.7686833020000001, 29175.090194836434, 0.007281553398058253, 0.005339805825242719, 0.005097087378640777],
[30, 0.7972783020000002, 29174.922143067684, 0.0024271844660194173, 0.0038834951456310682, 0.0033980582524271844],
[31, 0.8240039020000002, 29174.963856310205, 0.009708737864077669, 0.008252427184466019, 0.006310679611650486],
[32, 0.8491565020000001, 29174.852180561065, 0.019417475728155338, 0.008737864077669903, 0.00703883495145631],
[33, 0.8750463010000001, 29174.882630040374, 0.012135922330097087, 0.006796116504854369, 0.00558252427184466],
[34, 0.9010120010000001, 29174.808008621058, 0.012135922330097087, 0.008737864077669903, 0.00703883495145631],
[35, 0.9270295010000001, 29174.826091932122, 0.007281553398058253, 0.006310679611650486, 0.004368932038834952],
[36, 0.9525197010000002, 29174.780976915306, 0.007281553398058253, 0.005825242718446602, 0.005339805825242719],
[37, 0.9790436010000002, 29174.7891768772, 0.0, 0.0024271844660194173, 0.003155339805825243],
[38, 1.0044296020000003, 29174.76219601341, 0.007281553398058253, 0.006796116504854369, 0.005097087378640777],
[39, 1.0297596020000004, 29174.769185274632, 0.009708737864077669, 0.0048543689320388345, 0.005097087378640777],
[40, 1.0557775020000004, 29174.751183852404, 0.012135922330097087, 0.005825242718446602, 0.005339805825242719],
[41, 1.0799997020000005, 29174.75459771527, 0.0024271844660194173, 0.0048543689320388345, 0.004368932038834952],
[42, 1.1064470030000004, 29174.74156543136, 0.0024271844660194173, 0.004368932038834952, 0.00558252427184466],
[43, 1.1332084030000005, 29174.74599635914, 0.014563106796116505, 0.006310679611650486, 0.004611650485436893],
[44, 1.1583606030000004, 29174.738388606555, 0.007281553398058253, 0.0038834951456310682, 0.004611650485436893],
[45, 1.1846805030000005, 29174.739832369665, 0.012135922330097087, 0.0048543689320388345, 0.004611650485436893],
[46, 1.2106775030000005, 29174.73468780564, 0.009708737864077669, 0.006310679611650486, 0.005097087378640777],
[47, 1.2368626020000006, 29174.73616577097, 0.009708737864077669, 0.005825242718446602, 0.004611650485436893],
[48, 1.2657796010000006, 29174.73315176834, 0.0024271844660194173, 0.005339805825242719, 0.00558252427184466],
[49, 1.2912955010000007, 29174.73359548426, 0.007281553398058253, 0.004368932038834952, 0.005339805825242719],
[50, 1.3164473000000008, 29174.73169856232, 0.0048543689320388345, 0.004368932038834952, 0.00558252427184466],
[51, 1.3427960990000007, 29174.732251482408, 0.0024271844660194173, 0.006796116504854369, 0.005825242718446602],
[52, 1.3675009990000007, 29174.730907330697, 0.007281553398058253, 0.005339805825242719, 0.004368932038834952],
[53, 1.3926455980000008, 29174.731221676022, 0.007281553398058253, 0.006796116504854369, 0.006067961165048544],
[54, 1.4179346980000007, 29174.73042634245, 0.0048543689320388345, 0.004368932038834952, 0.006553398058252427],
[55, 1.4466860980000007, 29174.730597080663, 0.009708737864077669, 0.006796116504854369, 0.006553398058252427],
[56, 1.4731874980000006, 29174.730075676234, 0.0024271844660194173, 0.004368932038834952, 0.006310679611650486],
[57, 1.5012794980000006, 29174.730197370696, 0.0, 0.0024271844660194173, 0.002912621359223301],
[58, 1.5275556990000005, 29174.729861854248, 0.0048543689320388345, 0.0048543689320388345, 0.005097087378640777],
[59, 1.5559064000000005, 29174.729958465716, 0.014563106796116505, 0.007281553398058253, 0.006553398058252427],
[60, 1.5821531000000004, 29174.729725370486, 0.0048543689320388345, 0.006796116504854369, 0.00558252427184466],
[61, 1.6083681010000004, 29174.729783394752, 0.0048543689320388345, 0.0038834951456310682, 0.0036407766990291263],
[62, 1.6339455010000004, 29174.729648794128, 0.0024271844660194173, 0.0033980582524271844, 0.005097087378640777],
[63, 1.6600706020000005, 29174.729673928905, 0.009708737864077669, 0.004368932038834952, 0.005097087378640777],
[64, 1.6874969020000004, 29174.729589736387, 0.0024271844660194173, 0.005339805825242719, 0.0036407766990291263],
[65, 1.7139736020000003, 29174.729613568685, 0.0048543689320388345, 0.005339805825242719, 0.005339805825242719],
[66, 1.7409480030000002, 29174.72955466478, 0.012135922330097087, 0.008252427184466019, 0.006067961165048544],
[67, 1.7671585020000002, 29174.729568127612, 0.007281553398058253, 0.008252427184466019, 0.007281553398058253],
[68, 1.7929696020000003, 29174.729532318972, 0.0, 0.0014563106796116505, 0.003155339805825243],
[69, 1.8180858020000004, 29174.729540239885, 0.007281553398058253, 0.004368932038834952, 0.0048543689320388345],
[70, 1.8489135010000004, 29174.729517906402, 0.007281553398058253, 0.005339805825242719, 0.005097087378640777],
[71, 1.8745233020000005, 29174.729523598424, 0.0, 0.0038834951456310682, 0.004368932038834952],
[72, 1.9009111020000005, 29174.729508126256, 0.009708737864077669, 0.008252427184466019, 0.00703883495145631],
[73, 1.9287196030000004, 29174.729512127913, 0.0024271844660194173, 0.005825242718446602, 0.00558252427184466],
[74, 1.9550502030000005, 29174.729503129915, 0.0048543689320388345, 0.0038834951456310682, 0.0036407766990291263],
[75, 1.9798489040000005, 29174.729504538132, 0.0048543689320388345, 0.005825242718446602, 0.006067961165048544],
[76, 2.0054590040000004, 29174.72949850152, 0.012135922330097087, 0.006310679611650486, 0.005097087378640777],
[77, 2.0308598030000002, 29174.72950028092, 0.01699029126213592, 0.007281553398058253, 0.006553398058252427],
[78, 2.058601003, 29174.729496496682, 0.0048543689320388345, 0.0038834951456310682, 0.005339805825242719],
[79, 2.086121403, 29174.729497284075, 0.0, 0.005825242718446602, 0.005097087378640777],
[80, 2.112387203, 29174.729494759973, 0.007281553398058253, 0.0038834951456310682, 0.005339805825242719],
[81, 2.1407293039999997, 29174.729495335436, 0.0024271844660194173, 0.006310679611650486, 0.006067961165048544],
[82, 2.1676409029999997, 29174.729493788403, 0.009708737864077669, 0.006796116504854369, 0.00558252427184466],
[83, 2.193739102, 29174.729494252184, 0.009708737864077669, 0.008737864077669903, 0.006796116504854369],
[84, 2.219762601, 29174.72949315442, 0.009708737864077669, 0.0077669902912621365, 0.00558252427184466],
[85, 2.245494301, 29174.72949337704, 0.0, 0.004368932038834952, 0.0048543689320388345],
[86, 2.270395701, 29174.729492725266, 0.0, 0.0024271844660194173, 0.0024271844660194173],
[87, 2.295306401, 29174.729492931277, 0.0024271844660194173, 0.006796116504854369, 0.005825242718446602],
[88, 2.321856901, 29174.729492529266, 0.0048543689320388345, 0.006796116504854369, 0.005339805825242719],
[89, 2.349805301, 29174.72949256579, 0.009708737864077669, 0.008737864077669903, 0.006310679611650486],
[90, 2.375712101, 29174.729492320235, 0.0048543689320388345, 0.006310679611650486, 0.005339805825242719],
[91, 2.4013944, 29174.72949239464, 0.007281553398058253, 0.005825242718446602, 0.00558252427184466],
[92, 2.427555501, 29174.729492223203, 0.0024271844660194173, 0.006310679611650486, 0.005097087378640777],
[93, 2.453450601, 29174.729492261096, 0.009708737864077669, 0.007281553398058253, 0.005339805825242719],
[94, 2.479602701, 29174.729492148155, 0.0048543689320388345, 0.005339805825242719, 0.0048543689320388345],
[95, 2.505366201, 29174.72949217953, 0.0024271844660194173, 0.005825242718446602, 0.005097087378640777],
[96, 2.532637101, 29174.729492109724, 0.0024271844660194173, 0.0033980582524271844, 0.005339805825242719],
[97, 2.559053302, 29174.729492122875, 0.0048543689320388345, 0.005825242718446602, 0.00558252427184466],
[98, 2.585997502, 29174.729492077637, 0.007281553398058253, 0.0048543689320388345, 0.0038834951456310682],
[99, 2.6148267020000002, 29174.729492092833, 0.0048543689320388345, 0.002912621359223301, 0.004611650485436893],
[100, 2.6415624020000004, 29174.72949206267, 0.007281553398058253, 0.006796116504854369, 0.00558252427184466],
[101, 2.6714341010000004, 29174.729492067865, 0.007281553398058253, 0.0038834951456310682, 0.004126213592233009],
[102, 2.6977837000000005, 29174.729492049843, 0.0, 0.004368932038834952, 0.005097087378640777],
[103, 2.7243562000000003, 29174.72949205537, 0.007281553398058253, 0.0077669902912621365, 0.005339805825242719],
[104, 2.7495365000000005, 29174.729492044273, 0.012135922330097087, 0.007281553398058253, 0.006553398058252427],
[105, 2.7781993000000007, 29174.729492045815, 0.009708737864077669, 0.006310679611650486, 0.006310679611650486],
[106, 2.8034253000000007, 29174.729492038252, 0.009708737864077669, 0.006310679611650486, 0.004368932038834952],
[107, 2.8459814000000008, 29174.729492040486, 0.0, 0.002912621359223301, 0.0038834951456310682],
[108, 2.8706564000000006, 29174.729492035745, 0.0048543689320388345, 0.005339805825242719, 0.006310679611650486],
[109, 2.8975378000000007, 29174.729492036568, 0.0048543689320388345, 0.006310679611650486, 0.007281553398058253],
[110, 2.9235252000000007, 29174.7294920337, 0.014563106796116505, 0.006310679611650486, 0.0048543689320388345],
[111, 2.949056900000001, 29174.729492034556, 0.0024271844660194173, 0.005339805825242719, 0.006067961165048544],
[112, 2.9743139000000007, 29174.729492032493, 0.0024271844660194173, 0.005825242718446602, 0.00558252427184466],
[113, 2.999544100000001, 29174.72949203292, 0.0024271844660194173, 0.0038834951456310682, 0.004611650485436893],
[114, 3.024560801000001, 29174.729492031624, 0.0024271844660194173, 0.005825242718446602, 0.00558252427184466],
[115, 3.051939401000001, 29174.729492032027, 0.0024271844660194173, 0.0048543689320388345, 0.005825242718446602],
[116, 3.076852501000001, 29174.729492031212, 0.007281553398058253, 0.0077669902912621365, 0.007281553398058253],
[117, 3.1029768010000014, 29174.729492031358, 0.007281553398058253, 0.007281553398058253, 0.006067961165048544],
[118, 3.1323966020000014, 29174.729492030852, 0.0048543689320388345, 0.009223300970873786, 0.007524271844660194],
[119, 3.1584027020000014, 29174.729492030976, 0.009708737864077669, 0.006310679611650486, 0.006553398058252427],
[120, 3.1831016020000016, 29174.729492030667, 0.0048543689320388345, 0.0038834951456310682, 0.00558252427184466],
[121, 3.208839502000002, 29174.729492030736, 0.0048543689320388345, 0.0048543689320388345, 0.00558252427184466],
