rank: 30, ratio of 0 vs 1: 3, lambda:1, learning_rate: 0.3
iter time objective_function precision@K = 1, 5, 10
[0,29312.1538347169, 0.009708737864077669 0.004368932038834952 0.0036407766990291263],
[1, 0.043815401, 29281.235466411657, 0.0048543689320388345, 0.004368932038834952, 0.0038834951456310682],
[2, 0.075195701, 29264.80872624944, 0.009708737864077669, 0.004368932038834952, 0.002912621359223301],
[3, 0.10707920100000001, 29255.017727022343, 0.007281553398058253, 0.004368932038834952, 0.0038834951456310682],
[4, 0.13531800200000002, 29249.27034535174, 0.0048543689320388345, 0.005339805825242719, 0.005097087378640777],
[5, 0.16166210200000003, 29242.66776738377, 0.0024271844660194173, 0.005825242718446602, 0.005097087378640777],
[6, 0.19307280200000004, 29240.863445778574, 0.0048543689320388345, 0.0048543689320388345, 0.005825242718446602],
[7, 0.22235990200000005, 29237.999893876953, 0.0048543689320388345, 0.0048543689320388345, 0.005825242718446602],
[8, 0.25647610300000007, 29237.04124312495, 0.0048543689320388345, 0.006310679611650486, 0.005339805825242719],
[9, 0.2818686040000001, 29230.947168135302, 0.0048543689320388345, 0.005825242718446602, 0.00558252427184466],
[10, 0.3098395040000001, 29230.415735656097, 0.0048543689320388345, 0.005825242718446602, 0.005339805825242719],
[11, 0.3415735040000001, 29231.94589130034, 0.0048543689320388345, 0.006310679611650486, 0.00558252427184466],
[12, 0.3705773040000001, 29231.474372371675, 0.0048543689320388345, 0.006310679611650486, 0.00558252427184466],
[13, 0.4058098040000001, 29228.97362473583, 0.0048543689320388345, 0.006796116504854369, 0.005339805825242719],
[14, 0.4325373050000001, 29230.25109956804, 0.0048543689320388345, 0.006310679611650486, 0.00558252427184466],
[15, 0.4572716050000001, 29229.765779468835, 0.0048543689320388345, 0.006310679611650486, 0.005339805825242719],
[16, 0.4849502050000001, 29229.906235064333, 0.0048543689320388345, 0.006310679611650486, 0.006067961165048544],
[17, 0.518951205, 29229.988613636087, 0.0048543689320388345, 0.006796116504854369, 0.005825242718446602],
[18, 0.545376704, 29229.71063007432, 0.0048543689320388345, 0.006796116504854369, 0.005825242718446602],
[19, 0.570407104, 29230.16666674954, 0.0048543689320388345, 0.006796116504854369, 0.005825242718446602],
[20, 0.603531405, 29229.579159407906, 0.0048543689320388345, 0.006796116504854369, 0.005825242718446602],
[21, 0.631531505, 29230.365362761917, 0.0048543689320388345, 0.006796116504854369, 0.006067961165048544],
[22, 0.660377305, 29230.5656255461, 0.0048543689320388345, 0.006796116504854369, 0.005825242718446602],
[23, 0.6837580050000001, 29230.551674568545, 0.0048543689320388345, 0.006796116504854369, 0.006067961165048544],
[24, 0.710392804, 29228.22537416936, 0.0048543689320388345, 0.006796116504854369, 0.006067961165048544],
[25, 0.7403255040000001, 29229.167440425368, 0.0048543689320388345, 0.006796116504854369, 0.006067961165048544],
[26, 0.7737284040000001, 29229.8282643711, 0.0048543689320388345, 0.006796116504854369, 0.006067961165048544],
[27, 0.8044817040000001, 29229.25563959165, 0.0048543689320388345, 0.006796116504854369, 0.006067961165048544],
[28, 0.8367322050000001, 29230.09616260753, 0.0048543689320388345, 0.006796116504854369, 0.006067961165048544],
[29, 0.8694806060000001, 29228.76717229433, 0.0048543689320388345, 0.006796116504854369, 0.006067961165048544],
[30, 0.8982624070000002, 29229.50455405283, 0.0048543689320388345, 0.006796116504854369, 0.006067961165048544],
[31, 0.9366707070000001, 29227.639782024813, 0.0048543689320388345, 0.006796116504854369, 0.006067961165048544],
[32, 0.9653010080000001, 29227.72577816258, 0.0048543689320388345, 0.006796116504854369, 0.006067961165048544],
[33, 1.001193108, 29229.06792331389, 0.0048543689320388345, 0.006796116504854369, 0.006067961165048544],
[34, 1.030860308, 29227.485720011315, 0.0048543689320388345, 0.006796116504854369, 0.006067961165048544],
[35, 1.055681808, 29227.98684374277, 0.0048543689320388345, 0.006796116504854369, 0.006067961165048544],
[36, 1.089772709, 29229.084093303663, 0.0048543689320388345, 0.006796116504854369, 0.006067961165048544],
[37, 1.118297309, 29229.640446522644, 0.0048543689320388345, 0.006796116504854369, 0.006067961165048544],
[38, 1.149392808, 29226.96066023088, 0.0048543689320388345, 0.006796116504854369, 0.006067961165048544],
[39, 1.174311309, 29228.55245637961, 0.0048543689320388345, 0.006796116504854369, 0.006067961165048544],
[40, 1.203083809, 29228.17355046062, 0.0048543689320388345, 0.006796116504854369, 0.006067961165048544],
[41, 1.235026409, 29229.49654219235, 0.0048543689320388345, 0.006796116504854369, 0.006067961165048544],
[42, 1.262562509, 29230.264320669074, 0.0048543689320388345, 0.006796116504854369, 0.006067961165048544],
[43, 1.2889329100000002, 29229.36216310673, 0.0048543689320388345, 0.006796116504854369, 0.006067961165048544],
[44, 1.31544571, 29229.6866249637, 0.0048543689320388345, 0.006796116504854369, 0.006067961165048544],
[45, 1.3497733090000001, 29229.347252182008, 0.0048543689320388345, 0.006796116504854369, 0.006067961165048544],
[46, 1.37666331, 29229.11515416498, 0.0048543689320388345, 0.006796116504854369, 0.006067961165048544],
[47, 1.403072109, 29228.60441619205, 0.0048543689320388345, 0.006796116504854369, 0.006067961165048544],
[48, 1.432321609, 29227.971380853498, 0.0048543689320388345, 0.006796116504854369, 0.006067961165048544],
[49, 1.457854808, 29229.385398547736, 0.0048543689320388345, 0.006796116504854369, 0.006067961165048544],
[50, 1.488417108, 29230.016139571315, 0.0048543689320388345, 0.006796116504854369, 0.006067961165048544],
[51, 1.516519507, 29231.071707688723, 0.0048543689320388345, 0.006796116504854369, 0.006067961165048544],
[52, 1.5449274069999999, 29229.337935812142, 0.0048543689320388345, 0.006796116504854369, 0.006067961165048544],
[53, 1.5705443069999998, 29229.831916119652, 0.0048543689320388345, 0.006796116504854369, 0.006067961165048544],
[54, 1.5993554069999998, 29229.679221567523, 0.0048543689320388345, 0.006796116504854369, 0.006067961165048544],
[55, 1.6271549069999998, 29228.054917430916, 0.0048543689320388345, 0.006796116504854369, 0.006067961165048544],
[56, 1.6577881069999998, 29228.99233349308, 0.0048543689320388345, 0.006796116504854369, 0.006067961165048544],
[57, 1.6865523069999997, 29229.331920092576, 0.0048543689320388345, 0.006796116504854369, 0.006067961165048544],
[58, 1.7155700069999997, 29229.51618352119, 0.0048543689320388345, 0.006796116504854369, 0.006067961165048544],
[59, 1.7422570069999996, 29228.750764345907, 0.0048543689320388345, 0.006796116504854369, 0.006067961165048544],
[60, 1.7681965069999996, 29228.518354671334, 0.0048543689320388345, 0.006796116504854369, 0.006067961165048544],
[61, 1.7942640059999997, 29229.509659119674, 0.0048543689320388345, 0.006796116504854369, 0.006067961165048544],
[62, 1.8199459059999996, 29228.075620824715, 0.0048543689320388345, 0.006796116504854369, 0.006067961165048544],
[63, 1.8490044049999996, 29228.53185420252, 0.0048543689320388345, 0.006796116504854369, 0.006067961165048544],
[64, 1.8808096039999995, 29229.65573264295, 0.0048543689320388345, 0.006796116504854369, 0.006067961165048544],
[65, 1.9057013049999996, 29227.98498395207, 0.0048543689320388345, 0.006796116504854369, 0.006067961165048544],
[66, 1.9327456049999996, 29230.124784265958, 0.0048543689320388345, 0.006796116504854369, 0.006067961165048544],
[67, 1.9596674049999996, 29228.519906409332, 0.0048543689320388345, 0.006796116504854369, 0.006067961165048544],
[68, 1.9848382049999995, 29227.904494176215, 0.0048543689320388345, 0.006796116504854369, 0.006067961165048544],
[69, 2.0133667049999997, 29229.74646934637, 0.0048543689320388345, 0.006796116504854369, 0.006067961165048544],
[70, 2.037389105, 29229.106285378122, 0.0048543689320388345, 0.006796116504854369, 0.006067961165048544],
[71, 2.065454704, 29228.433541186405, 0.0048543689320388345, 0.006796116504854369, 0.006067961165048544],
[72, 2.096990504, 29229.222827274592, 0.0048543689320388345, 0.006796116504854369, 0.006067961165048544],
[73, 2.125600804, 29228.898289467703, 0.0048543689320388345, 0.006796116504854369, 0.006067961165048544],
[74, 2.153606205, 29228.304757520596, 0.0048543689320388345, 0.006796116504854369, 0.006067961165048544],
[75, 2.185469805, 29227.63838816216, 0.0048543689320388345, 0.006796116504854369, 0.006067961165048544],
[76, 2.2137877049999997, 29229.37736215193, 0.0048543689320388345, 0.006796116504854369, 0.006067961165048544],
[77, 2.2406831059999996, 29228.94141108699, 0.0048543689320388345, 0.006796116504854369, 0.006067961165048544],
[78, 2.2749829059999995, 29227.821500906142, 0.0048543689320388345, 0.006796116504854369, 0.006067961165048544],
[79, 2.3062712059999995, 29228.566099655072, 0.0048543689320388345, 0.006796116504854369, 0.006067961165048544],
[80, 2.3389533059999996, 29229.604565958292, 0.0048543689320388345, 0.006796116504854369, 0.006067961165048544],
[81, 2.3645619059999996, 29229.80138000923, 0.0048543689320388345, 0.006796116504854369, 0.006067961165048544],
[82, 2.3926694059999996, 29228.80782376011, 0.0048543689320388345, 0.006796116504854369, 0.006067961165048544],
[83, 2.4203644059999996, 29229.630515366694, 0.0048543689320388345, 0.006796116504854369, 0.006067961165048544],
[84, 2.4500621059999994, 29229.885274998785, 0.0048543689320388345, 0.006796116504854369, 0.006067961165048544],
[85, 2.4801529049999993, 29228.614578987632, 0.0048543689320388345, 0.006796116504854369, 0.006067961165048544],
[86, 2.513177404999999, 29228.560727166656, 0.0048543689320388345, 0.006796116504854369, 0.006067961165048544],
[87, 2.540103403999999, 29229.99573003328, 0.0048543689320388345, 0.006796116504854369, 0.006067961165048544],
[88, 2.567703503999999, 29228.45448561566, 0.0048543689320388345, 0.006796116504854369, 0.006067961165048544],
[89, 2.600634703999999, 29228.81099151592, 0.0048543689320388345, 0.006796116504854369, 0.006067961165048544],
[90, 2.627501103999999, 29228.76153089973, 0.0048543689320388345, 0.006796116504854369, 0.006067961165048544],
[91, 2.652551003999999, 29229.443463088148, 0.0048543689320388345, 0.006796116504854369, 0.006067961165048544],
[92, 2.681677102999999, 29229.757539450082, 0.0048543689320388345, 0.006796116504854369, 0.006067961165048544],
[93, 2.713954902999999, 29229.07975218043, 0.0048543689320388345, 0.006796116504854369, 0.006067961165048544],
[94, 2.745057101999999, 29228.383528530867, 0.0048543689320388345, 0.006796116504854369, 0.006067961165048544],
[95, 2.770677101999999, 29227.98021272487, 0.0048543689320388345, 0.006796116504854369, 0.006067961165048544],
[96, 2.7987677019999992, 29230.256640298514, 0.0048543689320388345, 0.006796116504854369, 0.006067961165048544],
[97, 2.8254288019999994, 29227.43993447544, 0.0048543689320388345, 0.006796116504854369, 0.006067961165048544],
[98, 2.8533802019999994, 29230.389910535094, 0.0048543689320388345, 0.006796116504854369, 0.006067961165048544],
[99, 2.8812236019999995, 29228.415214847817, 0.0048543689320388345, 0.006796116504854369, 0.006067961165048544],
[100, 2.9083790029999994, 29230.677783431416, 0.0048543689320388345, 0.006796116504854369, 0.006067961165048544],
[101, 2.9364024019999992, 29230.058422590908, 0.0048543689320388345, 0.006796116504854369, 0.006067961165048544],
[102, 2.960186501999999, 29228.451262076756, 0.0048543689320388345, 0.006796116504854369, 0.006067961165048544],
[103, 2.991901801999999, 29227.566620601792, 0.0048543689320388345, 0.006796116504854369, 0.006067961165048544],
[104, 3.0199859029999994, 29229.046010850827, 0.0048543689320388345, 0.006796116504854369, 0.006067961165048544],
[105, 3.0469831019999996, 29229.51731166441, 0.0048543689320388345, 0.006796116504854369, 0.006067961165048544],
[106, 3.0724739009999995, 29230.899018192566, 0.0048543689320388345, 0.006796116504854369, 0.006067961165048544],
[107, 3.1015043009999994, 29228.088684206436, 0.0048543689320388345, 0.006796116504854369, 0.006067961165048544],
[108, 3.1312216009999996, 29229.3515238119, 0.0048543689320388345, 0.006796116504854369, 0.006067961165048544],
[109, 3.1597765999999994, 29230.85977106435, 0.0048543689320388345, 0.006796116504854369, 0.006067961165048544],
[110, 3.1863610989999995, 29227.612293249374, 0.0048543689320388345, 0.006796116504854369, 0.006067961165048544],
[111, 3.2115321979999996, 29227.53771921475, 0.0048543689320388345, 0.006796116504854369, 0.006067961165048544],
[112, 3.2386197979999998, 29228.686408629856, 0.0048543689320388345, 0.006796116504854369, 0.006067961165048544],
[113, 3.267063199, 29228.716898354636, 0.0048543689320388345, 0.006796116504854369, 0.006067961165048544],
[114, 3.292140199, 29228.74367726683, 0.0048543689320388345, 0.006796116504854369, 0.006067961165048544],
[115, 3.3258635979999998, 29229.802296369384, 0.0048543689320388345, 0.006796116504854369, 0.006067961165048544],
[116, 3.355680798, 29229.77273354832, 0.0048543689320388345, 0.006796116504854369, 0.006067961165048544],
[117, 3.389879998, 29229.2700680153, 0.0048543689320388345, 0.006796116504854369, 0.006067961165048544],
[118, 3.420495898, 29230.331940657645, 0.0048543689320388345, 0.006796116504854369, 0.006067961165048544],
[119, 3.451021999, 29226.924714071887, 0.0048543689320388345, 0.006796116504854369, 0.006067961165048544],
[120, 3.479331499, 29228.26397243119, 0.0048543689320388345, 0.006796116504854369, 0.006067961165048544],
[121, 3.5056981990000002, 29228.162994636332, 0.0048543689320388345, 0.006796116504854369, 0.006067961165048544],
