rank: 30, ratio of 0 vs 1: 3, lambda:8, learning_rate: 0.4
iter time objective_function precision@K = 1, 5, 10
[0,30272.721302510203, 0.009708737864077669 0.004368932038834952 0.0036407766990291263],
[1, 0.0265742, 30149.29513167775, 0.0048543689320388345, 0.005339805825242719, 0.0038834951456310682],
[2, 0.0534632, 30035.139161013194, 0.0, 0.002912621359223301, 0.0036407766990291263],
[3, 0.080808299, 30151.55541743098, 0.007281553398058253, 0.0038834951456310682, 0.004611650485436893],
[4, 0.1077334, 30297.406216220494, 0.007281553398058253, 0.007281553398058253, 0.006553398058252427],
[5, 0.134263701, 30457.653221304863, 0.0, 0.0019417475728155341, 0.003155339805825243],
[6, 0.160496501, 30657.291114495936, 0.007281553398058253, 0.005825242718446602, 0.005097087378640777],
[7, 0.18740400100000001, 30906.369693663215, 0.009708737864077669, 0.005339805825242719, 0.004126213592233009],
[8, 0.21363150000000003, 31211.60102407745, 0.0024271844660194173, 0.0048543689320388345, 0.005339805825242719],
[9, 0.24057900000000004, 31593.63585955099, 0.0024271844660194173, 0.004368932038834952, 0.004126213592233009],
[10, 0.26708560000000003, 32073.738764389658, 0.0048543689320388345, 0.005825242718446602, 0.004611650485436893],
[11, 0.292959301, 32671.845362468695, 0.0024271844660194173, 0.00048543689320388353, 0.002184466019417476],
[12, 0.3181755, 33423.98662024363, 0.0, 0.0038834951456310682, 0.0048543689320388345],
[13, 0.3439909, 34386.09038496913, 0.0048543689320388345, 0.0048543689320388345, 0.004368932038834952],
[14, 0.370539099, 35607.82481513905, 0.0048543689320388345, 0.004368932038834952, 0.005097087378640777],
[15, 0.397482199, 37174.572167968305, 0.0024271844660194173, 0.0033980582524271844, 0.002912621359223301],
[16, 0.42399939799999997, 39201.13264501699, 0.012135922330097087, 0.002912621359223301, 0.0038834951456310682],
[17, 0.45031629799999995, 41817.030100877724, 0.0024271844660194173, 0.002912621359223301, 0.002912621359223301],
[18, 0.47549409899999995, 45230.82731259555, 0.0024271844660194173, 0.002912621359223301, 0.0026699029126213596],
[19, 0.5013723999999999, 49728.36195691359, 0.0024271844660194173, 0.002912621359223301, 0.0036407766990291263],
[20, 0.5314416, 55679.84583025373, 0.0024271844660194173, 0.004368932038834952, 0.004368932038834952],
[21, 0.557300799, 63567.89810003268, 0.0024271844660194173, 0.0038834951456310682, 0.003155339805825243],
[22, 0.5855218, 73911.49475514238, 0.0024271844660194173, 0.0033980582524271844, 0.002912621359223301],
[23, 0.6126464, 87386.42862473789, 0.0048543689320388345, 0.0024271844660194173, 0.0036407766990291263],
[24, 0.639488401, 104712.46066595335, 0.0048543689320388345, 0.0033980582524271844, 0.0033980582524271844],
[25, 0.6659585010000001, 127024.75706581434, 0.0, 0.0033980582524271844, 0.0038834951456310682],
[26, 0.6997423, 155425.26807861525, 0.0, 0.0009708737864077671, 0.0014563106796116505],
[27, 0.7260411010000001, 191924.5404117784, 0.0, 0.0033980582524271844, 0.0038834951456310682],
[28, 0.752802901, 238491.75003185362, 0.0048543689320388345, 0.002912621359223301, 0.0036407766990291263],
[29, 0.7793647, 298178.2908601853, 0.007281553398058253, 0.0033980582524271844, 0.0036407766990291263],
[30, 0.806276799, 374579.300543161, 0.0048543689320388345, 0.006796116504854369, 0.004126213592233009],
[31, 0.831692498, 472754.672271319, 0.0048543689320388345, 0.0024271844660194173, 0.004126213592233009],
[32, 0.859005298, 598556.4930006105, 0.0048543689320388345, 0.002912621359223301, 0.003155339805825243],
[33, 0.890991098, 760126.268180656, 0.0024271844660194173, 0.0033980582524271844, 0.0036407766990291263],
[34, 0.917876598, 967413.4875501862, 0.007281553398058253, 0.0038834951456310682, 0.003155339805825243],
[35, 0.944091699, 1.2336220438111727e6, 0.0024271844660194173, 0.002912621359223301, 0.004368932038834952],
[36, 0.9714492, 1.5754049395064223e6, 0.0024271844660194173, 0.004368932038834952, 0.004368932038834952],
[37, 0.9982541, 2.0142875969477098e6, 0.007281553398058253, 0.0033980582524271844, 0.0033980582524271844],
[38, 1.0258384, 2.578108498672276e6, 0.0024271844660194173, 0.004368932038834952, 0.006067961165048544],
[39, 1.0524025000000001, 3.301883048506271e6, 0.0, 0.0048543689320388345, 0.003155339805825243],
[40, 1.0788461990000002, 4.231524926861183e6, 0.0024271844660194173, 0.0038834951456310682, 0.004126213592233009],
[41, 1.1084194980000002, 5.42548765234533e6, 0.0, 0.002912621359223301, 0.002912621359223301],
[42, 1.1357933980000001, 6.959266781963287e6, 0.0, 0.0024271844660194173, 0.002912621359223301],
[43, 1.162334199, 8.929139700474033e6, 0.0, 0.0009708737864077671, 0.0024271844660194173],
[44, 1.188674499, 1.1459217605530102e7, 0.0024271844660194173, 0.0033980582524271844, 0.003155339805825243],
[45, 1.215599499, 1.4709005285880223e7, 0.0048543689320388345, 0.0038834951456310682, 0.0026699029126213596],
[46, 1.2409504980000001, 1.8882955011280984e7, 0.0024271844660194173, 0.004368932038834952, 0.0033980582524271844],
[47, 1.2676513980000002, 2.424442544449887e7, 0.0, 0.0033980582524271844, 0.003155339805825243],
[48, 1.294885797, 3.113010987050111e7, 0.0024271844660194173, 0.0019417475728155341, 0.004611650485436893],
[49, 1.3224705970000001, 3.997468656568112e7, 0.0024271844660194173, 0.0024271844660194173, 0.0033980582524271844],
[50, 1.3494166980000002, 5.133465047324591e7, 0.009708737864077669, 0.005825242718446602, 0.004611650485436893],
[51, 1.3777241980000001, 6.59261850038172e7, 0.0, 0.0024271844660194173, 0.002184466019417476],
[52, 1.4044845970000002, 8.466789405480094e7, 0.007281553398058253, 0.006796116504854369, 0.005339805825242719],
[53, 1.4321507960000002, 1.087404183673064e8, 0.0, 0.0024271844660194173, 0.0026699029126213596],
[54, 1.4589795960000003, 1.396602860578169e8, 0.0024271844660194173, 0.0048543689320388345, 0.004611650485436893],
[55, 1.4855530970000004, 1.7937497032206887e8, 0.0, 0.002912621359223301, 0.002912621359223301],
[56, 1.5121779980000003, 2.3038541612912986e8, 0.0024271844660194173, 0.0038834951456310682, 0.004368932038834952],
[57, 1.5379139970000002, 2.959057486397661e8, 0.0, 0.0033980582524271844, 0.002912621359223301],
[58, 1.5647419970000003, 3.8006350246010065e8, 0.0024271844660194173, 0.0033980582524271844, 0.0038834951456310682],
[59, 1.5905415970000003, 4.881589863236332e8, 0.0024271844660194173, 0.0033980582524271844, 0.0036407766990291263],
[60, 1.6163503960000003, 6.27000815821168e8, 0.0024271844660194173, 0.004368932038834952, 0.0048543689320388345],
[61, 1.6442262960000003, 8.05336119767795e8, 0.0024271844660194173, 0.0033980582524271844, 0.0036407766990291263],
[62, 1.6702861960000002, 1.0343977319140626e9, 0.0048543689320388345, 0.004368932038834952, 0.005097087378640777],
[63, 1.7008028970000002, 1.328613488250369e9, 0.0, 0.0038834951456310682, 0.004126213592233009],
[64, 1.7269456970000001, 1.706517276110173e9, 0.0024271844660194173, 0.0033980582524271844, 0.004368932038834952],
[65, 1.7533921970000002, 2.191912842243093e9, 0.0, 0.0038834951456310682, 0.0036407766990291263],
[66, 1.7806751960000002, 2.815376390229598e9, 0.0, 0.002912621359223301, 0.0033980582524271844],
[67, 1.8075870960000002, 3.616180677199582e9, 0.0, 0.002912621359223301, 0.004126213592233009],
[68, 1.8327755960000003, 4.644768184945866e9, 0.0, 0.0014563106796116505, 0.0036407766990291263],
[69, 1.8596763960000002, 5.965932125147718e9, 0.0, 0.0024271844660194173, 0.003155339805825243],
[70, 1.8862079970000003, 7.662892280239942e9, 0.0024271844660194173, 0.0009708737864077671, 0.0024271844660194173],
[71, 1.9134855970000002, 9.84254281685295e9, 0.0024271844660194173, 0.0033980582524271844, 0.004126213592233009],
[72, 1.9408644970000002, 1.2642179509502937e10, 0.0024271844660194173, 0.0014563106796116505, 0.0026699029126213596],
[73, 1.9656105980000003, 1.6238156897360405e10, 0.0024271844660194173, 0.0033980582524271844, 0.004126213592233009],
[74, 1.9913404980000002, 2.0856990354308704e10, 0.0024271844660194173, 0.0014563106796116505, 0.0026699029126213596],
[75, 2.017722098, 2.6789626894582886e10, 0.0024271844660194173, 0.0033980582524271844, 0.0038834951456310682],
[76, 2.0450042980000003, 3.440976644545136e10, 0.0024271844660194173, 0.0014563106796116505, 0.0026699029126213596],
[77, 2.0704801980000003, 4.419741340062693e10, 0.0024271844660194173, 0.0033980582524271844, 0.0036407766990291263],
[78, 2.0983040980000003, 5.6769102305187195e10, 0.0024271844660194173, 0.0014563106796116505, 0.002184466019417476],
[79, 2.1229595970000004, 7.2916737132322e10, 0.0024271844660194173, 0.002912621359223301, 0.003155339805825243],
[80, 2.1483325960000004, 9.365747659164796e10, 0.0024271844660194173, 0.0014563106796116505, 0.002184466019417476],
[81, 2.1732051960000005, 1.2029780527570387e11, 0.0024271844660194173, 0.002912621359223301, 0.003155339805825243],
[82, 2.2006006970000005, 1.5451582628471747e11, 0.0024271844660194173, 0.0014563106796116505, 0.0014563106796116505],
[83, 2.2267186970000004, 1.984669748588216e11, 0.0024271844660194173, 0.0014563106796116505, 0.002912621359223301],
[84, 2.2530593980000004, 2.549197799065162e11, 0.0024271844660194173, 0.0024271844660194173, 0.0019417475728155341],
[85, 2.2872304980000004, 3.274302717802632e11, 0.0024271844660194173, 0.0014563106796116505, 0.002912621359223301],
[86, 2.3144036980000005, 4.2056597072970056e11, 0.0024271844660194173, 0.0019417475728155341, 0.002184466019417476],
[87, 2.3409040980000007, 5.401936117322728e11, 0.009708737864077669, 0.0033980582524271844, 0.0036407766990291263],
[88, 2.3671019970000007, 6.938486809984662e11, 0.0024271844660194173, 0.0019417475728155341, 0.002184466019417476],
[89, 2.3925114970000005, 8.912100531456594e11, 0.0048543689320388345, 0.0033980582524271844, 0.0036407766990291263],
[90, 2.4180171970000006, 1.1447097730959612e12, 0.0024271844660194173, 0.0019417475728155341, 0.0019417475728155341],
[91, 2.443995196000001, 1.47031607401041e12, 0.0048543689320388345, 0.0038834951456310682, 0.0036407766990291263],
[92, 2.4711831970000007, 1.8885392856081826e12, 0.0024271844660194173, 0.0019417475728155341, 0.0016990291262135922],
[93, 2.4977577980000008, 2.425723756912686e12, 0.0048543689320388345, 0.004368932038834952, 0.0036407766990291263],
[94, 2.5236043970000006, 3.1157073677349243e12, 0.0024271844660194173, 0.0019417475728155341, 0.0014563106796116505],
[95, 2.5493774970000005, 4.001952982631841e12, 0.0048543689320388345, 0.004368932038834952, 0.0033980582524271844],
[96, 2.5743702970000006, 5.140286239766481e12, 0.0024271844660194173, 0.0019417475728155341, 0.0014563106796116505],
[97, 2.6008516960000008, 6.602412068556687e12, 0.0048543689320388345, 0.004368932038834952, 0.0026699029126213596],
[98, 2.6261767960000006, 8.480431489727144e12, 0.0048543689320388345, 0.002912621359223301, 0.0016990291262135922],
[99, 2.6526848950000006, 1.0892643090218934e13, 0.007281553398058253, 0.005339805825242719, 0.0033980582524271844],
[100, 2.6764975950000007, 1.3990994854467627e13, 0.0024271844660194173, 0.0019417475728155341, 0.0016990291262135922],
[101, 2.702698995000001, 1.7970655582560066e13, 0.0048543689320388345, 0.005339805825242719, 0.0036407766990291263],
[102, 2.7280810950000007, 2.3082308669514094e13, 0.0024271844660194173, 0.0014563106796116505, 0.0016990291262135922],
[103, 2.7531142960000006, 2.964794307910117e13, 0.0048543689320388345, 0.005339805825242719, 0.0036407766990291263],
[104, 2.7781962960000004, 3.808113572086563e13, 0.0024271844660194173, 0.0014563106796116505, 0.0016990291262135922],
[105, 2.8023221960000004, 4.8913103158619086e13, 0.0048543689320388345, 0.005339805825242719, 0.0036407766990291263],
[106, 2.8275254960000002, 6.282616355640932e13, 0.0024271844660194173, 0.0014563106796116505, 0.0016990291262135922],
[107, 2.8568482970000004, 8.069671668980473e13, 0.007281553398058253, 0.005825242718446602, 0.0036407766990291263],
[108, 2.8832488980000006, 1.0365044940136522e14, 0.0024271844660194173, 0.0014563106796116505, 0.0016990291262135922],
[109, 2.9078410980000005, 1.3313324383617912e14, 0.007281553398058253, 0.005825242718446602, 0.0036407766990291263],
[110, 2.9349132980000006, 1.710022553547337e14, 0.0024271844660194173, 0.0014563106796116505, 0.0016990291262135922],
[111, 2.9614255970000007, 2.196428968165336e14, 0.007281553398058253, 0.005825242718446602, 0.0036407766990291263],
[112, 2.9881586960000006, 2.821190985500211e14, 0.0024271844660194173, 0.0009708737864077671, 0.0014563106796116505],
[113, 3.013960896000001, 3.623663087335389e14, 0.007281553398058253, 0.005339805825242719, 0.0033980582524271844],
[114, 3.040714796000001, 4.654393920357947e14, 0.0024271844660194173, 0.0009708737864077671, 0.0014563106796116505],
[115, 3.065114095000001, 5.978310412555042e14, 0.007281553398058253, 0.005339805825242719, 0.0033980582524271844],
[116, 3.0912253950000013, 7.678807595865739e14, 0.0024271844660194173, 0.0009708737864077671, 0.0014563106796116505],
[117, 3.1165340960000014, 9.863001755764105e14, 0.007281553398058253, 0.005339805825242719, 0.0033980582524271844],
[118, 3.1424181960000013, 1.2668477810034542e15, 0.0024271844660194173, 0.0009708737864077671, 0.0014563106796116505],
[119, 3.166714296000001, 1.6271955941964048e15, 0.007281553398058253, 0.005339805825242719, 0.0033980582524271844],
[120, 3.193252296000001, 2.090042340920001e15, 0.0024271844660194173, 0.0009708737864077671, 0.0014563106796116505],
[121, 3.216915296000001, 2.684543273378378e15, 0.007281553398058253, 0.005339805825242719, 0.0036407766990291263],
