rank: 30, ratio of 0 vs 1: 3, lambda:8, learning_rate: 0.4
iter time objective_function precision@K = 1, 5, 10
[0,30272.721302510203, 0.009708737864077669 0.004368932038834952 0.0036407766990291263],
[1, 0.027081899, 30149.29513167775, 0.0048543689320388345, 0.005339805825242719, 0.0038834951456310682],
[2, 0.0530718, 29819.45461932416, 0.0024271844660194173, 0.0019417475728155341, 0.0033980582524271844],
[3, 0.078568699, 29495.07430511889, 0.0024271844660194173, 0.002912621359223301, 0.0033980582524271844],
[4, 0.10423299800000001, 29373.031747061992, 0.0048543689320388345, 0.005339805825242719, 0.005097087378640777],
[5, 0.12977249800000001, 29261.515773404924, 0.0048543689320388345, 0.005825242718446602, 0.00558252427184466],
[6, 0.156551198, 29295.798954841997, 0.007281553398058253, 0.006310679611650486, 0.00558252427184466],
[7, 0.181965597, 29234.91744720071, 0.0024271844660194173, 0.004368932038834952, 0.004611650485436893],
[8, 0.208426197, 29278.403870192462, 0.0024271844660194173, 0.005339805825242719, 0.0036407766990291263],
[9, 0.234617097, 29217.81637108968, 0.0048543689320388345, 0.0048543689320388345, 0.005339805825242719],
[10, 0.260164697, 29264.13957697578, 0.007281553398058253, 0.0048543689320388345, 0.005097087378640777],
[11, 0.285405397, 29204.12419779945, 0.012135922330097087, 0.006796116504854369, 0.005825242718446602],
[12, 0.31163909700000003, 29252.590856621897, 0.0024271844660194173, 0.006310679611650486, 0.006067961165048544],
[13, 0.33764599700000003, 29194.534652965365, 0.009708737864077669, 0.006796116504854369, 0.006067961165048544],
[14, 0.36422749600000004, 29241.764133950608, 0.0048543689320388345, 0.006310679611650486, 0.00558252427184466],
[15, 0.39002599700000007, 29188.360479272218, 0.009708737864077669, 0.0038834951456310682, 0.006067961165048544],
[16, 0.41603039700000005, 29231.41881277409, 0.0024271844660194173, 0.0048543689320388345, 0.004611650485436893],
[17, 0.44269599600000004, 29184.669785147995, 0.012135922330097087, 0.007281553398058253, 0.006553398058252427],
[18, 0.467629995, 29221.740010843765, 0.007281553398058253, 0.006310679611650486, 0.00558252427184466],
[19, 0.49317109600000003, 29182.124558259286, 0.0048543689320388345, 0.004368932038834952, 0.006067961165048544],
[20, 0.5193569960000001, 29213.4560420134, 0.007281553398058253, 0.007281553398058253, 0.006310679611650486],
[21, 0.5471858960000001, 29180.349463790382, 0.012135922330097087, 0.005339805825242719, 0.005097087378640777],
[22, 0.5737749970000001, 29206.464360931695, 0.0, 0.0019417475728155341, 0.004126213592233009],
[23, 0.5996820980000002, 29179.14201651778, 0.0024271844660194173, 0.004368932038834952, 0.005825242718446602],
[24, 0.6272390970000001, 29200.571690083074, 0.007281553398058253, 0.008252427184466019, 0.006310679611650486],
[25, 0.6535324970000002, 29178.250626920017, 0.0048543689320388345, 0.005339805825242719, 0.006310679611650486],
[26, 0.6794773970000002, 29195.713516149357, 0.0048543689320388345, 0.005339805825242719, 0.004368932038834952],
[27, 0.7097158960000002, 29177.475883142273, 0.0024271844660194173, 0.008252427184466019, 0.006796116504854369],
[28, 0.7346951960000002, 29191.831480240126, 0.007281553398058253, 0.008252427184466019, 0.005339805825242719],
[29, 0.7605124950000002, 29177.027313688413, 0.0048543689320388345, 0.0038834951456310682, 0.004611650485436893],
[30, 0.7857896940000002, 29188.580732968614, 0.0048543689320388345, 0.005825242718446602, 0.005097087378640777],
[31, 0.8115855940000002, 29176.57183638217, 0.007281553398058253, 0.0048543689320388345, 0.006310679611650486],
[32, 0.8365190940000002, 29185.932138430442, 0.009708737864077669, 0.010194174757281554, 0.00849514563106796],
[33, 0.8624043930000003, 29176.291731255267, 0.007281553398058253, 0.0048543689320388345, 0.006310679611650486],
[34, 0.8888429930000002, 29183.769243676164, 0.007281553398058253, 0.006796116504854369, 0.0048543689320388345],
[35, 0.9155041940000003, 29175.950693085306, 0.009708737864077669, 0.006310679611650486, 0.006310679611650486],
[36, 0.9417974940000002, 29182.06547791012, 0.009708737864077669, 0.006796116504854369, 0.006310679611650486],
[37, 0.9694418940000002, 29175.75127187795, 0.0024271844660194173, 0.006796116504854369, 0.006796116504854369],
[38, 0.9967481930000003, 29180.714953841474, 0.007281553398058253, 0.007281553398058253, 0.006310679611650486],
[39, 1.0233382940000002, 29175.551132069864, 0.0048543689320388345, 0.0048543689320388345, 0.006067961165048544],
[40, 1.049478794, 29179.511980054893, 0.009708737864077669, 0.007281553398058253, 0.006553398058252427],
[41, 1.0762408940000001, 29175.42857359918, 0.009708737864077669, 0.005339805825242719, 0.006553398058252427],
[42, 1.1032396940000002, 29178.631546941375, 0.0, 0.005339805825242719, 0.006067961165048544],
[43, 1.1284629940000002, 29175.264838101328, 0.0048543689320388345, 0.0048543689320388345, 0.007281553398058253],
[44, 1.1563880940000002, 29177.87031099789, 0.007281553398058253, 0.006310679611650486, 0.006310679611650486],
[45, 1.1844545940000002, 29175.198955770356, 0.0024271844660194173, 0.005825242718446602, 0.007281553398058253],
[46, 1.2098757940000002, 29177.27379513725, 0.012135922330097087, 0.006796116504854369, 0.005097087378640777],
[47, 1.2351869940000002, 29175.10048628225, 0.007281553398058253, 0.0048543689320388345, 0.005097087378640777],
[48, 1.2605930940000003, 29176.771452133285, 0.0024271844660194173, 0.002912621359223301, 0.004611650485436893],
[49, 1.2863579940000003, 29175.048791318142, 0.0024271844660194173, 0.006310679611650486, 0.00849514563106796],
[50, 1.3135419940000004, 29176.403934891216, 0.0, 0.002912621359223301, 0.003155339805825243],
[51, 1.3496151950000004, 29174.97050057066, 0.012135922330097087, 0.01116504854368932, 0.009951456310679611],
[52, 1.3761494960000005, 29176.069821632285, 0.007281553398058253, 0.0048543689320388345, 0.0048543689320388345],
[53, 1.4015894960000004, 29174.934918490242, 0.01699029126213592, 0.013106796116504855, 0.009951456310679611],
[54, 1.4274178960000004, 29175.82731029354, 0.0024271844660194173, 0.0038834951456310682, 0.0038834951456310682],
[55, 1.4534944970000003, 29174.893273801998, 0.009708737864077669, 0.004368932038834952, 0.006553398058252427],
[56, 1.4819827980000004, 29175.603677743464, 0.0024271844660194173, 0.006310679611650486, 0.0048543689320388345],
[57, 1.5073589980000004, 29174.86525868017, 0.007281553398058253, 0.01116504854368932, 0.008737864077669903],
[58, 1.5339482990000004, 29175.450006255316, 0.007281553398058253, 0.006310679611650486, 0.00703883495145631],
[59, 1.5607681990000004, 29174.83215229858, 0.007281553398058253, 0.006796116504854369, 0.008009708737864078],
[60, 1.5857339990000003, 29175.306428562788, 0.0, 0.0048543689320388345, 0.0033980582524271844],
[61, 1.6124545990000003, 29174.81785727053, 0.007281553398058253, 0.009223300970873786, 0.006796116504854369],
[62, 1.6387836000000002, 29175.2018338815, 0.0024271844660194173, 0.0077669902912621365, 0.006310679611650486],
[63, 1.6655485010000002, 29174.799392049044, 0.012135922330097087, 0.012135922330097087, 0.008737864077669903],
[64, 1.6915473010000002, 29175.104803367136, 0.0048543689320388345, 0.006310679611650486, 0.006067961165048544],
[65, 1.7219163000000002, 29174.787266876516, 0.009708737864077669, 0.012621359223300972, 0.009223300970873786],
[66, 1.7477936990000003, 29175.039346404068, 0.007281553398058253, 0.0077669902912621365, 0.006553398058252427],
[67, 1.7738017000000001, 29174.772900518845, 0.0, 0.0077669902912621365, 0.006796116504854369],
[68, 1.7993302000000002, 29174.97751242708, 0.0048543689320388345, 0.0033980582524271844, 0.0048543689320388345],
[69, 1.824513999, 29174.767436654725, 0.009708737864077669, 0.005825242718446602, 0.006310679611650486],
[70, 1.850268698, 29174.931649627983, 0.0048543689320388345, 0.004368932038834952, 0.006067961165048544],
[71, 1.875910197, 29174.75879828666, 0.007281553398058253, 0.011650485436893204, 0.009223300970873786],
[72, 1.902145197, 29174.890831988203, 0.01699029126213592, 0.007281553398058253, 0.005339805825242719],
[73, 1.9295750980000002, 29174.753528166893, 0.012135922330097087, 0.009708737864077669, 0.008737864077669903],
[74, 1.9556213970000003, 29174.862513301854, 0.0024271844660194173, 0.006796116504854369, 0.006067961165048544],
[75, 1.9802514970000002, 29174.747872951208, 0.007281553398058253, 0.008252427184466019, 0.006796116504854369],
[76, 2.004888697, 29174.83544610756, 0.007281553398058253, 0.006310679611650486, 0.005825242718446602],
[77, 2.0310238970000003, 29174.745311728064, 0.0024271844660194173, 0.005339805825242719, 0.006067961165048544],
[78, 2.056144896, 29174.815984123554, 0.021844660194174758, 0.011650485436893204, 0.00849514563106796],
[79, 2.080535096, 29174.7413767149, 0.01699029126213592, 0.010679611650485438, 0.008980582524271846],
[80, 2.1080967960000003, 29174.79854823601, 0.007281553398058253, 0.006310679611650486, 0.006067961165048544],
[81, 2.1338247960000003, 29174.739321566216, 0.007281553398058253, 0.007281553398058253, 0.007524271844660194],
[82, 2.1596460950000003, 29174.78609995386, 0.007281553398058253, 0.005339805825242719, 0.005097087378640777],
[83, 2.1856089950000004, 29174.736950368875, 0.0048543689320388345, 0.009708737864077669, 0.00849514563106796],
[84, 2.212896295, 29174.774482456178, 0.0, 0.005825242718446602, 0.004611650485436893],
[85, 2.239339094, 29174.735678150966, 0.007281553398058253, 0.01116504854368932, 0.009708737864077669],
[86, 2.265372493, 29174.766200907874, 0.019417475728155338, 0.01116504854368932, 0.010679611650485438],
[87, 2.291393493, 29174.734049222665, 0.0024271844660194173, 0.006796116504854369, 0.007281553398058253],
[88, 2.323793493, 29174.758646378556, 0.007281553398058253, 0.008252427184466019, 0.005825242718446602],
[89, 2.349704892, 29174.73319589863, 0.0, 0.008737864077669903, 0.007281553398058253],
[90, 2.374462892, 29174.75332852548, 0.01699029126213592, 0.008737864077669903, 0.0077669902912621365],
[91, 2.4017433919999998, 29174.73209916392, 0.012135922330097087, 0.01116504854368932, 0.008252427184466019],
[92, 2.427861593, 29174.748326575544, 0.007281553398058253, 0.005825242718446602, 0.005097087378640777],
[93, 2.453349094, 29174.731603831056, 0.014563106796116505, 0.009708737864077669, 0.0077669902912621365],
[94, 2.479298794, 29174.74470962688, 0.009708737864077669, 0.006796116504854369, 0.005825242718446602],
[95, 2.507570195, 29174.73092129804, 0.0, 0.009708737864077669, 0.006310679611650486],
[96, 2.531804094, 29174.741467242893, 0.0048543689320388345, 0.0048543689320388345, 0.005339805825242719],
[97, 2.556856694, 29174.73053113644, 0.0048543689320388345, 0.006796116504854369, 0.00558252427184466],
[98, 2.581822193, 29174.73919166472, 0.0048543689320388345, 0.002912621359223301, 0.0026699029126213596],
[99, 2.6081054929999996, 29174.730064011907, 0.0024271844660194173, 0.004368932038834952, 0.004368932038834952],
[100, 2.6331927939999997, 29174.73703366112, 0.009708737864077669, 0.007281553398058253, 0.006553398058252427],
[101, 2.6595375929999996, 29174.729825438786, 0.0, 0.006310679611650486, 0.006796116504854369],
[102, 2.6857542929999996, 29174.73550046059, 0.0024271844660194173, 0.004368932038834952, 0.0048543689320388345],
[103, 2.7204729929999996, 29174.729544999547, 0.0048543689320388345, 0.006310679611650486, 0.006067961165048544],
[104, 2.7457054939999996, 29174.73409587586, 0.0024271844660194173, 0.0038834951456310682, 0.005097087378640777],
[105, 2.7714370939999995, 29174.72937729536, 0.007281553398058253, 0.005339805825242719, 0.006067961165048544],
[106, 2.7968416949999995, 29174.733107812583, 0.012135922330097087, 0.005339805825242719, 0.006553398058252427],
[107, 2.8216845939999993, 29174.72918178529, 0.0048543689320388345, 0.008737864077669903, 0.006796116504854369],
[108, 2.848563193999999, 29174.73217824862, 0.007281553398058253, 0.004368932038834952, 0.006067961165048544],
[109, 2.8756353939999992, 29174.729086139512, 0.0048543689320388345, 0.006310679611650486, 0.005825242718446602],
[110, 2.9025100949999993, 29174.7315164506, 0.007281553398058253, 0.006310679611650486, 0.00703883495145631],
[111, 2.929569994999999, 29174.72895384102, 0.0048543689320388345, 0.0048543689320388345, 0.006067961165048544],
[112, 2.9552392949999993, 29174.730915100783, 0.009708737864077669, 0.005825242718446602, 0.004368932038834952],
[113, 2.9816628949999995, 29174.728884097956, 0.0048543689320388345, 0.005339805825242719, 0.006067961165048544],
[114, 3.0074234939999993, 29174.730491447426, 0.0048543689320388345, 0.007281553398058253, 0.006553398058252427],
[115, 3.034895293999999, 29174.72879982414, 0.009708737864077669, 0.008252427184466019, 0.007281553398058253],
[116, 3.0594386939999993, 29174.730090405057, 0.009708737864077669, 0.009223300970873786, 0.006796116504854369],
[117, 3.085058793999999, 29174.728757941702, 0.0024271844660194173, 0.006310679611650486, 0.005339805825242719],
[118, 3.118585992999999, 29174.72980519916, 0.0048543689320388345, 0.0077669902912621365, 0.005825242718446602],
[119, 3.143699292999999, 29174.72870165165, 0.0024271844660194173, 0.004368932038834952, 0.005097087378640777],
[120, 3.169750992999999, 29174.72954827328, 0.0048543689320388345, 0.0048543689320388345, 0.005825242718446602],
[121, 3.194992192999999, 29174.728672306042, 0.0, 0.0033980582524271844, 0.0048543689320388345],
