rank: 30, ratio of 0 vs 1: 3, lambda:4, learning_rate: 0.4
iter time objective_function precision@K = 1, 5, 10
[0,29723.825606628314, 0.009708737864077669 0.004368932038834952 0.0036407766990291263],
[1, 0.028695299, 29515.59930122108, 0.0048543689320388345, 0.005339805825242719, 0.004126213592233009],
[2, 0.056265300000000004, 29439.75008439246, 0.009708737864077669, 0.006310679611650486, 0.0048543689320388345],
[3, 0.0839182, 29361.732076715616, 0.009708737864077669, 0.004368932038834952, 0.005825242718446602],
[4, 0.1180467, 29282.76063223948, 0.0024271844660194173, 0.0077669902912621365, 0.00849514563106796],
[5, 0.1441453, 29211.041832846648, 0.007281553398058253, 0.0048543689320388345, 0.006310679611650486],
[6, 0.1715295, 29225.77018718203, 0.009708737864077669, 0.008737864077669903, 0.008009708737864078],
[7, 0.198473099, 29209.8016619903, 0.007281553398058253, 0.0077669902912621365, 0.006310679611650486],
[8, 0.22655109899999998, 29225.74747987124, 0.009708737864077669, 0.006796116504854369, 0.006796116504854369],
[9, 0.254062399, 29209.600903720944, 0.007281553398058253, 0.006310679611650486, 0.005339805825242719],
[10, 0.282660299, 29225.737210613857, 0.009708737864077669, 0.0038834951456310682, 0.0036407766990291263],
[11, 0.3100097, 29209.505477324423, 0.0048543689320388345, 0.0019417475728155341, 0.002184466019417476],
[12, 0.338019301, 29225.713538183485, 0.007281553398058253, 0.0038834951456310682, 0.004611650485436893],
[13, 0.363933, 29209.44294716823, 0.0, 0.0019417475728155341, 0.0019417475728155341],
[14, 0.3906348, 29225.74603628466, 0.0048543689320388345, 0.002912621359223301, 0.002912621359223301],
[15, 0.418531399, 29209.416547704936, 0.0048543689320388345, 0.005825242718446602, 0.004368932038834952],
[16, 0.447931299, 29225.777370603755, 0.0024271844660194173, 0.002912621359223301, 0.002912621359223301],
[17, 0.475123499, 29209.339586034417, 0.0024271844660194173, 0.0024271844660194173, 0.0026699029126213596],
[18, 0.501710699, 29225.84060765233, 0.0024271844660194173, 0.0014563106796116505, 0.0024271844660194173],
[19, 0.5270950999999999, 29209.275117497677, 0.0, 0.0014563106796116505, 0.003155339805825243],
[20, 0.5529036999999999, 29225.90086536978, 0.007281553398058253, 0.0048543689320388345, 0.005097087378640777],
[21, 0.5806599999999998, 29209.252340066032, 0.0024271844660194173, 0.0048543689320388345, 0.0036407766990291263],
[22, 0.6074354989999998, 29225.970191385313, 0.007281553398058253, 0.0048543689320388345, 0.004611650485436893],
[23, 0.6342219989999999, 29209.177364292376, 0.007281553398058253, 0.005825242718446602, 0.0036407766990291263],
[24, 0.6619878989999999, 29226.009834274406, 0.0, 0.0009708737864077671, 0.0014563106796116505],
[25, 0.6894552999999999, 29209.180757919734, 0.0048543689320388345, 0.0024271844660194173, 0.002912621359223301],
[26, 0.7162504989999999, 29226.029131957304, 0.012135922330097087, 0.0048543689320388345, 0.0036407766990291263],
[27, 0.7462102999999999, 29209.227031703478, 0.0024271844660194173, 0.0033980582524271844, 0.003155339805825243],
[28, 0.7723043999999999, 29226.018943202198, 0.0048543689320388345, 0.004368932038834952, 0.0036407766990291263],
[29, 0.7996828999999999, 29209.171398316757, 0.0, 0.0033980582524271844, 0.003155339805825243],
[30, 0.8267562989999999, 29226.110229364578, 0.0, 0.0009708737864077671, 0.002912621359223301],
[31, 0.8568585, 29209.12066224822, 0.007281553398058253, 0.0048543689320388345, 0.004611650485436893],
[32, 0.8834816, 29226.151899292352, 0.0, 0.0033980582524271844, 0.0024271844660194173],
[33, 0.9122913, 29209.096237490296, 0.007281553398058253, 0.002912621359223301, 0.0024271844660194173],
[34, 0.9427099, 29226.212135020767, 0.0, 0.0033980582524271844, 0.003155339805825243],
[35, 0.973265701, 29209.055891081833, 0.0024271844660194173, 0.0048543689320388345, 0.0036407766990291263],
[36, 0.999809202, 29226.236905135996, 0.0024271844660194173, 0.0048543689320388345, 0.004611650485436893],
[37, 1.027424402, 29209.040625775284, 0.0048543689320388345, 0.0048543689320388345, 0.0038834951456310682],
[38, 1.055305403, 29226.2678790258, 0.0048543689320388345, 0.0024271844660194173, 0.0024271844660194173],
[39, 1.0826199029999999, 29209.0577122659, 0.0024271844660194173, 0.0033980582524271844, 0.0036407766990291263],
[40, 1.1115253029999999, 29226.26339632117, 0.0024271844660194173, 0.0024271844660194173, 0.0026699029126213596],
[41, 1.1391250019999999, 29209.042626732073, 0.0, 0.0019417475728155341, 0.0033980582524271844],
[42, 1.165418801, 29226.293692194966, 0.0048543689320388345, 0.004368932038834952, 0.0038834951456310682],
[43, 1.1908416, 29209.022267129418, 0.0024271844660194173, 0.0038834951456310682, 0.0033980582524271844],
[44, 1.2186662, 29226.322328381422, 0.009708737864077669, 0.006796116504854369, 0.005825242718446602],
[45, 1.2460483, 29209.05529409856, 0.0024271844660194173, 0.002912621359223301, 0.002912621359223301],
[46, 1.2714811, 29226.315149208476, 0.0024271844660194173, 0.0024271844660194173, 0.002184466019417476],
[47, 1.2985973009999998, 29209.058041291704, 0.0, 0.0014563106796116505, 0.0026699029126213596],
[48, 1.3265637009999998, 29226.331744211293, 0.0, 0.0033980582524271844, 0.004368932038834952],
[49, 1.3531094009999998, 29209.067154173077, 0.009708737864077669, 0.006310679611650486, 0.0038834951456310682],
[50, 1.3827110009999997, 29226.357530541718, 0.0024271844660194173, 0.0024271844660194173, 0.004611650485436893],
[51, 1.4087751999999996, 29209.041474730326, 0.0048543689320388345, 0.007281553398058253, 0.005097087378640777],
[52, 1.4357554999999995, 29226.380668430123, 0.0048543689320388345, 0.002912621359223301, 0.0024271844660194173],
[53, 1.4641041999999995, 29208.99002075967, 0.007281553398058253, 0.0033980582524271844, 0.0026699029126213596],
[54, 1.4913050989999994, 29226.37656248884, 0.0, 0.0033980582524271844, 0.003155339805825243],
[55, 1.5169466989999993, 29209.04195481087, 0.0, 0.005339805825242719, 0.004611650485436893],
[56, 1.5439063989999993, 29226.37727850085, 0.007281553398058253, 0.0048543689320388345, 0.004611650485436893],
[57, 1.5704678989999992, 29209.025364545734, 0.0024271844660194173, 0.0038834951456310682, 0.002912621359223301],
[58, 1.5996559989999992, 29226.435707209086, 0.0, 0.0024271844660194173, 0.0033980582524271844],
[59, 1.6281917989999992, 29208.986905984206, 0.0024271844660194173, 0.0024271844660194173, 0.002912621359223301],
[60, 1.6576045999999993, 29226.43635138234, 0.0048543689320388345, 0.0019417475728155341, 0.0026699029126213596],
[61, 1.6844258989999994, 29209.034556189086, 0.007281553398058253, 0.0048543689320388345, 0.004611650485436893],
[62, 1.7126742979999994, 29226.41777948064, 0.0, 0.0019417475728155341, 0.0026699029126213596],
[63, 1.7406806969999993, 29209.05632446273, 0.0048543689320388345, 0.002912621359223301, 0.0033980582524271844],
[64, 1.7675543969999992, 29226.421468194025, 0.0048543689320388345, 0.002912621359223301, 0.0026699029126213596],
[65, 1.7948834969999992, 29209.069823950744, 0.0, 0.002912621359223301, 0.0033980582524271844],
[66, 1.8199789959999992, 29226.422977237788, 0.0, 0.0014563106796116505, 0.002912621359223301],
[67, 1.8478350959999992, 29209.083807150837, 0.0048543689320388345, 0.005339805825242719, 0.004611650485436893],
[68, 1.875189895999999, 29226.37748704626, 0.0, 0.0024271844660194173, 0.0016990291262135922],
[69, 1.901326395999999, 29209.100669068113, 0.007281553398058253, 0.004368932038834952, 0.004368932038834952],
[70, 1.927675994999999, 29226.37790901833, 0.0, 0.006310679611650486, 0.006067961165048544],
[71, 1.953323695999999, 29209.095290390986, 0.0024271844660194173, 0.0024271844660194173, 0.004368932038834952],
[72, 1.9809915969999992, 29226.425789549994, 0.0, 0.0009708737864077671, 0.0009708737864077671],
[73, 2.009336596999999, 29209.090337430043, 0.0024271844660194173, 0.002912621359223301, 0.0038834951456310682],
[74, 2.036387197999999, 29226.407001947216, 0.0024271844660194173, 0.0048543689320388345, 0.005339805825242719],
[75, 2.063459997999999, 29209.11429881017, 0.0048543689320388345, 0.004368932038834952, 0.005339805825242719],
[76, 2.089999198999999, 29226.421899363097, 0.0048543689320388345, 0.002912621359223301, 0.0036407766990291263],
[77, 2.1182860989999988, 29209.1009036904, 0.0, 0.0024271844660194173, 0.002912621359223301],
[78, 2.144871698999999, 29226.403873229723, 0.0024271844660194173, 0.004368932038834952, 0.0036407766990291263],
[79, 2.171326397999999, 29209.14331941918, 0.009708737864077669, 0.002912621359223301, 0.0036407766990291263],
[80, 2.198073297999999, 29226.383211906475, 0.0024271844660194173, 0.004368932038834952, 0.003155339805825243],
[81, 2.2332400979999987, 29209.158140859763, 0.007281553398058253, 0.0038834951456310682, 0.002912621359223301],
[82, 2.2611563979999985, 29226.365571111768, 0.007281553398058253, 0.004368932038834952, 0.0038834951456310682],
[83, 2.2898141979999984, 29209.192499895533, 0.0024271844660194173, 0.0024271844660194173, 0.0033980582524271844],
[84, 2.3180027979999984, 29226.36457224138, 0.0, 0.0009708737864077671, 0.002184466019417476],
[85, 2.3452116979999986, 29209.217029464875, 0.0, 0.0033980582524271844, 0.002912621359223301],
[86, 2.3718954979999984, 29226.36776866281, 0.009708737864077669, 0.0033980582524271844, 0.0033980582524271844],
[87, 2.4007290989999985, 29209.246644111285, 0.007281553398058253, 0.005339805825242719, 0.004611650485436893],
[88, 2.4263462999999987, 29226.33384609981, 0.0048543689320388345, 0.0033980582524271844, 0.0033980582524271844],
[89, 2.4538784009999985, 29209.28576089841, 0.0024271844660194173, 0.0019417475728155341, 0.0019417475728155341],
[90, 2.4817028999999984, 29226.321929264093, 0.0024271844660194173, 0.0024271844660194173, 0.003155339805825243],
[91, 2.5102624999999983, 29209.293147375694, 0.0, 0.002912621359223301, 0.002912621359223301],
[92, 2.535276700999998, 29226.30948175717, 0.0024271844660194173, 0.0019417475728155341, 0.002912621359223301],
[93, 2.562577499999998, 29209.305532209153, 0.0, 0.0024271844660194173, 0.002912621359223301],
[94, 2.589941698999998, 29226.2825096025, 0.0, 0.0024271844660194173, 0.0036407766990291263],
[95, 2.6170384989999977, 29209.36406762134, 0.0, 0.0048543689320388345, 0.004368932038834952],
[96, 2.6438956989999975, 29226.250510666745, 0.0048543689320388345, 0.0024271844660194173, 0.0024271844660194173],
[97, 2.6710813989999975, 29209.338105508275, 0.0, 0.0024271844660194173, 0.003155339805825243],
[98, 2.6977403989999975, 29226.267216917822, 0.0, 0.0033980582524271844, 0.003155339805825243],
[99, 2.7248659989999977, 29209.39772065762, 0.0, 0.0033980582524271844, 0.0036407766990291263],
[100, 2.752007398999998, 29226.223769970078, 0.0, 0.00048543689320388353, 0.0007281553398058253],
[101, 2.7804478989999977, 29209.34539392811, 0.0024271844660194173, 0.004368932038834952, 0.0038834951456310682],
[102, 2.8068160989999975, 29226.233337021196, 0.0048543689320388345, 0.0033980582524271844, 0.0038834951456310682],
[103, 2.8346826989999974, 29209.423875218574, 0.0, 0.002912621359223301, 0.002912621359223301],
[104, 2.861874998999997, 29226.210623786334, 0.0048543689320388345, 0.005339805825242719, 0.004126213592233009],
[105, 2.8896945999999972, 29209.441444366872, 0.009708737864077669, 0.0048543689320388345, 0.005339805825242719],
[106, 2.916287499999997, 29226.20210074805, 0.0048543689320388345, 0.0024271844660194173, 0.0024271844660194173],
[107, 2.943592899999997, 29209.42253285516, 0.0, 0.0048543689320388345, 0.004368932038834952],
[108, 2.970312699999997, 29226.22836353473, 0.0, 0.0033980582524271844, 0.004368932038834952],
[109, 2.997389099999997, 29209.39763852197, 0.0, 0.0014563106796116505, 0.0036407766990291263],
[110, 3.023972399999997, 29226.19315254447, 0.0024271844660194173, 0.002912621359223301, 0.002184466019417476],
[111, 3.050089699999997, 29209.45393141967, 0.0048543689320388345, 0.0048543689320388345, 0.004126213592233009],
[112, 3.080241300999997, 29226.197233027462, 0.0024271844660194173, 0.004368932038834952, 0.002912621359223301],
[113, 3.105952500999997, 29209.49764294858, 0.0, 0.0009708737864077671, 0.0024271844660194173],
[114, 3.136011000999997, 29226.139622400893, 0.0024271844660194173, 0.0038834951456310682, 0.004126213592233009],
[115, 3.162063200999997, 29209.53750104881, 0.0024271844660194173, 0.0033980582524271844, 0.0036407766990291263],
[116, 3.187366799999997, 29226.081550810184, 0.0024271844660194173, 0.0033980582524271844, 0.0033980582524271844],
[117, 3.2136193999999967, 29209.56675404162, 0.0048543689320388345, 0.004368932038834952, 0.0036407766990291263],
[118, 3.240579999999997, 29226.094602118417, 0.0048543689320388345, 0.004368932038834952, 0.004126213592233009],
[119, 3.267045499999997, 29209.587244779104, 0.009708737864077669, 0.004368932038834952, 0.0033980582524271844],
[120, 3.296913198999997, 29226.072223258267, 0.0048543689320388345, 0.0038834951456310682, 0.0038834951456310682],
[121, 3.3226045979999967, 29209.56667649138, 0.007281553398058253, 0.005825242718446602, 0.004611650485436893],
