rank: 30, ratio of 0 vs 1: 3, lambda:4, learning_rate: 0.4
iter time objective_function precision@K = 1, 5, 10
[0,29723.825606628314, 0.009708737864077669 0.004368932038834952 0.0036407766990291263],
[1, 0.0265637, 29515.59930122108, 0.0048543689320388345, 0.005339805825242719, 0.004126213592233009],
[2, 0.054242501, 29442.73646264782, 0.007281553398058253, 0.005339805825242719, 0.005825242718446602],
[3, 0.091290002, 29382.99864127986, 0.012135922330097087, 0.006796116504854369, 0.005097087378640777],
[4, 0.120034902, 29332.973106990128, 0.007281553398058253, 0.006310679611650486, 0.005825242718446602],
[5, 0.146482801, 29290.39508262898, 0.007281553398058253, 0.005339805825242719, 0.004611650485436893],
[6, 0.174850502, 29254.223447785927, 0.0048543689320388345, 0.007281553398058253, 0.006553398058252427],
[7, 0.203267602, 29223.717534436302, 0.0048543689320388345, 0.008252427184466019, 0.006796116504854369],
[8, 0.230024503, 29204.191606736655, 0.0048543689320388345, 0.008737864077669903, 0.0077669902912621365],
[9, 0.256912204, 29192.73575357883, 0.007281553398058253, 0.013592233009708738, 0.010194174757281554],
[10, 0.28430380299999997, 29185.99728269474, 0.014563106796116505, 0.01407766990291262, 0.009466019417475728],
[11, 0.30985070299999995, 29183.03422727963, 0.009708737864077669, 0.008252427184466019, 0.007281553398058253],
[12, 0.3361772029999999, 29181.705936572864, 0.012135922330097087, 0.007281553398058253, 0.006553398058252427],
[13, 0.3634628019999999, 29180.705589594978, 0.009708737864077669, 0.006310679611650486, 0.006553398058252427],
[14, 0.3902708019999999, 29179.861028700027, 0.0, 0.005825242718446602, 0.004368932038834952],
[15, 0.41610090199999994, 29179.10073033772, 0.009708737864077669, 0.0077669902912621365, 0.008009708737864078],
[16, 0.4434621019999999, 29178.42641905092, 0.009708737864077669, 0.005339805825242719, 0.00558252427184466],
[17, 0.46970240099999994, 29177.926355590662, 0.007281553398058253, 0.008737864077669903, 0.005825242718446602],
[18, 0.49601090099999995, 29177.336740348368, 0.009708737864077669, 0.006796116504854369, 0.006310679611650486],
[19, 0.523641501, 29177.100507786843, 0.007281553398058253, 0.006796116504854369, 0.006310679611650486],
[20, 0.5499354009999999, 29176.63644164116, 0.01699029126213592, 0.008737864077669903, 0.008009708737864078],
[21, 0.5775140999999999, 29176.411731395594, 0.0048543689320388345, 0.005339805825242719, 0.006553398058252427],
[22, 0.6047558, 29176.124546354902, 0.012135922330097087, 0.009223300970873786, 0.007281553398058253],
[23, 0.6311542, 29175.978758426485, 0.012135922330097087, 0.009223300970873786, 0.007524271844660194],
[24, 0.658521201, 29175.740320312696, 0.024271844660194174, 0.008252427184466019, 0.006067961165048544],
[25, 0.684834601, 29175.620320025213, 0.0, 0.009708737864077669, 0.009223300970873786],
[26, 0.7124340010000001, 29175.485929776118, 0.014563106796116505, 0.012135922330097087, 0.007281553398058253],
[27, 0.7396920020000001, 29175.38106193626, 0.009708737864077669, 0.008252427184466019, 0.007281553398058253],
[28, 0.7686216010000001, 29175.289704529136, 0.014563106796116505, 0.0077669902912621365, 0.007281553398058253],
[29, 0.7953846010000001, 29175.20184134675, 0.0024271844660194173, 0.008737864077669903, 0.007524271844660194],
[30, 0.8239457010000001, 29175.137524594666, 0.007281553398058253, 0.007281553398058253, 0.00703883495145631],
[31, 0.8509367000000001, 29175.083856691967, 0.012135922330097087, 0.008737864077669903, 0.00703883495145631],
[32, 0.8787816, 29175.037665619948, 0.014563106796116505, 0.008737864077669903, 0.007281553398058253],
[33, 0.905942, 29174.988904927788, 0.007281553398058253, 0.009223300970873786, 0.008980582524271846],
[34, 0.933141, 29174.955117491296, 0.0048543689320388345, 0.009223300970873786, 0.0077669902912621365],
[35, 0.9680599, 29174.929795338507, 0.0024271844660194173, 0.0048543689320388345, 0.0048543689320388345],
[36, 0.997771199, 29174.902449080917, 0.0048543689320388345, 0.009223300970873786, 0.008009708737864078],
[37, 1.023560098, 29174.878615866637, 0.007281553398058253, 0.008252427184466019, 0.007281553398058253],
[38, 1.049777397, 29174.861430316847, 0.007281553398058253, 0.006796116504854369, 0.006796116504854369],
[39, 1.0762137969999999, 29174.84735501654, 0.0024271844660194173, 0.005339805825242719, 0.004368932038834952],
[40, 1.1032237969999998, 29174.834388282023, 0.012135922330097087, 0.01116504854368932, 0.00849514563106796],
[41, 1.1293297969999998, 29174.820859518943, 0.019417475728155338, 0.008737864077669903, 0.006310679611650486],
[42, 1.155708198, 29174.81174065724, 0.014563106796116505, 0.0077669902912621365, 0.006310679611650486],
[43, 1.182868098, 29174.80511226336, 0.019417475728155338, 0.009223300970873786, 0.007281553398058253],
[44, 1.209567598, 29174.79775552701, 0.01699029126213592, 0.0077669902912621365, 0.00703883495145631],
[45, 1.237086698, 29174.79076605885, 0.0048543689320388345, 0.007281553398058253, 0.008009708737864078],
[46, 1.263558398, 29174.786022661938, 0.009708737864077669, 0.006796116504854369, 0.005339805825242719],
[47, 1.2894692970000001, 29174.78284850984, 0.0048543689320388345, 0.007281553398058253, 0.006796116504854369],
[48, 1.317590196, 29174.778884238054, 0.012135922330097087, 0.005825242718446602, 0.006067961165048544],
[49, 1.344606597, 29174.77513619267, 0.0024271844660194173, 0.006310679611650486, 0.006796116504854369],
[50, 1.3704784970000001, 29174.772912429366, 0.012135922330097087, 0.006310679611650486, 0.005339805825242719],
[51, 1.397003497, 29174.77095711913, 0.007281553398058253, 0.007281553398058253, 0.006796116504854369],
[52, 1.426174797, 29174.769054376986, 0.019417475728155338, 0.0077669902912621365, 0.006067961165048544],
[53, 1.4572644970000002, 29174.767057892186, 0.007281553398058253, 0.007281553398058253, 0.007281553398058253],
[54, 1.484628497, 29174.765763884174, 0.019417475728155338, 0.010194174757281554, 0.00703883495145631],
[55, 1.510963697, 29174.764912161034, 0.0024271844660194173, 0.009223300970873786, 0.008737864077669903],
[56, 1.537347496, 29174.763814508646, 0.014563106796116505, 0.005825242718446602, 0.004611650485436893],
[57, 1.565746996, 29174.76284659852, 0.01699029126213592, 0.007281553398058253, 0.008009708737864078],
[58, 1.592928897, 29174.76220136175, 0.0048543689320388345, 0.0048543689320388345, 0.006310679611650486],
[59, 1.623060096, 29174.761693178945, 0.0024271844660194173, 0.006310679611650486, 0.00849514563106796],
[60, 1.6498527959999998, 29174.76112144817, 0.014563106796116505, 0.009708737864077669, 0.008737864077669903],
[61, 1.6781207949999999, 29174.760629475477, 0.01699029126213592, 0.011650485436893204, 0.011650485436893204],
[62, 1.703521895, 29174.7602956265, 0.0048543689320388345, 0.007281553398058253, 0.006310679611650486],
[63, 1.729080296, 29174.760011297712, 0.007281553398058253, 0.008737864077669903, 0.008252427184466019],
[64, 1.754692396, 29174.75972647967, 0.009708737864077669, 0.0077669902912621365, 0.006067961165048544],
[65, 1.782131496, 29174.759477227646, 0.009708737864077669, 0.008252427184466019, 0.006553398058252427],
[66, 1.810207096, 29174.759297835823, 0.019417475728155338, 0.008737864077669903, 0.008980582524271846],
[67, 1.835932997, 29174.759146280794, 0.012135922330097087, 0.010679611650485438, 0.007524271844660194],
[68, 1.862109997, 29174.75899592481, 0.007281553398058253, 0.005825242718446602, 0.006067961165048544],
[69, 1.889315997, 29174.758868594632, 0.009708737864077669, 0.006796116504854369, 0.005825242718446602],
[70, 1.915620498, 29174.758774298152, 0.0048543689320388345, 0.004368932038834952, 0.004611650485436893],
[71, 1.941116198, 29174.758695505585, 0.007281553398058253, 0.0038834951456310682, 0.005339805825242719],
[72, 1.966789598, 29174.758616555115, 0.012135922330097087, 0.009708737864077669, 0.006796116504854369],
[73, 1.993782398, 29174.75855163149, 0.0048543689320388345, 0.007281553398058253, 0.007524271844660194],
[74, 2.020844099, 29174.75850202082, 0.009708737864077669, 0.005825242718446602, 0.005825242718446602],
[75, 2.047268598, 29174.758460426867, 0.009708737864077669, 0.008252427184466019, 0.006310679611650486],
[76, 2.0730457970000002, 29174.75842083019, 0.01699029126213592, 0.0077669902912621365, 0.006796116504854369],
[77, 2.101442598, 29174.75838373599, 0.012135922330097087, 0.010679611650485438, 0.009223300970873786],
[78, 2.128567497, 29174.758358391762, 0.007281553398058253, 0.006796116504854369, 0.006553398058252427],
[79, 2.155927697, 29174.758338307525, 0.0048543689320388345, 0.005339805825242719, 0.0048543689320388345],
[80, 2.182049696, 29174.758316599648, 0.01699029126213592, 0.0077669902912621365, 0.006553398058252427],
[81, 2.209355997, 29174.75829781677, 0.007281553398058253, 0.008737864077669903, 0.007524271844660194],
[82, 2.239256497, 29174.758284184176, 0.012135922330097087, 0.006796116504854369, 0.00558252427184466],
[83, 2.266421796, 29174.758274083088, 0.007281553398058253, 0.006310679611650486, 0.005825242718446602],
[84, 2.293083396, 29174.7582631462, 0.01699029126213592, 0.010194174757281554, 0.008737864077669903],
[85, 2.319753896, 29174.75825244788, 0.009708737864077669, 0.005825242718446602, 0.007524271844660194],
[86, 2.346218596, 29174.75824564083, 0.021844660194174758, 0.007281553398058253, 0.006067961165048544],
[87, 2.372408795, 29174.75824032058, 0.012135922330097087, 0.008737864077669903, 0.00703883495145631],
[88, 2.398273495, 29174.758234480967, 0.012135922330097087, 0.009223300970873786, 0.006067961165048544],
[89, 2.4246157950000002, 29174.758229206513, 0.009708737864077669, 0.010194174757281554, 0.009951456310679611],
[90, 2.452303795, 29174.75822557281, 0.007281553398058253, 0.009223300970873786, 0.006796116504854369],
[91, 2.478825595, 29174.75822272722, 0.0048543689320388345, 0.008252427184466019, 0.00703883495145631],
[92, 2.505584995, 29174.75821978623, 0.007281553398058253, 0.006310679611650486, 0.005339805825242719],
[93, 2.531587495, 29174.758216905306, 0.012135922330097087, 0.006310679611650486, 0.005339805825242719],
[94, 2.558081895, 29174.758214991594, 0.014563106796116505, 0.009708737864077669, 0.007524271844660194],
[95, 2.585003796, 29174.758213585545, 0.0048543689320388345, 0.005339805825242719, 0.00558252427184466],
[96, 2.610970096, 29174.758212004104, 0.012135922330097087, 0.013592233009708738, 0.009708737864077669],
[97, 2.637221896, 29174.758210559823, 0.0024271844660194173, 0.011650485436893204, 0.008980582524271846],
[98, 2.6666994949999996, 29174.75820954408, 0.012135922330097087, 0.012135922330097087, 0.008009708737864078],
[99, 2.6923745959999996, 29174.75820876688, 0.0048543689320388345, 0.0048543689320388345, 0.006553398058252427],
[100, 2.7205599959999995, 29174.758207999374, 0.007281553398058253, 0.008252427184466019, 0.006553398058252427],
[101, 2.7463800959999993, 29174.758207199462, 0.007281553398058253, 0.006310679611650486, 0.006310679611650486],
[102, 2.7729867969999993, 29174.758206685252, 0.01699029126213592, 0.0077669902912621365, 0.00703883495145631],
[103, 2.7999492969999995, 29174.75820627373, 0.012135922330097087, 0.010194174757281554, 0.007281553398058253],
[104, 2.8265174959999997, 29174.758205856713, 0.019417475728155338, 0.01116504854368932, 0.0077669902912621365],
[105, 2.853736395, 29174.758205481412, 0.014563106796116505, 0.0077669902912621365, 0.007524271844660194],
[106, 2.880230395, 29174.758205186594, 0.009708737864077669, 0.009708737864077669, 0.00703883495145631],
[107, 2.906262895, 29174.758204978738, 0.007281553398058253, 0.010194174757281554, 0.008737864077669903],
[108, 2.9331916939999996, 29174.758204767626, 0.019417475728155338, 0.013592233009708738, 0.010679611650485438],
[109, 2.9596111939999994, 29174.75820455645, 0.012135922330097087, 0.008252427184466019, 0.009223300970873786],
[110, 2.9931803939999995, 29174.758204408656, 0.01699029126213592, 0.010679611650485438, 0.008737864077669903],
[111, 3.0183547949999996, 29174.758204299014, 0.014563106796116505, 0.010679611650485438, 0.009223300970873786],
[112, 3.0425357949999996, 29174.758204189588, 0.014563106796116505, 0.006796116504854369, 0.006553398058252427],
[113, 3.0691010949999997, 29174.7582040836, 0.009708737864077669, 0.009223300970873786, 0.008252427184466019],
[114, 3.095546995, 29174.75820400386, 0.024271844660194174, 0.012621359223300972, 0.009223300970873786],
[115, 3.123847695, 29174.758203946083, 0.0, 0.002912621359223301, 0.0036407766990291263],
[116, 3.1510230949999998, 29174.758203889112, 0.012135922330097087, 0.008737864077669903, 0.007524271844660194],
[117, 3.1783029939999996, 29174.75820383017, 0.0048543689320388345, 0.0048543689320388345, 0.005825242718446602],
[118, 3.2057010929999996, 29174.758203792488, 0.02669902912621359, 0.014563106796116505, 0.009708737864077669],
[119, 3.232186293, 29174.758203762303, 0.014563106796116505, 0.011650485436893204, 0.009466019417475728],
[120, 3.2577941929999996, 29174.758203730744, 0.019417475728155338, 0.010194174757281554, 0.009223300970873786],
[121, 3.2836234929999994, 29174.758203702335, 0.014563106796116505, 0.0077669902912621365, 0.0077669902912621365],
