rank: 30, ratio of 0 vs 1: 3, lambda:11, learning_rate: 0.4
iter time objective_function precision@K = 1, 5, 10
[0,30684.39307442162, 0.009708737864077669 0.004368932038834952 0.0036407766990291263],
[1, 0.0252766, 31556.417026756968, 0.007281553398058253, 0.006310679611650486, 0.005339805825242719],
[2, 0.052051899, 35251.82459331482, 0.0048543689320388345, 0.005339805825242719, 0.005339805825242719],
[3, 0.077285599, 44313.133030136356, 0.0048543689320388345, 0.0048543689320388345, 0.0036407766990291263],
[4, 0.105703799, 62504.05268702119, 0.0048543689320388345, 0.0033980582524271844, 0.004126213592233009],
[5, 0.133173599, 92542.75727521097, 0.0, 0.0019417475728155341, 0.0026699029126213596],
[6, 0.160117099, 131420.33088083478, 0.0024271844660194173, 0.0033980582524271844, 0.004368932038834952],
[7, 0.188129398, 166412.4239364774, 0.007281553398058253, 0.005339805825242719, 0.0036407766990291263],
[8, 0.214324697, 180964.39852952465, 0.0048543689320388345, 0.002912621359223301, 0.002912621359223301],
[9, 0.24137639700000002, 166050.34533123713, 0.009708737864077669, 0.0048543689320388345, 0.004611650485436893],
[10, 0.26853659700000004, 129291.5794176861, 0.007281553398058253, 0.0033980582524271844, 0.002912621359223301],
[11, 0.29703199700000005, 87917.81457893552, 0.0048543689320388345, 0.0038834951456310682, 0.004126213592233009],
[12, 0.323480197, 56963.607212409224, 0.009708737864077669, 0.0038834951456310682, 0.0033980582524271844],
[13, 0.351101998, 39998.827541933744, 0.0048543689320388345, 0.0038834951456310682, 0.004611650485436893],
[14, 0.377167597, 33058.80252020167, 0.007281553398058253, 0.0033980582524271844, 0.0048543689320388345],
[15, 0.403838397, 30825.88407901745, 0.0024271844660194173, 0.004368932038834952, 0.005097087378640777],
[16, 0.429991297, 30129.523881676607, 0.0024271844660194173, 0.0038834951456310682, 0.0038834951456310682],
[17, 0.459646897, 29846.14380978235, 0.0, 0.002912621359223301, 0.0038834951456310682],
[18, 0.490116497, 29651.422347962223, 0.0024271844660194173, 0.004368932038834952, 0.004368932038834952],
[19, 0.519761797, 29528.737206744092, 0.007281553398058253, 0.0033980582524271844, 0.0033980582524271844],
[20, 0.546797196, 29415.334970329925, 0.007281553398058253, 0.008252427184466019, 0.006310679611650486],
[21, 0.574632895, 29361.226659925393, 0.009708737864077669, 0.008737864077669903, 0.006796116504854369],
[22, 0.600234696, 29300.872804158957, 0.0024271844660194173, 0.0038834951456310682, 0.0038834951456310682],
[23, 0.628309895, 29287.68823470912, 0.0024271844660194173, 0.004368932038834952, 0.0048543689320388345],
[24, 0.655076395, 29264.169874494535, 0.021844660194174758, 0.005825242718446602, 0.006796116504854369],
[25, 0.682363795, 29274.22801879446, 0.007281553398058253, 0.005339805825242719, 0.004368932038834952],
[26, 0.710797795, 29256.0502464964, 0.0024271844660194173, 0.008737864077669903, 0.00703883495145631],
[27, 0.737879596, 29265.45623726998, 0.009708737864077669, 0.010194174757281554, 0.007281553398058253],
[28, 0.765764896, 29248.108602621603, 0.012135922330097087, 0.006310679611650486, 0.00703883495145631],
[29, 0.791378096, 29255.656076369833, 0.014563106796116505, 0.006796116504854369, 0.00558252427184466],
[30, 0.818188395, 29241.227619659898, 0.009708737864077669, 0.0077669902912621365, 0.007524271844660194],
[31, 0.845804696, 29248.48943990867, 0.012135922330097087, 0.008252427184466019, 0.008009708737864078],
[32, 0.872840996, 29234.64481229934, 0.014563106796116505, 0.009223300970873786, 0.008009708737864078],
[33, 0.899108495, 29241.079928726227, 0.009708737864077669, 0.008737864077669903, 0.008252427184466019],
[34, 0.924700096, 29228.416463903694, 0.021844660194174758, 0.011650485436893204, 0.009951456310679611],
[35, 0.951562496, 29235.66891319477, 0.009708737864077669, 0.006796116504854369, 0.007281553398058253],
[36, 0.979965996, 29222.81230528413, 0.01699029126213592, 0.007281553398058253, 0.006067961165048544],
[37, 1.006424895, 29229.557431268982, 0.014563106796116505, 0.0077669902912621365, 0.006796116504854369],
[38, 1.0328193940000001, 29218.21188177442, 0.01699029126213592, 0.009223300970873786, 0.007524271844660194],
[39, 1.057769594, 29224.669843635435, 0.007281553398058253, 0.006796116504854369, 0.008980582524271846],
[40, 1.0837881950000001, 29213.558160289278, 0.012135922330097087, 0.007281553398058253, 0.006310679611650486],
[41, 1.1146016950000002, 29220.170782250607, 0.012135922330097087, 0.008737864077669903, 0.008252427184466019],
[42, 1.1431907950000002, 29209.677254002763, 0.012135922330097087, 0.007281553398058253, 0.007524271844660194],
[43, 1.1701598950000003, 29215.91759681815, 0.012135922330097087, 0.011650485436893204, 0.010679611650485438],
[44, 1.1973147950000003, 29206.234580565488, 0.009708737864077669, 0.010194174757281554, 0.010922330097087379],
[45, 1.2238412950000002, 29211.999265272716, 0.01699029126213592, 0.006796116504854369, 0.005825242718446602],
[46, 1.2511762940000002, 29203.215010240354, 0.007281553398058253, 0.007281553398058253, 0.008737864077669903],
[47, 1.2849070940000002, 29208.549451403556, 0.0048543689320388345, 0.008737864077669903, 0.006553398058252427],
[48, 1.3110725950000002, 29200.297852716016, 0.014563106796116505, 0.009223300970873786, 0.006796116504854369],
[49, 1.3399462940000002, 29205.166397904857, 0.007281553398058253, 0.0077669902912621365, 0.008980582524271846],
[50, 1.3674127930000002, 29197.838013687273, 0.012135922330097087, 0.010194174757281554, 0.009223300970873786],
[51, 1.3938834930000001, 29202.36787583544, 0.009708737864077669, 0.006310679611650486, 0.006796116504854369],
[52, 1.4211724940000001, 29195.460765082382, 0.014563106796116505, 0.01116504854368932, 0.010194174757281554],
[53, 1.448613694, 29199.62428585131, 0.009708737864077669, 0.010194174757281554, 0.007524271844660194],
[54, 1.476642593, 29193.468576267438, 0.01699029126213592, 0.013592233009708738, 0.010436893203883494],
[55, 1.504351592, 29197.322923711763, 0.007281553398058253, 0.006796116504854369, 0.006553398058252427],
[56, 1.531177992, 29191.520402226706, 0.012135922330097087, 0.008252427184466019, 0.0077669902912621365],
[57, 1.557281293, 29195.084188192115, 0.007281553398058253, 0.010679611650485438, 0.008252427184466019],
[58, 1.584537693, 29189.90357446975, 0.012135922330097087, 0.01116504854368932, 0.009951456310679611],
[59, 1.6185705929999998, 29193.226941763955, 0.007281553398058253, 0.006310679611650486, 0.006796116504854369],
[60, 1.6451529919999999, 29188.29636338454, 0.019417475728155338, 0.007281553398058253, 0.006796116504854369],
[61, 1.6712977919999998, 29191.42134086391, 0.019417475728155338, 0.016019417475728156, 0.009708737864077669],
[62, 1.6979709909999998, 29187.00489926292, 0.012135922330097087, 0.010679611650485438, 0.00849514563106796],
[63, 1.724453691, 29189.8793745331, 0.012135922330097087, 0.008737864077669903, 0.0077669902912621365],
[64, 1.7525462909999998, 29185.721451290137, 0.014563106796116505, 0.009223300970873786, 0.008009708737864078],
[65, 1.7801985909999998, 29188.37290438098, 0.01699029126213592, 0.015048543689320388, 0.011893203883495147],
[66, 1.8079798909999998, 29184.721189052085, 0.014563106796116505, 0.012621359223300972, 0.010436893203883494],
[67, 1.8370171909999997, 29187.081270365386, 0.009708737864077669, 0.008737864077669903, 0.007281553398058253],
[68, 1.8627764909999998, 29183.65645851401, 0.012135922330097087, 0.008737864077669903, 0.00849514563106796],
[69, 1.8907142909999997, 29185.87079028974, 0.0048543689320388345, 0.009708737864077669, 0.00849514563106796],
[70, 1.9182543919999997, 29182.862488970994, 0.012135922330097087, 0.008737864077669903, 0.005825242718446602],
[71, 1.9448888909999997, 29184.79565458539, 0.014563106796116505, 0.008737864077669903, 0.00849514563106796],
[72, 1.9733150899999998, 29181.991737782868, 0.009708737864077669, 0.006796116504854369, 0.00703883495145631],
[73, 2.0005062899999997, 29183.803283543544, 0.019417475728155338, 0.010679611650485438, 0.0077669902912621365],
[74, 2.0260575899999997, 29181.342688654637, 0.024271844660194174, 0.012621359223300972, 0.010436893203883494],
[75, 2.0544629899999998, 29182.944515818235, 0.01699029126213592, 0.008737864077669903, 0.007281553398058253],
[76, 2.0816898889999997, 29180.620166433448, 0.007281553398058253, 0.0077669902912621365, 0.008252427184466019],
[77, 2.1078125899999995, 29182.15025463368, 0.007281553398058253, 0.006310679611650486, 0.006310679611650486],
[78, 2.1332277909999995, 29180.10691246749, 0.014563106796116505, 0.011650485436893204, 0.008009708737864078],
[79, 2.1589096909999994, 29181.427982766967, 0.024271844660194174, 0.009708737864077669, 0.009951456310679611],
[80, 2.1852867909999993, 29179.519638691876, 0.01699029126213592, 0.009708737864077669, 0.008737864077669903],
[81, 2.2134294919999995, 29180.768614638142, 0.01699029126213592, 0.014563106796116505, 0.009951456310679611],
[82, 2.2389201919999997, 29179.09764201145, 0.01699029126213592, 0.01116504854368932, 0.007524271844660194],
[83, 2.2640744919999998, 29180.204530537787, 0.0048543689320388345, 0.006796116504854369, 0.005825242718446602],
[84, 2.2922788929999998, 29178.609711919198, 0.012135922330097087, 0.008737864077669903, 0.007524271844660194],
[85, 2.3170498929999996, 29179.675377315118, 0.021844660194174758, 0.009223300970873786, 0.00703883495145631],
[86, 2.3435157939999995, 29178.27622633422, 0.019417475728155338, 0.013592233009708738, 0.009223300970873786],
[87, 2.3701199929999994, 29179.194754696753, 0.01699029126213592, 0.008737864077669903, 0.007524271844660194],
[88, 2.3969855929999992, 29177.882457664768, 0.019417475728155338, 0.011650485436893204, 0.00849514563106796],
[89, 2.4224581929999993, 29178.759480345314, 0.009708737864077669, 0.008252427184466019, 0.006796116504854369],
[90, 2.4473340939999995, 29177.605923740903, 0.014563106796116505, 0.009708737864077669, 0.0077669902912621365],
[91, 2.4728629939999993, 29178.38283212221, 0.014563106796116505, 0.0077669902912621365, 0.007281553398058253],
[92, 2.4984264939999994, 29177.279546831305, 0.012135922330097087, 0.008252427184466019, 0.008980582524271846],
[93, 2.5241699949999994, 29178.03431593437, 0.01699029126213592, 0.008252427184466019, 0.00703883495145631],
[94, 2.5491325949999992, 29177.06069015912, 0.012135922330097087, 0.0077669902912621365, 0.008009708737864078],
[95, 2.5745166939999993, 29177.712669816636, 0.01699029126213592, 0.009223300970873786, 0.009223300970873786],
[96, 2.602062492999999, 29176.796782222842, 0.009708737864077669, 0.009223300970873786, 0.006796116504854369],
[97, 2.6280538939999993, 29177.426675129114, 0.01699029126213592, 0.013592233009708738, 0.009223300970873786],
[98, 2.6539880939999994, 29176.616036859967, 0.019417475728155338, 0.012135922330097087, 0.00849514563106796],
[99, 2.6797346939999995, 29177.1736939064, 0.021844660194174758, 0.007281553398058253, 0.006310679611650486],
[100, 2.7077626939999995, 29176.398276397245, 0.012135922330097087, 0.009708737864077669, 0.00849514563106796],
[101, 2.7343134939999993, 29176.944789988178, 0.012135922330097087, 0.009223300970873786, 0.007281553398058253],
[102, 2.7608469939999996, 29176.26174714891, 0.019417475728155338, 0.013106796116504855, 0.009466019417475728],
[103, 2.7866882949999994, 29176.721753510363, 0.009708737864077669, 0.005825242718446602, 0.006796116504854369],
[104, 2.8135224949999995, 29176.089584387675, 0.014563106796116505, 0.007281553398058253, 0.006796116504854369],
[105, 2.8393915939999994, 29176.529166925782, 0.014563106796116505, 0.0077669902912621365, 0.007524271844660194],
[106, 2.8711546949999995, 29175.97812517692, 0.007281553398058253, 0.009223300970873786, 0.007281553398058253],
[107, 2.8974306959999994, 29176.354227975982, 0.009708737864077669, 0.007281553398058253, 0.007281553398058253],
[108, 2.924535594999999, 29175.834026735658, 0.014563106796116505, 0.010679611650485438, 0.008980582524271846],
[109, 2.949895693999999, 29176.200486834437, 0.01699029126213592, 0.009223300970873786, 0.008980582524271846],
[110, 2.976497194999999, 29175.744816130496, 0.01699029126213592, 0.006796116504854369, 0.007281553398058253],
[111, 3.002453694999999, 29176.05149256013, 0.012135922330097087, 0.0077669902912621365, 0.006796116504854369],
[112, 3.028890593999999, 29175.629962457937, 0.012135922330097087, 0.009223300970873786, 0.0077669902912621365],
[113, 3.054094792999999, 29175.924791303343, 0.0024271844660194173, 0.005339805825242719, 0.004368932038834952],
[114, 3.082080492999999, 29175.556479153947, 0.014563106796116505, 0.009223300970873786, 0.007524271844660194],
[115, 3.108322792999999, 29175.80753332556, 0.007281553398058253, 0.005825242718446602, 0.0048543689320388345],
[116, 3.1347937929999987, 29175.46019262897, 0.009708737864077669, 0.008737864077669903, 0.00703883495145631],
[117, 3.1605635929999987, 29175.707095802685, 0.0048543689320388345, 0.005339805825242719, 0.006067961165048544],
[118, 3.1867951929999987, 29175.40189807144, 0.019417475728155338, 0.009223300970873786, 0.0077669902912621365],
[119, 3.2116627929999986, 29175.606780176735, 0.019417475728155338, 0.012621359223300972, 0.008737864077669903],
[120, 3.2377588919999987, 29175.3252553859, 0.012135922330097087, 0.010194174757281554, 0.008252427184466019],
[121, 3.2634958929999986, 29175.52323720044, 0.014563106796116505, 0.0077669902912621365, 0.006310679611650486],
