rank: 30, ratio of 0 vs 1: 3, lambda:5, learning_rate: 0.4
iter time objective_function precision@K = 1, 5, 10
[0,29861.049530598786, 0.009708737864077669 0.004368932038834952 0.0036407766990291263],
[1, 0.0284003, 29601.969401624992, 0.0048543689320388345, 0.0048543689320388345, 0.0048543689320388345],
[2, 0.054922399999999996, 29458.034303314427, 0.0048543689320388345, 0.006310679611650486, 0.0048543689320388345],
[3, 0.0811713, 29336.321756430465, 0.009708737864077669, 0.0048543689320388345, 0.004611650485436893],
[4, 0.108012799, 29226.12986040277, 0.0048543689320388345, 0.009708737864077669, 0.0077669902912621365],
[5, 0.13378399900000001, 29234.851348415516, 0.0024271844660194173, 0.004368932038834952, 0.0048543689320388345],
[6, 0.16234409800000002, 29218.563097549893, 0.0024271844660194173, 0.005825242718446602, 0.006067961165048544],
[7, 0.189880497, 29229.604121043787, 0.007281553398058253, 0.006310679611650486, 0.0048543689320388345],
[8, 0.21740699700000002, 29213.614950239342, 0.0048543689320388345, 0.004368932038834952, 0.005097087378640777],
[9, 0.24737899700000002, 29224.890825454695, 0.0024271844660194173, 0.005825242718446602, 0.004126213592233009],
[10, 0.273391796, 29209.306713326652, 0.0024271844660194173, 0.0048543689320388345, 0.00558252427184466],
[11, 0.299510895, 29220.576655589386, 0.0048543689320388345, 0.005825242718446602, 0.005825242718446602],
[12, 0.325681395, 29205.735395289736, 0.007281553398058253, 0.0048543689320388345, 0.00558252427184466],
[13, 0.351698694, 29216.35794470919, 0.0048543689320388345, 0.006796116504854369, 0.006310679611650486],
[14, 0.377765193, 29202.584982551372, 0.0024271844660194173, 0.005339805825242719, 0.006796116504854369],
[15, 0.403782593, 29212.600698138012, 0.014563106796116505, 0.0077669902912621365, 0.006310679611650486],
[16, 0.429988293, 29199.827833956435, 0.012135922330097087, 0.010194174757281554, 0.007524271844660194],
[17, 0.456192394, 29208.988842954233, 0.014563106796116505, 0.008737864077669903, 0.007524271844660194],
[18, 0.484586494, 29197.296315724143, 0.007281553398058253, 0.006310679611650486, 0.008737864077669903],
[19, 0.5120117949999999, 29205.765163507447, 0.014563106796116505, 0.008252427184466019, 0.006796116504854369],
[20, 0.5401725949999999, 29195.059793699365, 0.019417475728155338, 0.01116504854368932, 0.009466019417475728],
[21, 0.566695494, 29202.809459992586, 0.014563106796116505, 0.009708737864077669, 0.00849514563106796],
[22, 0.5938309949999999, 29193.063990492272, 0.009708737864077669, 0.008252427184466019, 0.010194174757281554],
[23, 0.6196095949999999, 29200.088436266564, 0.009708737864077669, 0.0048543689320388345, 0.006553398058252427],
[24, 0.6495900949999999, 29191.22430548216, 0.007281553398058253, 0.008737864077669903, 0.007281553398058253],
[25, 0.6764587939999999, 29197.75859407597, 0.021844660194174758, 0.009708737864077669, 0.0077669902912621365],
[26, 0.7025347929999999, 29189.623606300123, 0.021844660194174758, 0.012621359223300972, 0.010194174757281554],
[27, 0.7291582919999999, 29195.529847057256, 0.012135922330097087, 0.010194174757281554, 0.009708737864077669],
[28, 0.7562190919999999, 29188.12634598451, 0.012135922330097087, 0.01116504854368932, 0.009466019417475728],
[29, 0.7844442909999999, 29193.571296822363, 0.014563106796116505, 0.012135922330097087, 0.00849514563106796],
[30, 0.8138461899999999, 29186.807949227747, 0.021844660194174758, 0.013592233009708738, 0.011650485436893204],
[31, 0.8429529909999999, 29191.77274221977, 0.024271844660194174, 0.011650485436893204, 0.009951456310679611],
[32, 0.8732172909999999, 29185.612240614315, 0.012135922330097087, 0.01116504854368932, 0.009708737864077669],
[33, 0.9020538899999999, 29190.096782827248, 0.007281553398058253, 0.0077669902912621365, 0.007524271844660194],
[34, 0.92850989, 29184.550492266015, 0.014563106796116505, 0.014563106796116505, 0.013349514563106795],
[35, 0.9556679899999999, 29188.70597296433, 0.02912621359223301, 0.010194174757281554, 0.010194174757281554],
[36, 0.9861194899999999, 29183.490732538176, 0.012135922330097087, 0.011650485436893204, 0.009223300970873786],
[37, 1.0130503899999999, 29187.339379211833, 0.009708737864077669, 0.008737864077669903, 0.007281553398058253],
[38, 1.03918059, 29182.688694753066, 0.012135922330097087, 0.012621359223300972, 0.009951456310679611],
[39, 1.06429409, 29186.157170381586, 0.024271844660194174, 0.012621359223300972, 0.011407766990291262],
[40, 1.09037959, 29181.82869159809, 0.012135922330097087, 0.013106796116504855, 0.012621359223300972],
[41, 1.11905839, 29185.03181978495, 0.009708737864077669, 0.011650485436893204, 0.010922330097087379],
[42, 1.144333491, 29181.18936134569, 0.009708737864077669, 0.01116504854368932, 0.01383495145631068],
[43, 1.173182591, 29184.062974535263, 0.03155339805825243, 0.010679611650485438, 0.00849514563106796],
[44, 1.199428991, 29180.47709220513, 0.024271844660194174, 0.013592233009708738, 0.010436893203883494],
[45, 1.22587979, 29183.151513964996, 0.009708737864077669, 0.010194174757281554, 0.009223300970873786],
[46, 1.25204239, 29179.967853380454, 0.01699029126213592, 0.01699029126213592, 0.012621359223300972],
[47, 1.27819339, 29182.356040634415, 0.024271844660194174, 0.015533980582524273, 0.012135922330097087],
[48, 1.30479249, 29179.379818452948, 0.012135922330097087, 0.010679611650485438, 0.008252427184466019],
[49, 1.3332031910000002, 29181.617147693767, 0.012135922330097087, 0.010194174757281554, 0.008252427184466019],
[50, 1.363750591, 29178.970716073163, 0.021844660194174758, 0.01699029126213592, 0.011407766990291262],
[51, 1.3903526910000001, 29180.968506276622, 0.02669902912621359, 0.016504854368932037, 0.01116504854368932],
[52, 1.4274786910000001, 29178.501186493722, 0.012135922330097087, 0.010679611650485438, 0.008980582524271846],
[53, 1.454331092, 29180.353226153868, 0.0048543689320388345, 0.009223300970873786, 0.008252427184466019],
[54, 1.482398692, 29178.18935522883, 0.021844660194174758, 0.016504854368932037, 0.013592233009708738],
[55, 1.509556791, 29179.805006779075, 0.01699029126213592, 0.018932038834951457, 0.013106796116504855],
[56, 1.536441492, 29177.80543802125, 0.021844660194174758, 0.013592233009708738, 0.01116504854368932],
[57, 1.563674592, 29179.30647654756, 0.012135922330097087, 0.01407766990291262, 0.009951456310679611],
[58, 1.5917812919999998, 29177.54967717626, 0.009708737864077669, 0.012621359223300972, 0.011893203883495147],
[59, 1.6185848909999998, 29178.861016982642, 0.01699029126213592, 0.01407766990291262, 0.011893203883495147],
[60, 1.6453749909999997, 29177.238968539514, 0.014563106796116505, 0.01116504854368932, 0.010679611650485438],
[61, 1.6706536909999998, 29178.45213394679, 0.012135922330097087, 0.010679611650485438, 0.010922330097087379],
[62, 1.6975647909999998, 29177.02829724794, 0.0048543689320388345, 0.016019417475728156, 0.013592233009708738],
[63, 1.72401459, 29178.09231141759, 0.02669902912621359, 0.018446601941747572, 0.012864077669902912],
[64, 1.751245089, 29176.77578850692, 0.012135922330097087, 0.01407766990291262, 0.011893203883495147],
[65, 1.777992589, 29177.761358400057, 0.009708737864077669, 0.010679611650485438, 0.00849514563106796],
[66, 1.8043498889999998, 29176.60392387271, 0.012135922330097087, 0.012621359223300972, 0.01116504854368932],
[67, 1.8326185889999997, 29177.463738411592, 0.01699029126213592, 0.016504854368932037, 0.012621359223300972],
[68, 1.8586228879999998, 29176.400186022518, 0.012135922330097087, 0.013106796116504855, 0.012135922330097087],
[69, 1.8867581879999997, 29177.194661259844, 0.012135922330097087, 0.010194174757281554, 0.008252427184466019],
[70, 1.9133651879999998, 29176.259205092436, 0.01699029126213592, 0.012621359223300972, 0.012135922330097087],
[71, 1.9395158869999998, 29176.95212245181, 0.014563106796116505, 0.012621359223300972, 0.011893203883495147],
[72, 1.9654134869999997, 29176.09314186795, 0.01699029126213592, 0.012135922330097087, 0.008980582524271846],
[73, 1.9926587869999997, 29176.736937014994, 0.012135922330097087, 0.009223300970873786, 0.008009708737864078],
[74, 2.017995486, 29175.97717566629, 0.0024271844660194173, 0.012135922330097087, 0.009708737864077669],
[75, 2.0438675859999997, 29176.53557688628, 0.01699029126213592, 0.012621359223300972, 0.010679611650485438],
[76, 2.070884987, 29175.844665483404, 0.009708737864077669, 0.010194174757281554, 0.007524271844660194],
[77, 2.100362786, 29176.35987305918, 0.01699029126213592, 0.010194174757281554, 0.007281553398058253],
[78, 2.126709986, 29175.747808138607, 0.01699029126213592, 0.01699029126213592, 0.012135922330097087],
[79, 2.153646787, 29176.19873655515, 0.012135922330097087, 0.013592233009708738, 0.010679611650485438],
[80, 2.181210387, 29175.639385562477, 0.01699029126213592, 0.009223300970873786, 0.007281553398058253],
[81, 2.2058449870000003, 29176.055122165002, 0.012135922330097087, 0.008252427184466019, 0.007524271844660194],
[82, 2.2319665870000005, 29175.562036848904, 0.012135922330097087, 0.010679611650485438, 0.00849514563106796],
[83, 2.2594412860000004, 29175.922169790992, 0.021844660194174758, 0.012135922330097087, 0.00849514563106796],
[84, 2.285696086, 29175.474747723947, 0.009708737864077669, 0.009223300970873786, 0.006796116504854369],
[85, 2.312441487, 29175.804796005694, 0.014563106796116505, 0.0077669902912621365, 0.006796116504854369],
[86, 2.339067487, 29175.41046731908, 0.01699029126213592, 0.01407766990291262, 0.011407766990291262],
[87, 2.3657770869999997, 29175.69839495497, 0.019417475728155338, 0.013106796116504855, 0.011407766990291262],
[88, 2.3935504859999996, 29175.337717479386, 0.014563106796116505, 0.010194174757281554, 0.008252427184466019],
[89, 2.4206124859999996, 29175.603221099474, 0.014563106796116505, 0.013592233009708738, 0.009223300970873786],
[90, 2.4485386869999997, 29175.287324143774, 0.009708737864077669, 0.0077669902912621365, 0.007524271844660194],
[91, 2.4765544869999996, 29175.51469589527, 0.019417475728155338, 0.010679611650485438, 0.007281553398058253],
[92, 2.5041370859999996, 29175.228704044686, 0.0048543689320388345, 0.006310679611650486, 0.006553398058252427],
[93, 2.5306018859999995, 29175.437143178133, 0.009708737864077669, 0.009223300970873786, 0.007281553398058253],
[94, 2.5637687849999993, 29175.18667863535, 0.012135922330097087, 0.011650485436893204, 0.010679611650485438],
[95, 2.591631584999999, 29175.366413966396, 0.019417475728155338, 0.010194174757281554, 0.00849514563106796],
[96, 2.618342784999999, 29175.137658713786, 0.009708737864077669, 0.008252427184466019, 0.006796116504854369],
[97, 2.645827384999999, 29175.304302678724, 0.01699029126213592, 0.013106796116504855, 0.011650485436893204],
[98, 2.671769085999999, 29175.104145826455, 0.01699029126213592, 0.0077669902912621365, 0.0077669902912621365],
[99, 2.700018985999999, 29175.247486414977, 0.014563106796116505, 0.010679611650485438, 0.008737864077669903],
[100, 2.726917584999999, 29175.06241437762, 0.007281553398058253, 0.009708737864077669, 0.008252427184466019],
[101, 2.754875483999999, 29175.196871313274, 0.014563106796116505, 0.008737864077669903, 0.008252427184466019],
[102, 2.781033983999999, 29175.034444610257, 0.012135922330097087, 0.005825242718446602, 0.006553398058252427],
[103, 2.8072439829999993, 29175.151794384685, 0.01699029126213592, 0.008737864077669903, 0.008252427184466019],
[104, 2.8337910819999994, 29174.999665467338, 0.007281553398058253, 0.0077669902912621365, 0.008252427184466019],
[105, 2.8627568829999994, 29175.110253847677, 0.012135922330097087, 0.009223300970873786, 0.008737864077669903],
[106, 2.8908761819999995, 29174.977833454333, 0.0048543689320388345, 0.0077669902912621365, 0.007281553398058253],
[107, 2.9157689819999995, 29175.07290840543, 0.014563106796116505, 0.010194174757281554, 0.0077669902912621365],
[108, 2.9446587829999995, 29174.949795338744, 0.012135922330097087, 0.011650485436893204, 0.008737864077669903],
[109, 2.9720454819999995, 29175.03918933476, 0.007281553398058253, 0.005825242718446602, 0.008009708737864078],
[110, 2.9990570819999993, 29174.931472810244, 0.014563106796116505, 0.010194174757281554, 0.008737864077669903],
[111, 3.0272306819999995, 29175.009320538848, 0.007281553398058253, 0.010679611650485438, 0.00849514563106796],
[112, 3.0537028809999995, 29174.9083437427, 0.009708737864077669, 0.006310679611650486, 0.006310679611650486],
[113, 3.0799451819999994, 29174.981620361756, 0.014563106796116505, 0.010194174757281554, 0.008980582524271846],
[114, 3.1088124819999994, 29174.89391108573, 0.0048543689320388345, 0.0077669902912621365, 0.007524271844660194],
[115, 3.1395114809999995, 29174.957015699256, 0.019417475728155338, 0.008737864077669903, 0.0077669902912621365],
[116, 3.1662884809999996, 29174.875209040674, 0.012135922330097087, 0.011650485436893204, 0.01116504854368932],
[117, 3.1951479809999994, 29174.934640943895, 0.014563106796116505, 0.006796116504854369, 0.00703883495145631],
[118, 3.2227804819999992, 29174.8630596034, 0.009708737864077669, 0.0077669902912621365, 0.007281553398058253],
[119, 3.2490736819999992, 29174.914713535112, 0.009708737864077669, 0.006796116504854369, 0.006310679611650486],
[120, 3.277668881999999, 29174.84782153819, 0.014563106796116505, 0.010194174757281554, 0.008252427184466019],
[121, 3.303478582999999, 29174.896432935457, 0.012135922330097087, 0.007281553398058253, 0.006796116504854369],
