rank: 100, ratio of 0 vs 1: 3, lambda:9, learning_rate: 0.05
iter time objective_function precision@K = 1, 5, 10
[0,3.414145981811978e6, 0.05 0.047799999999999995 0.0523],
[1, 1.6310314, 3.407503999625749e6, 0.058, 0.061, 0.0584],
[2, 3.3847084, 3.404565328524565e6, 0.131, 0.1034, 0.0989],
[3, 5.0198786, 3.402685549646146e6, 0.341, 0.2646, 0.2357],
[4, 6.6469926, 3.4007116837716387e6, 0.473, 0.4318, 0.4097],
[5, 8.386186899, 3.3978541914500557e6, 0.557, 0.5022, 0.4763],
[6, 10.045276299000001, 3.394172938506187e6, 0.547, 0.5036, 0.4765],
[7, 11.7112297, 3.390687975423699e6, 0.585, 0.5224, 0.4873],
[8, 13.328441599000001, 3.387864840911924e6, 0.572, 0.5296000000000001, 0.49760000000000004],
[9, 14.931132800000002, 3.3857400904501253e6, 0.55, 0.5247999999999999, 0.4819],
[10, 16.544951601, 3.3843106371886767e6, 0.56, 0.5246000000000001, 0.4875],
[11, 18.243324202, 3.3833271787466574e6, 0.556, 0.5322, 0.49219999999999997],
[12, 20.013915302, 3.3823614591947016e6, 0.564, 0.5136000000000001, 0.4804],
[13, 21.962409102000002, 3.3818927279126095e6, 0.549, 0.532, 0.5013],
[14, 23.762036202, 3.3813195019467506e6, 0.54, 0.5316000000000001, 0.49739999999999995],
[15, 25.445485002, 3.3808510640769466e6, 0.544, 0.528, 0.49539999999999995],
[16, 27.145960402, 3.3807362856550063e6, 0.567, 0.5428, 0.5074],
[17, 28.881759103, 3.380584865488443e6, 0.552, 0.5378, 0.49960000000000004],
[18, 30.568763302, 3.380015806280608e6, 0.533, 0.5194, 0.4834],
[19, 32.431921902, 3.3799320911388593e6, 0.525, 0.5227999999999999, 0.4923],
[20, 34.388087402, 3.380021977364415e6, 0.509, 0.5118, 0.4814],
[21, 36.471619401, 3.3795594720085585e6, 0.551, 0.5294, 0.4947],
[22, 38.207513201, 3.379605312568695e6, 0.561, 0.53, 0.48960000000000004],
[23, 40.185571501, 3.379554976965282e6, 0.564, 0.5267999999999999, 0.4928],
[24, 42.475776501, 3.379632427971594e6, 0.544, 0.5224, 0.489],
[25, 44.728581002, 3.3794687442180254e6, 0.537, 0.5324, 0.49760000000000004],
[26, 46.467794202, 3.3794659295485327e6, 0.547, 0.5314, 0.49589999999999995],
[27, 48.511520603, 3.379477674912678e6, 0.551, 0.53, 0.493],
[28, 50.539745002000004, 3.3795017760611824e6, 0.552, 0.536, 0.5026],
[29, 52.239810803000005, 3.37937231030365e6, 0.532, 0.5272, 0.4884],
[30, 53.997212604000005, 3.3794360071047195e6, 0.566, 0.5378, 0.4972],
[31, 55.63480020400001, 3.3794306654307786e6, 0.544, 0.5277999999999999, 0.4924],
[32, 57.25365430400001, 3.379291387855568e6, 0.541, 0.5118, 0.4746],
[33, 58.85673280500001, 3.3793586400495037e6, 0.555, 0.547, 0.5166000000000001],
[34, 60.604874405000004, 3.3792449945776053e6, 0.56, 0.5446, 0.5096],
[35, 62.225158705000005, 3.3792944188342975e6, 0.54, 0.5314, 0.4905],
[36, 63.902062005000005, 3.379213549933657e6, 0.56, 0.5276000000000001, 0.4905],
[37, 65.586214405, 3.3794689608907187e6, 0.545, 0.531, 0.4983],
[38, 67.201012805, 3.379323783404915e6, 0.542, 0.5246000000000001, 0.4888],
[39, 68.786942205, 3.379415458403441e6, 0.544, 0.533, 0.4935],
[40, 70.38979360500001, 3.379067518449776e6, 0.549, 0.5366000000000001, 0.503],
[41, 71.99598800500002, 3.3790632437065192e6, 0.523, 0.5327999999999999, 0.4965],
[42, 73.76785300500002, 3.379295898623387e6, 0.553, 0.535, 0.49910000000000004],
[43, 75.60324680500003, 3.379124004492645e6, 0.549, 0.5234, 0.4929],
[44, 77.39887140500002, 3.3792562152508586e6, 0.567, 0.537, 0.5043],
[45, 79.20252690500003, 3.3790234554544683e6, 0.556, 0.526, 0.4893],
[46, 80.88975340400003, 3.3793995266608023e6, 0.551, 0.5214, 0.48619999999999997],
[47, 82.55678560500003, 3.379053663103935e6, 0.557, 0.5257999999999999, 0.4874],
[48, 84.17783860500003, 3.379226618536395e6, 0.557, 0.525, 0.48810000000000003],
[49, 85.84801730400004, 3.3793673057975457e6, 0.55, 0.5357999999999999, 0.5025],
[50, 87.49903740300003, 3.3793931989306035e6, 0.554, 0.5458, 0.5082],
[51, 89.14713640200003, 3.379215828057148e6, 0.543, 0.546, 0.5057],
[52, 90.84928570300004, 3.3793409159860304e6, 0.56, 0.5438, 0.5041],
[53, 92.51071500300003, 3.379040155644883e6, 0.552, 0.5464, 0.5127999999999999],
[54, 94.21316860400003, 3.379143499036472e6, 0.556, 0.5424, 0.507],
[55, 95.91276690400004, 3.379300405102579e6, 0.544, 0.5356000000000001, 0.5058],
[56, 97.60322830300004, 3.379098653632545e6, 0.556, 0.5342, 0.5034],
[57, 99.19075340300003, 3.3792724876823835e6, 0.542, 0.533, 0.4995],
[58, 100.83441670400003, 3.379166968872143e6, 0.534, 0.5316000000000001, 0.4982],
[59, 102.51564810400004, 3.379394840246201e6, 0.547, 0.5292, 0.4898],
[60, 104.48291910500004, 3.379086938110568e6, 0.552, 0.525, 0.49389999999999995],
[61, 106.28318720500003, 3.379189368016362e6, 0.536, 0.5412, 0.5105],
[62, 108.04021910600004, 3.379214454273476e6, 0.541, 0.5394, 0.5064],
[63, 109.71611290600003, 3.379185068575223e6, 0.562, 0.532, 0.494],
[64, 111.64060590600003, 3.3793671246251203e6, 0.551, 0.5314, 0.4988],
[65, 113.39933270700003, 3.379181863650869e6, 0.564, 0.5357999999999999, 0.49939999999999996],
[66, 115.23435990600002, 3.3792960997240576e6, 0.525, 0.5317999999999999, 0.49360000000000004],
[67, 116.96919940600003, 3.379371092292318e6, 0.539, 0.537, 0.5039],
[68, 118.88992120500004, 3.379258371548758e6, 0.561, 0.539, 0.5026],
[69, 120.91212460500003, 3.379288716020111e6, 0.527, 0.5182, 0.48310000000000003],
[70, 122.89753860500004, 3.379185202928318e6, 0.553, 0.5207999999999999, 0.4915],
[71, 124.67427470500003, 3.379326027051923e6, 0.544, 0.523, 0.4843],
[72, 126.85865020400003, 3.3793500405230667e6, 0.55, 0.5378, 0.5026],
[73, 128.88321570300002, 3.379315967072689e6, 0.55, 0.518, 0.4792],
[74, 130.82834710300003, 3.37902845779357e6, 0.547, 0.5296000000000001, 0.5002],
[75, 132.45131040400003, 3.379250612864856e6, 0.541, 0.5292, 0.4945],
[76, 134.45634700500003, 3.37932809637554e6, 0.534, 0.5226000000000001, 0.48719999999999997],
[77, 136.39852470400004, 3.3790537988513447e6, 0.543, 0.5374, 0.4965],
[78, 138.25478030500003, 3.3793015536859524e6, 0.528, 0.5232, 0.48960000000000004],
[79, 140.24397970500002, 3.379411107981207e6, 0.578, 0.5436, 0.5066],
[80, 142.10342820500003, 3.3793267999061225e6, 0.563, 0.5372, 0.4972],
[81, 144.06277670500003, 3.379122363974304e6, 0.536, 0.5254, 0.4903],
[82, 145.89439650600002, 3.3791853984428304e6, 0.544, 0.5418, 0.501],
[83, 147.563778406, 3.3791269478407674e6, 0.512, 0.5204, 0.49],
[84, 149.272493505, 3.379379604044376e6, 0.552, 0.5194, 0.48769999999999997],
[85, 150.917399405, 3.379370894073272e6, 0.543, 0.5194, 0.48760000000000003],
[86, 152.501278604, 3.379126878689951e6, 0.548, 0.524, 0.4948],
[87, 154.109263503, 3.3790975579750743e6, 0.533, 0.529, 0.49160000000000004],
[88, 155.850989603, 3.3790913651053915e6, 0.548, 0.5324, 0.5004],
[89, 157.53626990299998, 3.3793409956740597e6, 0.57, 0.5444, 0.5065],
[90, 159.27284070299999, 3.3792504413715536e6, 0.553, 0.5396, 0.5027],
[91, 161.05699570299998, 3.379416830745228e6, 0.556, 0.544, 0.5077],
[92, 162.79951220299998, 3.3792462414962146e6, 0.545, 0.524, 0.48919999999999997],
[93, 164.48824600299997, 3.379247373308257e6, 0.535, 0.5222, 0.48960000000000004],
[94, 166.15440330299998, 3.3792347564317244e6, 0.546, 0.526, 0.4972],
[95, 167.81586710399998, 3.3792954383763056e6, 0.546, 0.5327999999999999, 0.49789999999999995],
[96, 169.74837970399997, 3.3791275842902805e6, 0.535, 0.543, 0.5121],
[97, 171.67625940399998, 3.379247715249101e6, 0.527, 0.5262, 0.49410000000000004],
[98, 173.70794660399997, 3.3793114652912184e6, 0.55, 0.5294, 0.49639999999999995],
[99, 175.66231420399998, 3.3791704430141835e6, 0.561, 0.5382, 0.49639999999999995],
[100, 177.50039840499997, 3.379060171100781e6, 0.541, 0.5167999999999999, 0.4828],
[101, 179.25801820599997, 3.379262096093697e6, 0.544, 0.5297999999999999, 0.49660000000000004],
[102, 181.20751370499997, 3.3792446581524294e6, 0.559, 0.5386, 0.5006],
[103, 183.10129330399997, 3.3792273807004835e6, 0.551, 0.5306000000000001, 0.5022],
[104, 184.98800890399997, 3.3791619222241607e6, 0.542, 0.537, 0.4945],
[105, 186.92343970299996, 3.3792340172308465e6, 0.542, 0.5364, 0.506],
[106, 188.69864370299996, 3.3791337224725643e6, 0.536, 0.5307999999999999, 0.49910000000000004],
[107, 190.77249880299996, 3.3791638380715065e6, 0.546, 0.525, 0.491],
[108, 192.57271830299996, 3.3790459756314456e6, 0.562, 0.5388, 0.5015],
[109, 194.26200850199996, 3.379368857141708e6, 0.569, 0.5432, 0.5044],
[110, 195.96701710199997, 3.379243176493747e6, 0.554, 0.5327999999999999, 0.4958],
[111, 197.79456870199996, 3.3791979750379007e6, 0.556, 0.5502, 0.5101],
[112, 199.60302250099997, 3.379413572489257e6, 0.533, 0.5207999999999999, 0.4845],
[113, 201.38704550099996, 3.3793769444369236e6, 0.565, 0.5398, 0.5043],
[114, 203.66073100099996, 3.3791128096568137e6, 0.574, 0.5432, 0.5083],
[115, 206.39779769999996, 3.379324231691001e6, 0.529, 0.5266000000000001, 0.5022],
[116, 208.50484789899997, 3.379195461390724e6, 0.529, 0.5207999999999999, 0.48860000000000003],
[117, 210.63651299899996, 3.379229876559361e6, 0.564, 0.5376000000000001, 0.5086],
[118, 212.54618909799996, 3.3792303409321876e6, 0.539, 0.5244, 0.4955],
[119, 214.41398619899996, 3.379330753280057e6, 0.551, 0.5416, 0.5062],
[120, 216.26920169999997, 3.3792934114296706e6, 0.553, 0.5544, 0.518],
[121, 218.22693179899997, 3.3791760778151737e6, 0.537, 0.5342, 0.5038],
