rank: 100, ratio of 0 vs 1: 3, lambda:7, learning_rate: 0.05
iter time objective_function precision@K = 1, 5, 10
[0,3.4107300004726443e6, 0.05 0.047799999999999995 0.0523],
[1, 1.4806252, 3.4062815884158337e6, 0.054, 0.061399999999999996, 0.0583],
[2, 2.9488737990000002, 3.4039032845191015e6, 0.128, 0.10479999999999999, 0.0988],
[3, 4.5341700000000005, 3.40206211997839e6, 0.313, 0.2484, 0.22369999999999998],
[4, 6.223360899, 3.3998363312325864e6, 0.462, 0.4134, 0.3912],
[5, 7.7877087000000005, 3.396457643830026e6, 0.543, 0.497, 0.4697],
[6, 9.3943229, 3.3922200760671827e6, 0.547, 0.5006, 0.4728],
[7, 10.909094801, 3.3884313799682707e6, 0.596, 0.5207999999999999, 0.48669999999999997],
[8, 12.427179602, 3.385475306945876e6, 0.573, 0.5312, 0.4973],
[9, 13.925646002, 3.383304742227409e6, 0.56, 0.5257999999999999, 0.48669999999999997],
[10, 15.438772002, 3.381889601761641e6, 0.57, 0.525, 0.4895],
[11, 16.959247003, 3.3809324772092067e6, 0.562, 0.5316000000000001, 0.4957],
[12, 18.454595203, 3.3799815718267513e6, 0.573, 0.5174, 0.48210000000000003],
[13, 19.951379802, 3.3795417767824684e6, 0.562, 0.5322, 0.5041],
[14, 21.454637402000003, 3.37897819591688e6, 0.555, 0.5332, 0.5002],
[15, 22.978114701000003, 3.3785218736730213e6, 0.552, 0.5284, 0.4975],
[16, 24.511876401000002, 3.378433155939329e6, 0.583, 0.5456, 0.5118],
[17, 26.036137901000004, 3.3783058328370876e6, 0.563, 0.5394, 0.5039],
[18, 27.529030701000003, 3.377709630814826e6, 0.555, 0.524, 0.4855],
[19, 29.052321701000004, 3.3776452804170754e6, 0.535, 0.5242, 0.49660000000000004],
[20, 30.589809002000003, 3.377759999173265e6, 0.522, 0.5146000000000001, 0.4859],
[21, 32.135429802000004, 3.377283949070919e6, 0.561, 0.532, 0.499],
[22, 33.692685302, 3.37734090636661e6, 0.571, 0.5316000000000001, 0.4942],
[23, 35.236088201, 3.37729029184308e6, 0.578, 0.5307999999999999, 0.4982],
[24, 36.764491101000004, 3.3773830876877373e6, 0.55, 0.5246000000000001, 0.49410000000000004],
[25, 38.274023001, 3.377214294596204e6, 0.548, 0.5332, 0.5009],
[26, 39.788401001000004, 3.377216704822701e6, 0.56, 0.5357999999999999, 0.49939999999999996],
[27, 41.30275270200001, 3.3772324439339726e6, 0.559, 0.5317999999999999, 0.4968],
[28, 42.805117001000006, 3.377264160536509e6, 0.565, 0.5367999999999999, 0.5052],
[29, 44.315812400000006, 3.377134306607772e6, 0.551, 0.5286000000000001, 0.4918],
[30, 45.826545200000005, 3.3772025678673433e6, 0.574, 0.539, 0.501],
[31, 47.342214801000004, 3.3772012061907523e6, 0.553, 0.5306000000000001, 0.4985],
[32, 48.83819200000001, 3.3770524168059053e6, 0.549, 0.513, 0.4785],
[33, 50.350628001000004, 3.3771255013848776e6, 0.569, 0.5508, 0.5211],
[34, 51.866143001000005, 3.376999800928944e6, 0.573, 0.5436, 0.5126000000000001],
[35, 53.42757190100001, 3.377059424885789e6, 0.551, 0.5324, 0.4942],
[36, 54.93223750200001, 3.376971772854545e6, 0.576, 0.5312, 0.4947],
[37, 56.43128810100001, 3.37725369585728e6, 0.558, 0.534, 0.502],
[38, 57.941281301000004, 3.3770985329135344e6, 0.556, 0.5267999999999999, 0.4947],
[39, 59.4689289, 3.3771956319215246e6, 0.555, 0.5357999999999999, 0.4982],
[40, 60.984548299000004, 3.3768247033604574e6, 0.556, 0.5408, 0.5071],
[41, 62.499652099, 3.3768147739315666e6, 0.534, 0.5347999999999999, 0.5014],
[42, 64.045959099, 3.3770651576077566e6, 0.56, 0.5378, 0.5024],
[43, 65.6078957, 3.376883173805372e6, 0.556, 0.5254, 0.4983],
[44, 67.209997899, 3.377023110609099e6, 0.573, 0.5432, 0.5099],
[45, 68.7973351, 3.3767753343759235e6, 0.562, 0.5274, 0.4929],
[46, 70.3581086, 3.377177556579167e6, 0.56, 0.5274, 0.48910000000000003],
[47, 71.96498079999999, 3.3768099443897116e6, 0.57, 0.528, 0.49210000000000004],
[48, 73.5091322, 3.3769895227000704e6, 0.574, 0.5296000000000001, 0.4945],
[49, 75.04781559999999, 3.377138025853956e6, 0.552, 0.5374, 0.5043],
[50, 76.6052969, 3.3771709981185137e6, 0.566, 0.55, 0.5132000000000001],
[51, 78.183132499, 3.376985566439187e6, 0.555, 0.5456, 0.5121],
[52, 79.7543839, 3.377115290851404e6, 0.572, 0.544, 0.5053],
[53, 81.2548927, 3.37679678926718e6, 0.565, 0.5496, 0.5176000000000001],
[54, 82.763594001, 3.3769044200207517e6, 0.573, 0.5476, 0.5119],
[55, 84.382066001, 3.377075629875885e6, 0.554, 0.5372, 0.5097],
[56, 85.919250801, 3.3768597924014954e6, 0.563, 0.537, 0.5078],
[57, 87.486584701, 3.3770514583990476e6, 0.559, 0.5382, 0.5036],
[58, 89.144493801, 3.376931713636446e6, 0.539, 0.531, 0.5029],
[59, 90.74764650099999, 3.377169973092017e6, 0.557, 0.5314, 0.4953],
[60, 92.29527060099998, 3.376845000190246e6, 0.566, 0.5284, 0.49739999999999995],
[61, 93.85920090099998, 3.376951729972485e6, 0.537, 0.546, 0.5147],
[62, 95.37351299999997, 3.3769878044294203e6, 0.562, 0.5448, 0.5097],
[63, 96.90288319899997, 3.3769449204913904e6, 0.58, 0.5378, 0.49810000000000004],
[64, 98.48574319999997, 3.377144443776581e6, 0.559, 0.5332, 0.5014],
[65, 100.16091249899998, 3.376948694578883e6, 0.569, 0.5382, 0.5036],
[66, 101.76501929899997, 3.377067259648821e6, 0.54, 0.5322, 0.4963],
[67, 103.36822949899998, 3.377152115593767e6, 0.549, 0.5414, 0.5072],
[68, 105.03837729899998, 3.3770261002835287e6, 0.573, 0.54, 0.5061],
[69, 106.65931319899998, 3.3770637071192223e6, 0.538, 0.5217999999999999, 0.486],
[70, 108.31151939999998, 3.3769472981555825e6, 0.557, 0.5256000000000001, 0.49560000000000004],
[71, 109.93596189999998, 3.377096709716553e6, 0.552, 0.5206000000000001, 0.48860000000000003],
[72, 111.53928539999998, 3.3771258864329117e6, 0.563, 0.5388, 0.5066],
[73, 113.02959519999999, 3.3770914342176514e6, 0.565, 0.518, 0.48260000000000003],
[74, 114.49714829999999, 3.3767813500841213e6, 0.563, 0.5342, 0.5049],
[75, 115.95707669999999, 3.3770217800801857e6, 0.552, 0.5326000000000001, 0.5],
[76, 117.45012739999999, 3.377101672770962e6, 0.549, 0.5242, 0.49110000000000004],
[77, 119.09983879999999, 3.3768108496930134e6, 0.557, 0.5386, 0.502],
[78, 120.72334769899999, 3.3770749474609117e6, 0.534, 0.526, 0.49210000000000004],
[79, 122.46779059899998, 3.3771935737832263e6, 0.588, 0.548, 0.5114],
[80, 123.99192069899998, 3.3771021184501927e6, 0.572, 0.54, 0.5016],
[81, 125.53029979999998, 3.3768774194617663e6, 0.55, 0.5257999999999999, 0.4953],
[82, 127.16571429999998, 3.3769489778304184e6, 0.552, 0.5432, 0.5046],
[83, 128.8798302, 3.3768890330006354e6, 0.521, 0.5227999999999999, 0.4943],
[84, 130.58652789899998, 3.3771589561500642e6, 0.555, 0.5227999999999999, 0.49269999999999997],
[85, 132.17999969899998, 3.3771566168609364e6, 0.553, 0.5222, 0.49210000000000004],
[86, 133.67869509899998, 3.37689202595706e6, 0.556, 0.5282, 0.49889999999999995],
[87, 135.34916359899998, 3.3768549512808984e6, 0.545, 0.5324, 0.4947],
[88, 136.94330399899997, 3.3768540862239385e6, 0.56, 0.5344, 0.505],
[89, 138.70207929799997, 3.3771187599966507e6, 0.572, 0.549, 0.5105],
[90, 140.48845849799997, 3.377014675006649e6, 0.558, 0.5406, 0.5061],
[91, 142.01852559799997, 3.3771999367249063e6, 0.567, 0.544, 0.5114],
[92, 143.62999259899996, 3.3770203799342276e6, 0.553, 0.5267999999999999, 0.4929],
[93, 145.16266239999996, 3.3770152514503985e6, 0.549, 0.5234, 0.49319999999999997],
[94, 146.70041899999995, 3.3770051326683713e6, 0.557, 0.531, 0.5014],
[95, 148.32860249999996, 3.377064763001355e6, 0.557, 0.5364, 0.4998],
[96, 149.94327939899995, 3.3768897018312756e6, 0.546, 0.547, 0.5167],
[97, 151.58763639999995, 3.3770219411037494e6, 0.541, 0.5284, 0.49789999999999995],
[98, 153.19145379999995, 3.377085506100023e6, 0.554, 0.528, 0.5009],
[99, 154.85603420099994, 3.376942801838738e6, 0.571, 0.5426, 0.5022],
[100, 156.49131920099995, 3.376820253154426e6, 0.55, 0.5194, 0.4873],
[101, 158.04449180099996, 3.37703426126068e6, 0.555, 0.5306000000000001, 0.5013],
[102, 159.56865460199995, 3.3770183408853887e6, 0.572, 0.5386, 0.5046],
[103, 161.06000260199994, 3.3769925644672047e6, 0.558, 0.5322, 0.5083],
[104, 162.57587270199994, 3.3769269913018867e6, 0.552, 0.5372, 0.4997],
[105, 164.14929380199993, 3.3770060028964006e6, 0.548, 0.538, 0.5099],
[106, 165.67519550199992, 3.3768940261575216e6, 0.542, 0.5314, 0.5013],
[107, 167.34382700199993, 3.376925916363513e6, 0.554, 0.5237999999999999, 0.4963],
[108, 169.03999920199993, 3.3768014914671523e6, 0.569, 0.54, 0.5064],
[109, 170.80353830199994, 3.3771489990438363e6, 0.578, 0.5446, 0.5094],
[110, 172.55688080199994, 3.3770139951578085e6, 0.568, 0.5337999999999999, 0.4992],
[111, 174.28642800199995, 3.376963614005688e6, 0.566, 0.552, 0.5143],
[112, 175.94585540199995, 3.377195720957749e6, 0.54, 0.5252, 0.49],
[113, 177.67389400199994, 3.377157694449215e6, 0.581, 0.5432, 0.5082],
[114, 179.45688400299994, 3.3768750484413686e6, 0.588, 0.5438, 0.5132000000000001],
[115, 180.99838530299994, 3.3771003006767463e6, 0.536, 0.53, 0.5069],
[116, 182.66898680399993, 3.3769648663189653e6, 0.536, 0.525, 0.4955],
[117, 184.27982700499993, 3.376990792904459e6, 0.569, 0.5404, 0.5124],
[118, 185.97085780599994, 3.376995022277052e6, 0.551, 0.5262, 0.49760000000000004],
[119, 187.52327940499995, 3.3771118691812735e6, 0.566, 0.542, 0.5095],
[120, 189.05525700599995, 3.3770633434752077e6, 0.562, 0.5556, 0.5214],
[121, 190.61477320499995, 3.3769429774522064e6, 0.551, 0.5384, 0.5075],
