rank: 100, ratio of 0 vs 1: 3, lambda:3, learning_rate: 0.15
iter time objective_function precision@K = 1, 5, 10
[0,3.4038980377939767e6, 0.05 0.047799999999999995 0.0523],
[1, 2.270520501, 3.399806731093548e6, 0.234, 0.1904, 0.1655],
[2, 4.161711801, 3.3756470486276266e6, 0.598, 0.5408, 0.5082],
[3, 5.7805451009999995, 3.373792189210851e6, 0.543, 0.544, 0.5086],
[4, 7.411362001, 3.367350037252868e6, 0.582, 0.5436, 0.5015],
[5, 8.936812802, 3.3631586959721786e6, 0.588, 0.559, 0.5226000000000001],
[6, 10.513603102000001, 3.3598071293851747e6, 0.621, 0.5672, 0.5242],
[7, 12.074611901, 3.35759681044615e6, 0.656, 0.5906, 0.5432],
[8, 13.9308364, 3.3553472079811376e6, 0.607, 0.581, 0.5481],
[9, 15.821325700000001, 3.3529980558618014e6, 0.634, 0.578, 0.5426],
[10, 17.7904792, 3.351354255392899e6, 0.657, 0.587, 0.5462],
[11, 19.7668961, 3.350031171559174e6, 0.642, 0.5926, 0.5477000000000001],
[12, 22.231081099, 3.3484300133457473e6, 0.635, 0.5804, 0.5344],
[13, 24.5807068, 3.347390733864506e6, 0.628, 0.5976, 0.5528],
[14, 27.099676799, 3.3456325347829093e6, 0.631, 0.5873999999999999, 0.5497000000000001],
[15, 29.538020198, 3.344808862823184e6, 0.628, 0.5876, 0.5442],
[16, 31.855770798, 3.343844790780616e6, 0.638, 0.6036, 0.5624],
[17, 34.285932198000005, 3.3432738009178136e6, 0.653, 0.5958, 0.552],
[18, 36.553987798, 3.341529909349164e6, 0.629, 0.5862, 0.5397000000000001],
[19, 39.216879299, 3.340942103817367e6, 0.623, 0.5844, 0.5448],
[20, 41.802826599999996, 3.340827153072161e6, 0.617, 0.5716, 0.5364],
[21, 44.032132198999996, 3.3396539587269123e6, 0.635, 0.582, 0.5495],
[22, 46.479328898999995, 3.3392707614348605e6, 0.648, 0.581, 0.5397000000000001],
[23, 49.046567898999996, 3.3387595414075973e6, 0.648, 0.59, 0.5466],
[24, 51.828598598, 3.338650003838242e6, 0.631, 0.5816, 0.5422],
[25, 54.090979899, 3.3378958786342978e6, 0.636, 0.5873999999999999, 0.5506],
[26, 56.374361998, 3.337631513558669e6, 0.636, 0.5866, 0.5425],
[27, 58.743975997999996, 3.337368531839054e6, 0.637, 0.5938, 0.5468999999999999],
[28, 60.945382998, 3.337511607342975e6, 0.632, 0.5946, 0.551],
[29, 63.499322297, 3.336918313722072e6, 0.618, 0.5858, 0.5454],
[30, 65.756354796, 3.336738584857899e6, 0.647, 0.5966, 0.5472],
[31, 68.073527196, 3.336398129332864e6, 0.644, 0.5948, 0.5462],
[32, 70.339762997, 3.3364192700977763e6, 0.616, 0.5692, 0.5246000000000001],
[33, 72.813778398, 3.3363651054250617e6, 0.646, 0.62, 0.565],
[34, 75.053586398, 3.3360898071481436e6, 0.651, 0.6096, 0.5569],
[35, 77.503617498, 3.3359541203226615e6, 0.642, 0.5958, 0.5446],
[36, 79.875807397, 3.3355808894149973e6, 0.648, 0.5916, 0.5408],
[37, 82.06175519600001, 3.3356397981135407e6, 0.636, 0.5932000000000001, 0.5444],
[38, 84.437136295, 3.335675694506516e6, 0.622, 0.584, 0.5435],
[39, 86.838840895, 3.335775965567494e6, 0.623, 0.5966, 0.5437000000000001],
[40, 89.145844595, 3.335342883262037e6, 0.629, 0.5982000000000001, 0.5508],
[41, 91.322267594, 3.3351878246588693e6, 0.626, 0.5972000000000001, 0.5502],
[42, 93.741740194, 3.3355039110442614e6, 0.634, 0.5943999999999999, 0.5507000000000001],
[43, 96.117959794, 3.3350648408990544e6, 0.62, 0.5822, 0.5418999999999999],
[44, 98.715615193, 3.3353368818038073e6, 0.648, 0.6048, 0.5595],
[45, 101.09879319400001, 3.334794226315408e6, 0.622, 0.5864, 0.5405],
[46, 103.45886449500001, 3.335177081476302e6, 0.651, 0.5936, 0.5364],
[47, 105.74259379500002, 3.3347882646489576e6, 0.632, 0.5836, 0.5376000000000001],
[48, 108.07029019400002, 3.3350064770025657e6, 0.63, 0.5928, 0.5395],
[49, 110.53981709300002, 3.3354128602620782e6, 0.638, 0.593, 0.5488],
[50, 112.76600709400003, 3.334898149540637e6, 0.649, 0.607, 0.5608],
[51, 114.58648409400003, 3.3350026893021595e6, 0.648, 0.5988, 0.5608],
[52, 116.21069649400003, 3.3352449741268624e6, 0.639, 0.5996, 0.5542999999999999],
[53, 117.76891799400003, 3.3344979375448045e6, 0.643, 0.6112000000000001, 0.5624],
[54, 119.48584659400004, 3.3347609701055833e6, 0.645, 0.5998, 0.5548],
[55, 121.02523649500004, 3.334957931363783e6, 0.625, 0.5942000000000001, 0.5545],
[56, 122.73900609500005, 3.3347102281545713e6, 0.629, 0.5948, 0.5476],
[57, 124.38689769500004, 3.3347187735518967e6, 0.632, 0.5982000000000001, 0.5478999999999999],
[58, 125.95107609500005, 3.334956343594044e6, 0.624, 0.587, 0.545],
[59, 127.58096549500004, 3.335033220727514e6, 0.624, 0.5872, 0.5326000000000001],
[60, 129.12783819600006, 3.3347919546660376e6, 0.639, 0.5943999999999999, 0.5483],
[61, 130.81363699700006, 3.3348148795756595e6, 0.625, 0.6053999999999999, 0.5602999999999999],
[62, 132.34141879700007, 3.3348478230809215e6, 0.639, 0.6072000000000001, 0.5572],
[63, 133.82787009700007, 3.3346130297119077e6, 0.643, 0.5953999999999999, 0.5436],
[64, 135.31085889700006, 3.335115910909119e6, 0.641, 0.5942000000000001, 0.5463],
[65, 136.81018429700006, 3.334674355019118e6, 0.645, 0.5966, 0.5472],
[66, 138.33911619700007, 3.3347453748784456e6, 0.611, 0.5842, 0.5398999999999999],
[67, 139.82632119700006, 3.335209127617076e6, 0.635, 0.5963999999999999, 0.5519],
[68, 141.32167569700005, 3.334634701618626e6, 0.654, 0.5962000000000001, 0.5492],
[69, 142.78748529700005, 3.334741683477254e6, 0.61, 0.5802, 0.5342],
[70, 144.27904439600005, 3.334685993176417e6, 0.632, 0.5886, 0.539],
[71, 145.75649489500006, 3.3347691748235407e6, 0.628, 0.5848, 0.5333],
[72, 147.46331919400006, 3.334951552787455e6, 0.641, 0.6006, 0.5519],
[73, 149.01535099500006, 3.334697458859467e6, 0.629, 0.577, 0.5271],
[74, 150.68603569500007, 3.3342183866151776e6, 0.624, 0.603, 0.5471],
[75, 152.27567549400007, 3.3346779222146203e6, 0.619, 0.5886, 0.5408],
[76, 153.94069879500006, 3.335056459378088e6, 0.631, 0.5846, 0.5381],
[77, 155.54968989500006, 3.3345842350306762e6, 0.629, 0.5936, 0.5446],
[78, 157.06531329400005, 3.3349303887534933e6, 0.614, 0.5798, 0.5363],
[79, 158.65268809400004, 3.3350509200018593e6, 0.66, 0.6056, 0.5545],
[80, 160.31907229500004, 3.3349268371470924e6, 0.631, 0.6002000000000001, 0.546],
[81, 162.19597969500003, 3.334431513330325e6, 0.618, 0.5854, 0.5405],
[82, 163.89037359400004, 3.3347685659924545e6, 0.633, 0.6003999999999999, 0.5539],
[83, 165.53118569400004, 3.3345599470163e6, 0.618, 0.5898, 0.5428999999999999],
[84, 167.20870219400004, 3.3350228860482564e6, 0.636, 0.583, 0.5356000000000001],
[85, 168.97929729500004, 3.33484009681577e6, 0.629, 0.5883999999999999, 0.5431],
[86, 170.65351859500004, 3.334808443716663e6, 0.64, 0.5898, 0.5405],
[87, 172.29352069500004, 3.3342180812899987e6, 0.628, 0.5844, 0.5383],
[88, 173.98404209500004, 3.3347458791979356e6, 0.636, 0.5976, 0.5492999999999999],
[89, 175.93309859500005, 3.3349960815651766e6, 0.652, 0.605, 0.5506],
[90, 177.61898069400004, 3.3348610204633716e6, 0.635, 0.5952000000000001, 0.5511],
[91, 179.15126649400005, 3.334994640168908e6, 0.649, 0.6043999999999999, 0.558],
[92, 180.87553789400005, 3.334562048019198e6, 0.637, 0.5932000000000001, 0.5418],
[93, 182.59017079400004, 3.334687200430383e6, 0.627, 0.5942000000000001, 0.5397000000000001],
[94, 184.22196279400004, 3.3348630670148195e6, 0.638, 0.5968, 0.5478],
[95, 186.36705669500003, 3.3347384455225337e6, 0.643, 0.594, 0.5471],
[96, 188.12664179500004, 3.334486571017432e6, 0.644, 0.6082000000000001, 0.5609],
[97, 189.74887879500005, 3.3347907563261506e6, 0.613, 0.5912000000000001, 0.5451],
[98, 191.42837519500006, 3.3344910859209932e6, 0.642, 0.5882000000000001, 0.5465],
[99, 192.96749719500005, 3.3345237404924408e6, 0.678, 0.6056, 0.5512],
[100, 194.55910669500005, 3.3346292242496125e6, 0.616, 0.5834, 0.5353],
[101, 196.21123849500006, 3.3348698810363985e6, 0.658, 0.6046, 0.5519],
[102, 197.79777689600007, 3.334574166328238e6, 0.644, 0.5948, 0.5472],
[103, 199.30629939700006, 3.334579545028096e6, 0.641, 0.5943999999999999, 0.552],
[104, 200.84656109600007, 3.334771944655708e6, 0.639, 0.5883999999999999, 0.5454],
[105, 202.4380907970001, 3.33472499636265e6, 0.615, 0.5903999999999999, 0.5507000000000001],
[106, 204.1688964980001, 3.334823898143551e6, 0.633, 0.5932000000000001, 0.5458],
[107, 205.8097431980001, 3.334662361402072e6, 0.649, 0.5893999999999999, 0.5482],
[108, 207.5992583980001, 3.3347362369971625e6, 0.633, 0.5962000000000001, 0.5545],
[109, 209.2900909980001, 3.3350223203217667e6, 0.647, 0.6006, 0.5466],
[110, 210.97028779700008, 3.334595188829471e6, 0.632, 0.591, 0.5421],
[111, 212.4588763970001, 3.334615045997225e6, 0.653, 0.601, 0.5575],
[112, 214.0229603970001, 3.3348695420014253e6, 0.623, 0.5824, 0.535],
[113, 215.5851416970001, 3.334966456302577e6, 0.667, 0.6018, 0.5561],
[114, 217.0912642970001, 3.334805989025925e6, 0.655, 0.6068, 0.5604],
[115, 218.77475379600008, 3.334701645859884e6, 0.618, 0.5928, 0.5492],
[116, 220.5818008960001, 3.3347921458994416e6, 0.632, 0.5846, 0.5418],
[117, 222.1420170960001, 3.3346143610800933e6, 0.655, 0.5988, 0.5582999999999999],
[118, 223.7362044960001, 3.334802752981672e6, 0.619, 0.5918, 0.5437000000000001],
[119, 225.5395173970001, 3.335042266656715e6, 0.655, 0.6052000000000001, 0.5592999999999999],
[120, 227.0695986980001, 3.334669299819052e6, 0.653, 0.6167999999999999, 0.5658],
[121, 228.6208580970001, 3.334425397048985e6, 0.634, 0.6008, 0.5572999999999999],
