rank: 100, ratio of 0 vs 1: 3, lambda:8, learning_rate: 0.1
iter time objective_function precision@K = 1, 5, 10
[0,3.412437991142311e6, 0.05 0.047799999999999995 0.0523],
[1, 3.002115101, 3.403918016998765e6, 0.143, 0.1156, 0.1031],
[2, 5.226876701, 3.3987204893517187e6, 0.549, 0.49960000000000004, 0.4639],
[3, 7.530212101, 3.3834874816411254e6, 0.562, 0.5322, 0.5037],
[4, 9.811604600999999, 3.379376998114471e6, 0.573, 0.5207999999999999, 0.48319999999999996],
[5, 12.134463300999998, 3.3775043324006563e6, 0.588, 0.5374, 0.5071],
[6, 14.450687799999999, 3.376079920477824e6, 0.596, 0.5382, 0.501],
[7, 16.752749300999998, 3.3754607023850423e6, 0.642, 0.5618, 0.5164],
[8, 19.018477501, 3.374584869775357e6, 0.615, 0.566, 0.5331],
[9, 21.278077001, 3.3735845184836173e6, 0.635, 0.5702, 0.5281],
[10, 23.654056502, 3.373278634764395e6, 0.665, 0.5796, 0.5323],
[11, 25.948904602, 3.3730499066442517e6, 0.654, 0.587, 0.5384],
[12, 28.237147802, 3.3723098885303466e6, 0.637, 0.5772, 0.5311],
[13, 30.491182901, 3.372244385233907e6, 0.639, 0.596, 0.5521],
[14, 32.780004100999996, 3.3717189529394903e6, 0.64, 0.5932000000000001, 0.5463],
[15, 35.097687201, 3.371426848848615e6, 0.65, 0.5872, 0.543],
[16, 37.363620401, 3.371405980056772e6, 0.681, 0.6082000000000001, 0.5597000000000001],
[17, 39.637777701, 3.3714031710366136e6, 0.668, 0.6008, 0.5582],
[18, 41.915518100999996, 3.3706444148551663e6, 0.654, 0.5862, 0.5424],
[19, 44.21543540099999, 3.370666300364276e6, 0.649, 0.5913999999999999, 0.5492999999999999],
[20, 46.501984101999994, 3.370900383944958e6, 0.623, 0.582, 0.5383],
[21, 48.785250102999996, 3.370311730955721e6, 0.666, 0.598, 0.553],
[22, 51.072627002999994, 3.370440961694857e6, 0.681, 0.597, 0.5498999999999999],
[23, 53.348414401999996, 3.3703278645674884e6, 0.665, 0.5988, 0.5512999999999999],
[24, 55.624605302, 3.3704880525246244e6, 0.657, 0.5973999999999999, 0.5536],
[25, 57.888700201999995, 3.3702928688605875e6, 0.67, 0.6122000000000001, 0.5628],
[26, 60.183048701999994, 3.3702553835895513e6, 0.661, 0.6016, 0.5526],
[27, 62.47530770099999, 3.3703220344214286e6, 0.669, 0.6038, 0.5541],
[28, 64.752487201, 3.3704084500071644e6, 0.671, 0.6098, 0.5604],
[29, 67.0206915, 3.370277398527042e6, 0.669, 0.6063999999999999, 0.5566],
[30, 69.29115059899999, 3.3703311616356065e6, 0.68, 0.6137999999999999, 0.5612999999999999],
[31, 71.58846949899998, 3.3703331570894932e6, 0.668, 0.6038, 0.5596],
[32, 73.86654419799999, 3.3701770576824765e6, 0.659, 0.5842, 0.5355],
[33, 76.11135479899998, 3.3702723150043213e6, 0.711, 0.6304, 0.5782999999999999],
[34, 78.43596579899999, 3.370090980958689e6, 0.706, 0.6164, 0.5724],
[35, 80.69880649999999, 3.3701106874433802e6, 0.68, 0.613, 0.557],
[36, 82.96344370099999, 3.370037293629198e6, 0.674, 0.6023999999999999, 0.5485],
[37, 85.20749559999999, 3.3704138252828326e6, 0.664, 0.6066, 0.5546],
[38, 87.49421009999999, 3.3702269152591615e6, 0.666, 0.5976, 0.556],
[39, 89.6820753, 3.370361631141582e6, 0.647, 0.6076, 0.5569],
[40, 91.742685899, 3.369887887674954e6, 0.662, 0.6093999999999999, 0.5618],
[41, 93.909903598, 3.3698527931014285e6, 0.673, 0.6096, 0.5635],
[42, 95.999629698, 3.370281290710676e6, 0.676, 0.608, 0.5629],
[43, 98.12264289900001, 3.3699717929023206e6, 0.656, 0.6016, 0.5542],
[44, 100.39203979800001, 3.3701670187003287e6, 0.675, 0.6216, 0.5678],
[45, 102.64448929800001, 3.369823320514403e6, 0.661, 0.6048, 0.5536],
[46, 104.91946639800001, 3.37030256547921e6, 0.671, 0.602, 0.5529],
[47, 107.21162399700002, 3.369908445665561e6, 0.668, 0.5958, 0.5494],
[48, 109.47699169700002, 3.3701192933414327e6, 0.665, 0.5953999999999999, 0.5512999999999999],
[49, 111.76201329600002, 3.3703265318716876e6, 0.664, 0.6066, 0.5616],
[50, 114.02145839500002, 3.370302761169625e6, 0.695, 0.6224, 0.5714],
[51, 116.30745029500002, 3.370129178337939e6, 0.681, 0.62, 0.5695],
[52, 118.57229759400002, 3.3702582274296936e6, 0.68, 0.617, 0.5702],
[53, 120.82834689400002, 3.3698630896120262e6, 0.677, 0.62, 0.5731],
[54, 123.10784059300002, 3.3699705312528843e6, 0.689, 0.6146, 0.5657000000000001],
[55, 125.38270659400003, 3.3702432854231056e6, 0.664, 0.6144, 0.5659],
[56, 127.66286849500003, 3.369917930353374e6, 0.675, 0.6058, 0.5616],
[57, 129.94543059600002, 3.3701981524445256e6, 0.672, 0.6106, 0.5606],
[58, 132.19616459600002, 3.3700677022868833e6, 0.68, 0.6073999999999999, 0.5592999999999999],
[59, 134.526835096, 3.3703429966299557e6, 0.676, 0.5996, 0.549],
[60, 136.81136009600002, 3.3699394177481397e6, 0.677, 0.6053999999999999, 0.5575],
[61, 139.06042299600003, 3.3700143812530553e6, 0.664, 0.615, 0.5672999999999999],
[62, 141.29507379600003, 3.3701328399745333e6, 0.688, 0.6222000000000001, 0.571],
[63, 143.57114019600002, 3.370033661478103e6, 0.672, 0.6006, 0.5502],
[64, 145.842839295, 3.3702953433299745e6, 0.676, 0.6046, 0.559],
[65, 148.098362695, 3.370024435412673e6, 0.678, 0.6137999999999999, 0.5617000000000001],
[66, 150.431069096, 3.3701597110417485e6, 0.643, 0.6012000000000001, 0.5559],
[67, 152.668864996, 3.3703558196702166e6, 0.678, 0.613, 0.5619],
[68, 154.905616197, 3.37014440929826e6, 0.689, 0.6136, 0.5631],
[69, 157.156848598, 3.3701965727093057e6, 0.647, 0.5953999999999999, 0.5497000000000001],
[70, 159.394778198, 3.3700182153524337e6, 0.679, 0.6018, 0.5541],
[71, 161.657804698, 3.3701829120631977e6, 0.671, 0.6016, 0.5517000000000001],
[72, 163.944161298, 3.370294190398567e6, 0.666, 0.613, 0.5658],
[73, 166.187419999, 3.370234801107773e6, 0.658, 0.5882000000000001, 0.5385],
[74, 168.435317599, 3.369731259517701e6, 0.658, 0.6063999999999999, 0.5545],
[75, 170.682719699, 3.3701214479023553e6, 0.635, 0.5936, 0.5515],
[76, 172.929195099, 3.370269337832218e6, 0.667, 0.5948, 0.5497000000000001],
[77, 175.17416329899999, 3.3698495631223707e6, 0.669, 0.6073999999999999, 0.5576],
[78, 177.42092329899998, 3.37022443197055e6, 0.661, 0.5973999999999999, 0.5551],
[79, 179.694742199, 3.3703836586462553e6, 0.694, 0.6257999999999999, 0.5724],
[80, 181.94319359899998, 3.3702470583164063e6, 0.673, 0.6117999999999999, 0.5595],
[81, 184.239564799, 3.3699686861753515e6, 0.653, 0.5963999999999999, 0.5549],
[82, 186.488918399, 3.3700134681331017e6, 0.683, 0.6176, 0.567],
[83, 188.750600498, 3.3699824760195194e6, 0.654, 0.5973999999999999, 0.5525],
[84, 191.029812598, 3.370322590387925e6, 0.667, 0.597, 0.5486],
[85, 193.284995598, 3.370333399187226e6, 0.662, 0.607, 0.5515],
[86, 195.551204098, 3.369972175538083e6, 0.676, 0.605, 0.551],
[87, 197.811061197, 3.3698246310662706e6, 0.673, 0.603, 0.5525],
[88, 200.05741529699998, 3.369917222811008e6, 0.669, 0.6033999999999999, 0.5581],
[89, 202.34176679599997, 3.370273591834128e6, 0.676, 0.6172000000000001, 0.5632],
[90, 204.789579496, 3.370155791484668e6, 0.669, 0.6157999999999999, 0.5664],
[91, 207.055544296, 3.370392868150299e6, 0.68, 0.6136, 0.5691],
[92, 209.32038659699998, 3.3701501675707856e6, 0.675, 0.61, 0.5577000000000001],
[93, 211.617074697, 3.3701766635116925e6, 0.68, 0.6088, 0.5592999999999999],
[94, 213.86100339799998, 3.3701580999578726e6, 0.68, 0.6122000000000001, 0.5632],
[95, 216.15903489699997, 3.3701433144095265e6, 0.682, 0.6033999999999999, 0.5599],
[96, 218.46332269799996, 3.3699753757737284e6, 0.695, 0.616, 0.5754],
[97, 220.73098949799996, 3.3701033781987876e6, 0.657, 0.6006, 0.5547000000000001],
[98, 223.01222899799996, 3.37018910807938e6, 0.687, 0.6043999999999999, 0.5578],
[99, 225.28183119799996, 3.3700316054726294e6, 0.704, 0.625, 0.5642],
[100, 227.53600269799998, 3.369924863526997e6, 0.65, 0.5956, 0.5488999999999999],
[101, 229.78640859799998, 3.370155220414475e6, 0.696, 0.6137999999999999, 0.5611],
[102, 232.11824909799998, 3.3701799251401178e6, 0.684, 0.6137999999999999, 0.5592],
[103, 234.375717198, 3.3701061030913796e6, 0.687, 0.6117999999999999, 0.5648],
[104, 236.637045798, 3.370040122476968e6, 0.668, 0.6073999999999999, 0.5562999999999999],
[105, 238.879451997, 3.3701192291125692e6, 0.637, 0.6093999999999999, 0.565],
[106, 241.202287497, 3.370008251628565e6, 0.665, 0.6103999999999999, 0.5588],
[107, 243.491648197, 3.370025685585009e6, 0.663, 0.6046, 0.5582],
[108, 245.770525997, 3.369837988271269e6, 0.672, 0.6207999999999999, 0.5666],
[109, 248.11328449799998, 3.37033062473075e6, 0.678, 0.6157999999999999, 0.5599],
[110, 250.406732297, 3.370134067836482e6, 0.669, 0.61, 0.5552999999999999],
[111, 252.675056197, 3.370072164726079e6, 0.69, 0.6232000000000001, 0.5698],
[112, 255.011013797, 3.37029124214116e6, 0.655, 0.6026, 0.5485],
[113, 257.337560997, 3.3702901742574177e6, 0.701, 0.6217999999999999, 0.5676],
[114, 259.60348559700003, 3.3699418733240413e6, 0.7, 0.622, 0.574],
[115, 261.88336769700004, 3.3702265873099924e6, 0.669, 0.6126, 0.5642],
[116, 264.152056397, 3.3700264925146643e6, 0.674, 0.5986, 0.5586],
[117, 266.39216209700004, 3.3700843105636765e6, 0.692, 0.6204, 0.5699],
[118, 268.685013898, 3.3700668086460102e6, 0.648, 0.5982000000000001, 0.5539],
[119, 270.94579239800004, 3.37032521798568e6, 0.686, 0.6227999999999999, 0.5711],
[120, 273.20625529800003, 3.370163320101659e6, 0.677, 0.6222000000000001, 0.5744],
[121, 275.47136409800004, 3.369989178771312e6, 0.678, 0.6226, 0.5717000000000001],
