rank: 100, ratio of 0 vs 1: 3, lambda:5, learning_rate: 0.2
iter time objective_function precision@K = 1, 5, 10
[0,3.4073140191333108e6, 0.05 0.047799999999999995 0.0523],
[1, 1.616765201, 3.4001623668282065e6, 0.345, 0.2798, 0.248],
[2, 3.239694201, 3.378685251954044e6, 0.489, 0.4446, 0.4229],
[3, 4.890207901, 3.3798421867672135e6, 0.488, 0.4462, 0.427],
[4, 6.533091401, 3.380007926513015e6, 0.518, 0.4712, 0.4466],
[5, 8.162210202, 3.3729080291395998e6, 0.563, 0.5028, 0.4732],
[6, 9.800766601000001, 3.368636593297216e6, 0.573, 0.5102, 0.4815],
[7, 11.437964001000001, 3.366805656758402e6, 0.609, 0.5484, 0.5075],
[8, 13.062784901, 3.3651916108446186e6, 0.612, 0.5464, 0.5162],
[9, 14.699664201000001, 3.363848104258542e6, 0.61, 0.5494, 0.5155],
[10, 16.355076501, 3.363382228994396e6, 0.619, 0.5576, 0.5217],
[11, 17.987117299999998, 3.363010000286088e6, 0.619, 0.5658, 0.5272],
[12, 19.622841899999997, 3.3624055468539423e6, 0.613, 0.5582, 0.5232],
[13, 21.2530321, 3.3623095823109658e6, 0.628, 0.5684, 0.5285],
[14, 22.8985676, 3.361893215324167e6, 0.631, 0.5646, 0.5273],
[15, 24.5481669, 3.361864684942848e6, 0.65, 0.5696, 0.5277000000000001],
[16, 26.2041629, 3.361810612372688e6, 0.649, 0.587, 0.5438],
[17, 27.8521391, 3.3619701806777655e6, 0.65, 0.5742, 0.5378999999999999],
[18, 29.489072399999998, 3.3612101961125615e6, 0.62, 0.5562, 0.5246000000000001],
[19, 31.195593499999998, 3.3613754224073016e6, 0.637, 0.5786, 0.5411],
[20, 32.835890199999994, 3.3616773035330186e6, 0.62, 0.5532, 0.5197],
[21, 34.47737409999999, 3.3611484640708403e6, 0.635, 0.5696, 0.5348999999999999],
[22, 36.13051530099999, 3.361242075214091e6, 0.654, 0.5822, 0.5364],
[23, 37.766097999999985, 3.3612641101839333e6, 0.625, 0.572, 0.5376000000000001],
[24, 39.40096499899999, 3.361487612124013e6, 0.623, 0.5706, 0.5333],
[25, 41.032398898999986, 3.3612393723837063e6, 0.64, 0.5806, 0.5415],
[26, 42.67574059899999, 3.361204689864927e6, 0.622, 0.5544, 0.5183],
[27, 44.31587369899999, 3.3614111035110317e6, 0.641, 0.5804, 0.5347000000000001],
[28, 45.98228099899999, 3.361537133672778e6, 0.624, 0.58, 0.5391],
[29, 47.62457199899999, 3.361390079425182e6, 0.639, 0.5776, 0.5332],
[30, 49.27746569899999, 3.3614892803411926e6, 0.633, 0.5702, 0.5343],
[31, 50.91984079799999, 3.3614145628641914e6, 0.647, 0.5744, 0.5337999999999999],
[32, 52.562637397999985, 3.361421127627457e6, 0.595, 0.5464, 0.5101],
[33, 54.186280797999984, 3.361427387925267e6, 0.667, 0.5898, 0.5528],
[34, 55.806428197999985, 3.3613363357884972e6, 0.633, 0.5788, 0.5445],
[35, 57.45931509799998, 3.3613415816289424e6, 0.67, 0.5738, 0.5423],
[36, 59.091696996999985, 3.3611976455411394e6, 0.631, 0.5686, 0.5257999999999999],
[37, 60.731573396999984, 3.361550311557466e6, 0.628, 0.5702, 0.535],
[38, 62.357209396999984, 3.3614806223699637e6, 0.63, 0.566, 0.5315],
[39, 63.99246699799998, 3.361630886437267e6, 0.641, 0.5744, 0.5358999999999999],
[40, 65.68841519699998, 3.36112592862721e6, 0.643, 0.5816, 0.5403],
[41, 67.32159469699998, 3.3611536272518677e6, 0.619, 0.577, 0.5373],
[42, 68.95985259599998, 3.3616572344738524e6, 0.633, 0.5774, 0.5383],
[43, 70.60328719599998, 3.3611601964226905e6, 0.627, 0.5672, 0.5325],
[44, 72.24898449599998, 3.361456456721396e6, 0.642, 0.5864, 0.5496],
[45, 73.88424019599998, 3.361061901463543e6, 0.621, 0.5712, 0.5307000000000001],
[46, 75.51908019599998, 3.361529294958576e6, 0.658, 0.5696, 0.5332],
[47, 77.15726409599998, 3.3610834544432377e6, 0.625, 0.5676, 0.5244],
[48, 78.78537959499998, 3.3613703050345895e6, 0.63, 0.555, 0.5213],
[49, 80.42928689499998, 3.361663028994287e6, 0.605, 0.5716, 0.5428999999999999],
[50, 82.05497909499998, 3.361561058177949e6, 0.63, 0.5836, 0.5468],
[51, 83.68308099499998, 3.3614288480410073e6, 0.649, 0.5784, 0.5432],
[52, 85.32677539499998, 3.361600665613349e6, 0.645, 0.586, 0.5483],
[53, 86.95965409499999, 3.361120253473343e6, 0.646, 0.5854, 0.5477000000000001],
[54, 88.59723819399998, 3.361216315982675e6, 0.655, 0.5834, 0.5432],
[55, 90.23852119399999, 3.361468399416791e6, 0.633, 0.5828, 0.5414],
[56, 91.88290589399999, 3.3611542412393955e6, 0.642, 0.5738, 0.5352],
[57, 93.50628209399999, 3.3613687358675916e6, 0.635, 0.5804, 0.5368999999999999],
[58, 95.16078209399998, 3.3614447056322396e6, 0.639, 0.5704, 0.5345],
[59, 96.79230419299998, 3.3616282774127494e6, 0.639, 0.5622, 0.523],
[60, 98.43059179199997, 3.3612866758706756e6, 0.636, 0.5792, 0.5386],
[61, 100.05130899199997, 3.361214289178164e6, 0.638, 0.5762, 0.5415],
[62, 101.68510659199997, 3.361393211624204e6, 0.64, 0.5824, 0.5456],
[63, 103.34587519199997, 3.3612805631896127e6, 0.618, 0.5558, 0.5207],
[64, 104.98878039099996, 3.3615969092504317e6, 0.642, 0.5664, 0.5363],
[65, 106.63989509099996, 3.3612929731062134e6, 0.664, 0.5834, 0.5415],
[66, 108.27817859099996, 3.361344654134967e6, 0.625, 0.5582, 0.527],
[67, 109.93125909199996, 3.3617836537839244e6, 0.643, 0.5726, 0.5411],
[68, 111.58362319199996, 3.361362171917658e6, 0.659, 0.5788, 0.5402],
[69, 113.22109729199997, 3.361418350712341e6, 0.618, 0.5664, 0.5303],
[70, 114.87389809199996, 3.3613375937818936e6, 0.625, 0.5708, 0.5324],
[71, 116.51319899099997, 3.3613621896852995e6, 0.639, 0.5708, 0.5345],
[72, 118.14773209199997, 3.3615437488248916e6, 0.62, 0.5696, 0.5374],
[73, 119.78587039299997, 3.361444116106055e6, 0.615, 0.5586, 0.5187999999999999],
[74, 121.42257759299997, 3.3608309392731874e6, 0.642, 0.5714, 0.5375],
[75, 123.05961129299997, 3.3613227366623976e6, 0.601, 0.5548, 0.5235],
[76, 124.69292279299998, 3.361631310283014e6, 0.629, 0.5616, 0.5271],
[77, 126.34291079299997, 3.3610778641217453e6, 0.641, 0.575, 0.5308999999999999],
[78, 128.05427519299997, 3.3615066597701567e6, 0.63, 0.5662, 0.5278999999999999],
[79, 129.71553519299997, 3.3616995848433715e6, 0.641, 0.5812, 0.545],
[80, 131.34755109299996, 3.3615063400836983e6, 0.642, 0.5648, 0.5327000000000001],
[81, 133.00461999399997, 3.361238650381819e6, 0.6, 0.566, 0.5312],
[82, 134.68378819399996, 3.3612587953806426e6, 0.661, 0.5808, 0.5418999999999999],
[83, 136.31957819399997, 3.361249720595245e6, 0.639, 0.577, 0.5362],
[84, 137.97499339299998, 3.361586386940757e6, 0.642, 0.5594, 0.5216000000000001],
[85, 139.615849893, 3.361486062442811e6, 0.619, 0.5678, 0.529],
[86, 141.271086094, 3.361292319211706e6, 0.635, 0.5662, 0.5358999999999999],
[87, 142.902871794, 3.3609803357886197e6, 0.609, 0.5648, 0.5264],
[88, 144.55240159299998, 3.361186802823783e6, 0.629, 0.578, 0.5381],
[89, 146.203829792, 3.361575844573803e6, 0.642, 0.5774, 0.5416],
[90, 147.836584792, 3.3614485844999445e6, 0.635, 0.5818, 0.5413],
[91, 149.485917593, 3.3616714161241134e6, 0.636, 0.5742, 0.5434],
[92, 151.135934192, 3.361323329623544e6, 0.628, 0.5682, 0.5337999999999999],
[93, 152.773316692, 3.3614229356426117e6, 0.634, 0.582, 0.5431],
[94, 154.420015092, 3.361448565376692e6, 0.65, 0.59, 0.545],
[95, 156.072444791, 3.361343155254707e6, 0.627, 0.574, 0.5303],
[96, 157.713533391, 3.3612263892000485e6, 0.664, 0.5856, 0.5444],
[97, 159.34553799, 3.3613436230349606e6, 0.629, 0.5708, 0.5334],
[98, 160.99514779, 3.3613584962824145e6, 0.625, 0.5754, 0.5418999999999999],
[99, 162.627530291, 3.3612676492423494e6, 0.65, 0.5852, 0.5408],
[100, 164.254470491, 3.361214720424869e6, 0.609, 0.5622, 0.5257000000000001],
[101, 165.892563491, 3.3614385256210514e6, 0.661, 0.575, 0.5363],
[102, 167.533166991, 3.3613802968520247e6, 0.639, 0.5754, 0.5335],
[103, 169.170245691, 3.361283574525594e6, 0.656, 0.5882000000000001, 0.546],
[104, 170.80728469099998, 3.3612968193517956e6, 0.633, 0.575, 0.5432],
[105, 172.43982589099997, 3.3614717836448154e6, 0.63, 0.5666, 0.5292],
[106, 174.08451898999996, 3.361315545300655e6, 0.638, 0.5798, 0.5394],
[107, 175.71706168999995, 3.3612782009374956e6, 0.643, 0.5794, 0.5408],
[108, 177.35663499099996, 3.361156950592904e6, 0.63, 0.581, 0.5441],
[109, 178.99757279099995, 3.361638602950437e6, 0.614, 0.566, 0.5311],
[110, 180.63403368999997, 3.361221299894718e6, 0.63, 0.5652, 0.5293],
[111, 182.26361988899995, 3.3613992767938115e6, 0.634, 0.5782, 0.5448999999999999],
[112, 183.91136788899996, 3.3615092979846853e6, 0.643, 0.577, 0.5314],
[113, 185.55333968899996, 3.3615950773618957e6, 0.655, 0.5868, 0.5441],
[114, 187.19399148899996, 3.3612477724398603e6, 0.639, 0.593, 0.555],
[115, 188.83347468899996, 3.361398689017237e6, 0.646, 0.5794, 0.5426],
[116, 190.46043288799996, 3.361351627585801e6, 0.636, 0.5768, 0.5407000000000001],
[117, 192.12355008799994, 3.3612796554633887e6, 0.661, 0.594, 0.5485],
[118, 193.75424868799993, 3.361255334843626e6, 0.638, 0.5682, 0.534],
[119, 195.38925668799993, 3.3616224832831053e6, 0.642, 0.587, 0.5496],
[120, 197.04729018799992, 3.3614116486163456e6, 0.651, 0.5854, 0.5507000000000001],
[121, 198.67370178799993, 3.361151230704863e6, 0.664, 0.5902000000000001, 0.5507000000000001],
