rank: 100, ratio of 0 vs 1: 3, lambda:3, learning_rate: 0.2
iter time objective_function precision@K = 1, 5, 10
[0,3.4038980377939767e6, 0.05 0.047799999999999995 0.0523],
[1, 2.752410599, 3.398161087207257e6, 0.314, 0.2576, 0.232],
[2, 4.903264599, 3.3801758460289044e6, 0.379, 0.351, 0.3378],
[3, 7.075067899, 3.3950061539633293e6, 0.293, 0.2868, 0.2754],
[4, 9.282595498000001, 3.4411871783916713e6, 0.398, 0.3522, 0.3355],
[5, 11.473674499000001, 3.4280689033468612e6, 0.351, 0.3222, 0.31360000000000005],
[6, 13.609745699000001, 3.4138693462434635e6, 0.404, 0.3574, 0.3466],
[7, 15.742590599000001, 3.398570742335239e6, 0.423, 0.38160000000000005, 0.3737],
[8, 17.842521699000002, 3.388072793967541e6, 0.434, 0.4042, 0.3862],
[9, 19.959202899, 3.379884417306115e6, 0.442, 0.4208, 0.4032],
[10, 22.082676499, 3.375143135122431e6, 0.448, 0.4332, 0.4204],
[11, 24.323526499000003, 3.371982139132806e6, 0.497, 0.4432, 0.42460000000000003],
[12, 26.533251399000005, 3.3696421488841632e6, 0.484, 0.45239999999999997, 0.4289],
[13, 28.679355199000003, 3.3680469814684223e6, 0.474, 0.45380000000000004, 0.44039999999999996],
[14, 30.822147199000003, 3.365847110154605e6, 0.482, 0.4608, 0.4512],
[15, 32.975638199, 3.3647879161092117e6, 0.485, 0.4574, 0.4442],
[16, 35.098333299000004, 3.3634218072614633e6, 0.496, 0.4626, 0.4555],
[17, 37.246856599000004, 3.362076442418366e6, 0.505, 0.4662, 0.45180000000000003],
[18, 39.372261400000006, 3.359702089892984e6, 0.474, 0.4522, 0.447],
[19, 41.502754499000005, 3.358568645334795e6, 0.49, 0.4686, 0.4651],
[20, 43.826997600000006, 3.3578241448442945e6, 0.491, 0.4566, 0.44089999999999996],
[21, 46.05146010000001, 3.3555392298273672e6, 0.473, 0.4672, 0.4677],
[22, 48.23856440000001, 3.354121733702931e6, 0.492, 0.4652, 0.4576],
[23, 50.485532600000006, 3.352595867778062e6, 0.475, 0.465, 0.4641],
[24, 52.679533500000005, 3.3515805048278514e6, 0.47, 0.45080000000000003, 0.4581],
[25, 54.889109201000004, 3.350105598548876e6, 0.475, 0.4644, 0.4721],
[26, 57.11891180000001, 3.348625945261196e6, 0.452, 0.4422, 0.4585],
[27, 59.397513901, 3.347596599353332e6, 0.472, 0.4608, 0.4725],
[28, 61.617632900000004, 3.346716468146315e6, 0.463, 0.4584, 0.4663],
[29, 63.8883986, 3.345244445984136e6, 0.491, 0.4568, 0.4686],
[30, 66.1345939, 3.344004098283742e6, 0.464, 0.451, 0.4686],
[31, 68.4070291, 3.3426884485595743e6, 0.469, 0.4552, 0.471],
[32, 70.7802348, 3.3416677080779853e6, 0.431, 0.42960000000000004, 0.452],
[33, 73.06434090100001, 3.3409323605231675e6, 0.456, 0.4704, 0.48710000000000003],
[34, 75.29861490200001, 3.340006398548189e6, 0.452, 0.4674, 0.48619999999999997],
[35, 77.51060880200001, 3.338735702197021e6, 0.466, 0.458, 0.4721],
[36, 79.76219820300001, 3.337751326446724e6, 0.441, 0.442, 0.4614],
[37, 82.022073903, 3.3371597452077167e6, 0.441, 0.4568, 0.4733],
[38, 84.278047903, 3.336175608896421e6, 0.462, 0.45539999999999997, 0.4745],
[39, 86.53766010300001, 3.335638229329611e6, 0.443, 0.44939999999999997, 0.4715],
[40, 88.773706903, 3.3346694342690594e6, 0.465, 0.46, 0.48369999999999996],
[41, 91.050171202, 3.333688761857763e6, 0.441, 0.4546, 0.4829],
[42, 93.35982500200001, 3.3335071235370142e6, 0.442, 0.4546, 0.4834],
[43, 95.56716640200001, 3.332035824887936e6, 0.437, 0.4564, 0.4809],
[44, 97.78729490300002, 3.331726545493507e6, 0.439, 0.468, 0.498],
[45, 100.01529120400002, 3.3309617538255304e6, 0.438, 0.44739999999999996, 0.4759],
[46, 102.25909910400003, 3.330831749304365e6, 0.449, 0.4614, 0.4879],
[47, 104.49433580400003, 3.329914365521453e6, 0.434, 0.4482, 0.4732],
[48, 106.73580830500003, 3.3295095415386218e6, 0.439, 0.44580000000000003, 0.4759],
[49, 108.98530380500003, 3.3293044792301357e6, 0.445, 0.4584, 0.4947],
[50, 111.22569240600004, 3.3286144329821775e6, 0.458, 0.46, 0.4985],
[51, 113.45604560500004, 3.328162038331628e6, 0.454, 0.4616, 0.49410000000000004],
[52, 115.71163410500004, 3.32794533397752e6, 0.443, 0.465, 0.5025],
[53, 117.97435880400005, 3.3269922895795507e6, 0.44, 0.4664, 0.5053],
[54, 120.24527790400005, 3.3267162487543807e6, 0.446, 0.4636, 0.4998],
[55, 122.51120260400005, 3.32665533848035e6, 0.467, 0.4672, 0.5065],
[56, 124.78128210400004, 3.3260997448129393e6, 0.433, 0.4676, 0.5023],
[57, 127.08877460400004, 3.3258591117823413e6, 0.428, 0.4586, 0.49910000000000004],
[58, 129.33371700300003, 3.325719524709214e6, 0.442, 0.4602, 0.5017],
[59, 131.59052450300004, 3.325557801873577e6, 0.442, 0.453, 0.4909],
[60, 133.82768640400005, 3.324987410580046e6, 0.433, 0.46, 0.4967],
[61, 136.06765540400005, 3.324921105297227e6, 0.427, 0.4612, 0.5017],
[62, 138.28035990300006, 3.324502863139588e6, 0.436, 0.4708, 0.5112],
[63, 140.53112360300005, 3.3243598157332004e6, 0.425, 0.4552, 0.4905],
[64, 142.81757190300004, 3.324472954915878e6, 0.433, 0.4706, 0.5005],
[65, 145.06495590300005, 3.3239931830206434e6, 0.441, 0.4658, 0.5077],
[66, 147.32219000300006, 3.3236643262097547e6, 0.442, 0.4666, 0.49960000000000004],
[67, 149.59964300300007, 3.323954691304861e6, 0.446, 0.474, 0.5113],
[68, 151.86928890300007, 3.3233124454219695e6, 0.454, 0.4804, 0.5149],
[69, 154.16394100300008, 3.323350538341195e6, 0.417, 0.4588, 0.501],
[70, 156.43129810300007, 3.323014492901319e6, 0.454, 0.4636, 0.5038],
[71, 158.73311200200007, 3.3230315512321857e6, 0.434, 0.4706, 0.5074],
[72, 161.00443780200007, 3.3226930732624773e6, 0.449, 0.4748, 0.5082],
[73, 163.30820710200007, 3.3225966907981085e6, 0.437, 0.4582, 0.49410000000000004],
[74, 165.58296980100008, 3.3219839092258066e6, 0.433, 0.4604, 0.5038],
[75, 167.81803140100007, 3.32242022058403e6, 0.423, 0.457, 0.49860000000000004],
[76, 170.11980880000007, 3.3226775737447417e6, 0.438, 0.45480000000000004, 0.49639999999999995],
[77, 172.40800560000008, 3.322071056664395e6, 0.439, 0.469, 0.5086],
[78, 174.66692939900008, 3.3221865101174964e6, 0.425, 0.4682, 0.5022],
[79, 176.90814559900008, 3.3223959795072824e6, 0.466, 0.48519999999999996, 0.5217999999999999],
[80, 179.13122470000008, 3.322321718613261e6, 0.425, 0.47, 0.5137999999999999],
[81, 181.56466809900007, 3.3214325739695923e6, 0.431, 0.46, 0.5017],
[82, 183.80392439900007, 3.3216922512538475e6, 0.453, 0.4848, 0.5165],
[83, 186.06535839900008, 3.3215921363539556e6, 0.433, 0.4694, 0.508],
[84, 188.34458469900008, 3.321865426494093e6, 0.42, 0.4718, 0.503],
[85, 190.5967253990001, 3.3217879151921063e6, 0.436, 0.4652, 0.5039],
[86, 192.8564091990001, 3.321688749322208e6, 0.443, 0.4734, 0.508],
[87, 195.1010624990001, 3.3210549215306956e6, 0.425, 0.4668, 0.5056],
[88, 197.32905719900012, 3.3213863620527782e6, 0.441, 0.4738, 0.5136000000000001],
[89, 199.57379879800013, 3.3215140406800983e6, 0.435, 0.4806, 0.5156000000000001],
[90, 201.82136099800013, 3.3213122112371675e6, 0.458, 0.4864, 0.5206000000000001],
[91, 204.05651389800013, 3.321755666617378e6, 0.453, 0.48360000000000003, 0.5187999999999999],
[92, 206.30109889800013, 3.321151616341504e6, 0.431, 0.47, 0.5073],
[93, 208.54337179800012, 3.3211341618647827e6, 0.427, 0.4776, 0.517],
[94, 210.77259499800013, 3.3213222058906523e6, 0.445, 0.49339999999999995, 0.5281],
[95, 213.03692179700013, 3.321164318953822e6, 0.441, 0.4768, 0.5094],
[96, 215.29979259700013, 3.3207265678983773e6, 0.426, 0.48260000000000003, 0.5213],
[97, 217.55241919800014, 3.3212075365205267e6, 0.421, 0.471, 0.5107],
[98, 219.82617229800013, 3.320938158414791e6, 0.45, 0.48360000000000003, 0.5121],
[99, 222.07164039900013, 3.3208768096719002e6, 0.447, 0.48, 0.5175],
[100, 224.27066109900014, 3.320950456265766e6, 0.415, 0.4664, 0.5044],
[101, 226.62587869800015, 3.3211089579382166e6, 0.418, 0.4794, 0.5167999999999999],
[102, 228.86215569900014, 3.320644704662601e6, 0.45, 0.479, 0.5202],
[103, 231.07726639900014, 3.320742473053303e6, 0.449, 0.4786, 0.5183],
[104, 233.30611689900013, 3.320787287958612e6, 0.459, 0.4828, 0.5149],
[105, 235.51188220000014, 3.3209090749729346e6, 0.423, 0.469, 0.5093],
[106, 237.76058250000014, 3.321018146448113e6, 0.442, 0.4776, 0.5155],
[107, 240.00482010100015, 3.3208104437425593e6, 0.443, 0.4808, 0.5192],
[108, 242.25689960100016, 3.3207415005053994e6, 0.452, 0.48519999999999996, 0.5248999999999999],
[109, 244.50865020100017, 3.3210650434067883e6, 0.444, 0.4756, 0.516],
[110, 246.80934510000017, 3.320525114823668e6, 0.412, 0.4664, 0.5071],
[111, 249.12670939900016, 3.320550669727367e6, 0.461, 0.488, 0.5219],
[112, 251.44154669900016, 3.321027727444e6, 0.427, 0.4722, 0.5109],
[113, 253.71633390000017, 3.32096967215575e6, 0.44, 0.4798, 0.5161],
[114, 256.0173386000002, 3.320804533366903e6, 0.459, 0.49560000000000004, 0.5298999999999999],
[115, 258.2629552000002, 3.320759466973088e6, 0.446, 0.4726, 0.5169],
[116, 260.5420581000002, 3.320983904922377e6, 0.45, 0.4804, 0.5137999999999999],
[117, 262.79129330100017, 3.32034718725268e6, 0.442, 0.481, 0.5253],
[118, 265.04010580200014, 3.3206623566197236e6, 0.431, 0.4746, 0.5136000000000001],
[119, 267.29972680100013, 3.3208362185202884e6, 0.449, 0.49160000000000004, 0.5292],
[120, 269.5983962010001, 3.3205496696760855e6, 0.444, 0.486, 0.5284],
[121, 271.87286370100014, 3.3204272359488667e6, 0.445, 0.4928, 0.5287999999999999],
