rank: 30, ratio of 0 vs 1: 3, lambda:10, learning_rate: 0.05
iter time objective_function precision@K = 1, 5, 10
[0,11655.657555037204, 0.0 0.01020408163265306 0.009183673469387756],
[1, 0.0128573, 11531.735233807964, 0.0, 0.012244897959183673, 0.009183673469387756],
[2, 0.0265607, 11461.946249634968, 0.0, 0.00816326530612245, 0.01020408163265306],
[3, 0.039811801, 11415.926224239813, 0.0, 0.006122448979591836, 0.009183673469387756],
[4, 0.052657001, 11383.363653039702, 0.0, 0.01020408163265306, 0.011224489795918368],
[5, 0.0654418, 11359.841751691092, 0.01020408163265306, 0.006122448979591836, 0.012244897959183673],
[6, 0.078996599, 11342.356453368631, 0.01020408163265306, 0.006122448979591836, 0.011224489795918368],
[7, 0.0928804, 11329.928474875453, 0.01020408163265306, 0.006122448979591836, 0.012244897959183673],
[8, 0.105654, 11320.288395941356, 0.01020408163265306, 0.006122448979591836, 0.012244897959183673],
[9, 0.11955539999999999, 11313.220656420553, 0.01020408163265306, 0.006122448979591836, 0.012244897959183673],
[10, 0.1324881, 11307.859305479673, 0.01020408163265306, 0.006122448979591836, 0.012244897959183673],
[11, 0.1463812, 11304.002582030185, 0.01020408163265306, 0.006122448979591836, 0.012244897959183673],
[12, 0.15919239999999998, 11300.846738629592, 0.01020408163265306, 0.006122448979591836, 0.011224489795918368],
[13, 0.17292439999999998, 11298.641149112318, 0.01020408163265306, 0.006122448979591836, 0.011224489795918368],
[14, 0.18886589999999998, 11297.123657653206, 0.01020408163265306, 0.006122448979591836, 0.012244897959183673],
[15, 0.20138489999999998, 11295.88856421769, 0.01020408163265306, 0.006122448979591836, 0.012244897959183673],
[16, 0.2146089, 11294.788775472642, 0.01020408163265306, 0.006122448979591836, 0.012244897959183673],
[17, 0.2292256, 11294.277932099512, 0.01020408163265306, 0.006122448979591836, 0.012244897959183673],
[18, 0.24836740000000002, 11293.952232110163, 0.01020408163265306, 0.006122448979591836, 0.012244897959183673],
[19, 0.267137301, 11293.324265295556, 0.01020408163265306, 0.006122448979591836, 0.012244897959183673],
[20, 0.2820862, 11292.894361562734, 0.01020408163265306, 0.006122448979591836, 0.012244897959183673],
[21, 0.2957553, 11292.745580811654, 0.01020408163265306, 0.006122448979591836, 0.012244897959183673],
[22, 0.3091733, 11292.705606558924, 0.01020408163265306, 0.006122448979591836, 0.011224489795918368],
[23, 0.3226052, 11292.510406006943, 0.01020408163265306, 0.006122448979591836, 0.011224489795918368],
[24, 0.335845999, 11292.477447336998, 0.01020408163265306, 0.006122448979591836, 0.011224489795918368],
[25, 0.350298499, 11292.264556722503, 0.01020408163265306, 0.006122448979591836, 0.011224489795918368],
[26, 0.365999299, 11292.014925568797, 0.01020408163265306, 0.006122448979591836, 0.011224489795918368],
[27, 0.380298598, 11292.212240586305, 0.01020408163265306, 0.006122448979591836, 0.011224489795918368],
[28, 0.39368639699999997, 11292.094309726812, 0.01020408163265306, 0.006122448979591836, 0.011224489795918368],
[29, 0.407758596, 11292.346496131346, 0.01020408163265306, 0.006122448979591836, 0.011224489795918368],
[30, 0.42023699699999995, 11292.181449770771, 0.01020408163265306, 0.006122448979591836, 0.011224489795918368],
[31, 0.4347193979999999, 11292.390672885336, 0.01020408163265306, 0.006122448979591836, 0.011224489795918368],
[32, 0.4480273979999999, 11292.129507751702, 0.01020408163265306, 0.006122448979591836, 0.011224489795918368],
[33, 0.46110899799999994, 11292.266969428447, 0.01020408163265306, 0.006122448979591836, 0.011224489795918368],
[34, 0.47483279799999994, 11292.232255032599, 0.01020408163265306, 0.006122448979591836, 0.011224489795918368],
[35, 0.4882513969999999, 11292.006312814856, 0.01020408163265306, 0.006122448979591836, 0.011224489795918368],
[36, 0.5024222959999999, 11292.10272701424, 0.01020408163265306, 0.006122448979591836, 0.011224489795918368],
[37, 0.5155705959999999, 11291.922198688331, 0.01020408163265306, 0.006122448979591836, 0.011224489795918368],
[38, 0.5330712969999999, 11292.092189658666, 0.01020408163265306, 0.006122448979591836, 0.011224489795918368],
[39, 0.5461309969999999, 11292.0849501917, 0.01020408163265306, 0.006122448979591836, 0.011224489795918368],
[40, 0.5598668979999999, 11292.092052530561, 0.01020408163265306, 0.006122448979591836, 0.011224489795918368],
[41, 0.5735409979999999, 11292.014015237679, 0.01020408163265306, 0.006122448979591836, 0.011224489795918368],
[42, 0.5874306979999999, 11292.066096814433, 0.01020408163265306, 0.006122448979591836, 0.011224489795918368],
[43, 0.6004587979999999, 11291.948448514857, 0.01020408163265306, 0.006122448979591836, 0.011224489795918368],
[44, 0.6142972979999999, 11291.92231990135, 0.01020408163265306, 0.006122448979591836, 0.011224489795918368],
[45, 0.6280054969999999, 11292.162428219699, 0.01020408163265306, 0.006122448979591836, 0.011224489795918368],
[46, 0.6416507969999998, 11292.020458041707, 0.01020408163265306, 0.006122448979591836, 0.011224489795918368],
[47, 0.6552029969999998, 11292.081435991622, 0.01020408163265306, 0.006122448979591836, 0.011224489795918368],
[48, 0.6696972969999998, 11291.983913920429, 0.01020408163265306, 0.006122448979591836, 0.011224489795918368],
[49, 0.6837519969999998, 11292.313203698117, 0.01020408163265306, 0.006122448979591836, 0.011224489795918368],
[50, 0.6976849969999998, 11292.068651483709, 0.01020408163265306, 0.006122448979591836, 0.011224489795918368],
[51, 0.7104312969999997, 11292.272298926926, 0.01020408163265306, 0.006122448979591836, 0.011224489795918368],
[52, 0.7245063959999998, 11291.949768883804, 0.01020408163265306, 0.006122448979591836, 0.011224489795918368],
[53, 0.7402288959999997, 11292.073803581952, 0.01020408163265306, 0.006122448979591836, 0.011224489795918368],
[54, 0.7540067949999998, 11291.930840832509, 0.01020408163265306, 0.006122448979591836, 0.011224489795918368],
[55, 0.7685153949999998, 11292.232063246012, 0.01020408163265306, 0.006122448979591836, 0.011224489795918368],
[56, 0.7828815949999998, 11292.14822920731, 0.01020408163265306, 0.006122448979591836, 0.011224489795918368],
[57, 0.7967917939999998, 11292.196096942065, 0.01020408163265306, 0.006122448979591836, 0.011224489795918368],
[58, 0.8117431939999997, 11292.185446865216, 0.01020408163265306, 0.006122448979591836, 0.011224489795918368],
[59, 0.8250475929999997, 11292.119505045726, 0.01020408163265306, 0.006122448979591836, 0.011224489795918368],
[60, 0.8531321929999998, 11292.036925734808, 0.01020408163265306, 0.006122448979591836, 0.011224489795918368],
[61, 0.8664009929999997, 11292.202618965548, 0.01020408163265306, 0.006122448979591836, 0.011224489795918368],
[62, 0.8789772939999997, 11291.863991002192, 0.01020408163265306, 0.006122448979591836, 0.011224489795918368],
[63, 0.8933104939999997, 11292.212608717084, 0.01020408163265306, 0.006122448979591836, 0.011224489795918368],
[64, 0.9075420949999997, 11292.011126707546, 0.01020408163265306, 0.006122448979591836, 0.011224489795918368],
[65, 0.9198412949999997, 11292.241122278147, 0.01020408163265306, 0.006122448979591836, 0.011224489795918368],
[66, 0.9326405949999996, 11292.085020594473, 0.01020408163265306, 0.006122448979591836, 0.011224489795918368],
[67, 0.9450628949999996, 11292.282592723694, 0.01020408163265306, 0.006122448979591836, 0.011224489795918368],
[68, 0.9580271949999997, 11291.948403720895, 0.01020408163265306, 0.006122448979591836, 0.011224489795918368],
[69, 0.9709033939999997, 11292.176817405363, 0.01020408163265306, 0.006122448979591836, 0.011224489795918368],
[70, 0.9845551939999997, 11291.989178113505, 0.01020408163265306, 0.006122448979591836, 0.011224489795918368],
[71, 0.9987153939999996, 11292.199328479424, 0.01020408163265306, 0.006122448979591836, 0.011224489795918368],
[72, 1.0118712939999996, 11292.081721467035, 0.01020408163265306, 0.006122448979591836, 0.011224489795918368],
[73, 1.0245523939999996, 11291.912745723472, 0.01020408163265306, 0.006122448979591836, 0.011224489795918368],
[74, 1.0375024939999997, 11292.133265321465, 0.01020408163265306, 0.006122448979591836, 0.011224489795918368],
[75, 1.0507157949999997, 11292.18958318129, 0.01020408163265306, 0.006122448979591836, 0.011224489795918368],
[76, 1.0638207949999996, 11292.10973619869, 0.01020408163265306, 0.006122448979591836, 0.011224489795918368],
[77, 1.0765417949999996, 11292.097791736252, 0.01020408163265306, 0.006122448979591836, 0.011224489795918368],
[78, 1.0895107949999996, 11292.247206818478, 0.01020408163265306, 0.006122448979591836, 0.011224489795918368],
[79, 1.1016738959999997, 11292.080824779754, 0.01020408163265306, 0.006122448979591836, 0.011224489795918368],
[80, 1.1145473959999996, 11292.211701592492, 0.01020408163265306, 0.006122448979591836, 0.011224489795918368],
[81, 1.1274410959999996, 11292.080490477647, 0.01020408163265306, 0.006122448979591836, 0.011224489795918368],
[82, 1.1413361959999997, 11292.235251298292, 0.01020408163265306, 0.006122448979591836, 0.011224489795918368],
[83, 1.1543140969999997, 11292.328602307012, 0.01020408163265306, 0.006122448979591836, 0.011224489795918368],
[84, 1.1685921969999997, 11292.325228285004, 0.01020408163265306, 0.006122448979591836, 0.011224489795918368],
[85, 1.1827008959999996, 11291.978676369501, 0.01020408163265306, 0.006122448979591836, 0.011224489795918368],
[86, 1.1951388959999996, 11292.075679733984, 0.01020408163265306, 0.006122448979591836, 0.011224489795918368],
[87, 1.2079758949999995, 11292.198496410849, 0.01020408163265306, 0.006122448979591836, 0.011224489795918368],
[88, 1.2216348949999996, 11292.050813180578, 0.01020408163265306, 0.006122448979591836, 0.011224489795918368],
[89, 1.2344335949999996, 11292.03918821153, 0.01020408163265306, 0.006122448979591836, 0.011224489795918368],
[90, 1.2470615939999996, 11292.214183315198, 0.01020408163265306, 0.006122448979591836, 0.011224489795918368],
[91, 1.2600972939999997, 11292.005163984944, 0.01020408163265306, 0.006122448979591836, 0.011224489795918368],
[92, 1.2730701939999998, 11292.043777893541, 0.01020408163265306, 0.006122448979591836, 0.011224489795918368],
[93, 1.2863983939999997, 11292.051911857894, 0.01020408163265306, 0.006122448979591836, 0.011224489795918368],
[94, 1.2997267929999996, 11292.169871692868, 0.01020408163265306, 0.006122448979591836, 0.011224489795918368],
[95, 1.3125883939999996, 11291.97175177797, 0.01020408163265306, 0.006122448979591836, 0.011224489795918368],
[96, 1.3256036929999997, 11292.001952086397, 0.01020408163265306, 0.006122448979591836, 0.011224489795918368],
[97, 1.3405009939999997, 11291.923598891592, 0.01020408163265306, 0.006122448979591836, 0.011224489795918368],
[98, 1.3534183929999997, 11292.191450625016, 0.01020408163265306, 0.006122448979591836, 0.011224489795918368],
[99, 1.3674950929999996, 11292.03869344815, 0.01020408163265306, 0.006122448979591836, 0.011224489795918368],
[100, 1.3812906929999995, 11291.888255083513, 0.01020408163265306, 0.006122448979591836, 0.011224489795918368],
[101, 1.5274613919999995, 11292.048741086828, 0.01020408163265306, 0.006122448979591836, 0.011224489795918368],
[102, 1.5417754909999994, 11292.093647555876, 0.01020408163265306, 0.006122448979591836, 0.011224489795918368],
[103, 1.5550993909999995, 11292.119529208228, 0.01020408163265306, 0.006122448979591836, 0.011224489795918368],
[104, 1.5684935909999995, 11292.147834387626, 0.01020408163265306, 0.006122448979591836, 0.011224489795918368],
[105, 1.5815652909999995, 11292.020628445565, 0.01020408163265306, 0.006122448979591836, 0.011224489795918368],
[106, 1.5946020909999996, 11292.048371148921, 0.01020408163265306, 0.006122448979591836, 0.011224489795918368],
[107, 1.6086799919999997, 11292.112217343925, 0.01020408163265306, 0.006122448979591836, 0.011224489795918368],
[108, 1.6215697919999996, 11292.07261241533, 0.01020408163265306, 0.006122448979591836, 0.011224489795918368],
[109, 1.6347233919999997, 11292.298182489687, 0.01020408163265306, 0.006122448979591836, 0.011224489795918368],
[110, 1.6483914919999998, 11292.132264897595, 0.01020408163265306, 0.006122448979591836, 0.011224489795918368],
[111, 1.6612620909999998, 11292.071633304662, 0.01020408163265306, 0.006122448979591836, 0.011224489795918368],
[112, 1.6753459899999998, 11292.164048226306, 0.01020408163265306, 0.006122448979591836, 0.011224489795918368],
[113, 1.68875509, 11292.099067253455, 0.01020408163265306, 0.006122448979591836, 0.011224489795918368],
[114, 1.7016830909999998, 11292.162080356833, 0.01020408163265306, 0.006122448979591836, 0.011224489795918368],
[115, 1.7149776919999997, 11292.072882481732, 0.01020408163265306, 0.006122448979591836, 0.011224489795918368],
[116, 1.7280092919999996, 11292.038429730183, 0.01020408163265306, 0.006122448979591836, 0.011224489795918368],
[117, 1.7409847929999995, 11292.140754269822, 0.01020408163265306, 0.006122448979591836, 0.011224489795918368],
[118, 1.7544242929999996, 11291.907211803691, 0.01020408163265306, 0.006122448979591836, 0.011224489795918368],
[119, 1.7676780919999995, 11292.056799018146, 0.01020408163265306, 0.006122448979591836, 0.011224489795918368],
[120, 1.7809051919999994, 11291.894950109234, 0.01020408163265306, 0.006122448979591836, 0.011224489795918368],
[121, 1.7940463919999994, 11292.146095322974, 0.01020408163265306, 0.006122448979591836, 0.011224489795918368],
