rank: 30, ratio of 0 vs 1: 3, lambda:11, learning_rate: 0.05
iter time objective_function precision@K = 1, 5, 10
[0,11741.395847308395, 0.0 0.01020408163265306 0.009183673469387756],
[1, 0.0128513, 11593.088838834721, 0.0, 0.012244897959183673, 0.009183673469387756],
[2, 0.0262028, 11506.194092941992, 0.0, 0.006122448979591836, 0.01020408163265306],
[3, 0.0395987, 11445.478843854293, 0.0, 0.00816326530612245, 0.01020408163265306],
[4, 0.053137499000000005, 11399.725198955233, 0.01020408163265306, 0.00816326530612245, 0.01326530612244898],
[5, 0.066708999, 11364.388080425939, 0.01020408163265306, 0.00816326530612245, 0.012244897959183673],
[6, 0.08125939800000001, 11336.4972491844, 0.01020408163265306, 0.01020408163265306, 0.011224489795918368],
[7, 0.09549759700000002, 11314.777863311625, 0.01020408163265306, 0.00816326530612245, 0.012244897959183673],
[8, 0.11605449700000002, 11297.242616852314, 0.01020408163265306, 0.006122448979591836, 0.012244897959183673],
[9, 0.129259897, 11283.367181463324, 0.01020408163265306, 0.004081632653061225, 0.01020408163265306],
[10, 0.143310497, 11272.225689660561, 0.01020408163265306, 0.004081632653061225, 0.01020408163265306],
[11, 0.156934597, 11263.455553702288, 0.01020408163265306, 0.006122448979591836, 0.01020408163265306],
[12, 0.16939969700000002, 11256.296266567271, 0.01020408163265306, 0.004081632653061225, 0.01020408163265306],
[13, 0.18290409800000001, 11250.659546205898, 0.01020408163265306, 0.004081632653061225, 0.01020408163265306],
[14, 0.19582289800000002, 11246.224602886432, 0.01020408163265306, 0.004081632653061225, 0.01020408163265306],
[15, 0.20958999800000003, 11242.640665679637, 0.01020408163265306, 0.004081632653061225, 0.009183673469387756],
[16, 0.22090359800000003, 11239.664583471229, 0.01020408163265306, 0.004081632653061225, 0.009183673469387756],
[17, 0.23401829700000004, 11237.4587424433, 0.01020408163265306, 0.004081632653061225, 0.009183673469387756],
[18, 0.24827369700000004, 11235.706409623217, 0.01020408163265306, 0.004081632653061225, 0.009183673469387756],
[19, 0.26081469700000004, 11234.100353048596, 0.01020408163265306, 0.004081632653061225, 0.009183673469387756],
[20, 0.27464609800000006, 11232.866991938008, 0.01020408163265306, 0.004081632653061225, 0.009183673469387756],
[21, 0.28804379700000005, 11231.982716647486, 0.01020408163265306, 0.004081632653061225, 0.009183673469387756],
[22, 0.29934329800000004, 11231.272151294736, 0.01020408163265306, 0.004081632653061225, 0.009183673469387756],
[23, 0.311934998, 11230.614016691969, 0.01020408163265306, 0.004081632653061225, 0.009183673469387756],
[24, 0.325643198, 11230.195709048628, 0.01020408163265306, 0.004081632653061225, 0.009183673469387756],
[25, 0.34011699900000003, 11229.712173386979, 0.01020408163265306, 0.004081632653061225, 0.009183673469387756],
[26, 0.3526515, 11229.30534840948, 0.01020408163265306, 0.004081632653061225, 0.009183673469387756],
[27, 0.3670272, 11229.206550004024, 0.01020408163265306, 0.004081632653061225, 0.009183673469387756],
[28, 0.3818816, 11228.936328246114, 0.01020408163265306, 0.004081632653061225, 0.009183673469387756],
[29, 0.39632540099999997, 11228.9227592069, 0.01020408163265306, 0.004081632653061225, 0.009183673469387756],
[30, 0.409262802, 11228.732895748692, 0.01020408163265306, 0.004081632653061225, 0.009183673469387756],
[31, 0.423084802, 11228.72374478188, 0.01020408163265306, 0.004081632653061225, 0.009183673469387756],
[32, 0.437123802, 11228.522376951561, 0.01020408163265306, 0.004081632653061225, 0.009183673469387756],
[33, 0.450518502, 11228.521668411122, 0.01020408163265306, 0.004081632653061225, 0.009183673469387756],
[34, 0.463668602, 11228.469868042566, 0.01020408163265306, 0.004081632653061225, 0.009183673469387756],
[35, 0.478089002, 11228.317947594178, 0.01020408163265306, 0.004081632653061225, 0.009183673469387756],
[36, 0.491338202, 11228.316550779356, 0.01020408163265306, 0.004081632653061225, 0.009183673469387756],
[37, 0.504888102, 11228.210117078816, 0.01020408163265306, 0.004081632653061225, 0.009183673469387756],
[38, 0.518045503, 11228.265185876773, 0.01020408163265306, 0.004081632653061225, 0.009183673469387756],
[39, 0.532387203, 11228.25180596522, 0.01020408163265306, 0.004081632653061225, 0.009183673469387756],
[40, 0.546133004, 11228.22470588565, 0.01020408163265306, 0.004081632653061225, 0.009183673469387756],
[41, 0.5593455039999999, 11228.192079225912, 0.01020408163265306, 0.004081632653061225, 0.009183673469387756],
[42, 0.573009103, 11228.20259215684, 0.01020408163265306, 0.004081632653061225, 0.009183673469387756],
[43, 0.585913603, 11228.154935416138, 0.01020408163265306, 0.004081632653061225, 0.009183673469387756],
[44, 0.599399803, 11228.13097462677, 0.01020408163265306, 0.004081632653061225, 0.009183673469387756],
[45, 0.6127000039999999, 11228.242620354618, 0.01020408163265306, 0.004081632653061225, 0.009183673469387756],
[46, 0.628689604, 11228.162844196051, 0.01020408163265306, 0.004081632653061225, 0.009183673469387756],
[47, 0.641450604, 11228.197040205338, 0.01020408163265306, 0.004081632653061225, 0.009183673469387756],
[48, 0.654699205, 11228.14446424515, 0.01020408163265306, 0.004081632653061225, 0.009183673469387756],
[49, 0.681823505, 11228.309229337012, 0.01020408163265306, 0.004081632653061225, 0.009183673469387756],
[50, 0.695624905, 11228.185961666275, 0.01020408163265306, 0.004081632653061225, 0.009183673469387756],
[51, 0.7088195049999999, 11228.27378571821, 0.01020408163265306, 0.004081632653061225, 0.009183673469387756],
[52, 0.722245705, 11228.128007517103, 0.01020408163265306, 0.004081632653061225, 0.009183673469387756],
[53, 0.736920806, 11228.207917526146, 0.01020408163265306, 0.004081632653061225, 0.009183673469387756],
[54, 0.749426806, 11228.109911635023, 0.01020408163265306, 0.004081632653061225, 0.009183673469387756],
[55, 0.761295006, 11228.27194334024, 0.01020408163265306, 0.004081632653061225, 0.009183673469387756],
[56, 0.774037006, 11228.228768894518, 0.01020408163265306, 0.004081632653061225, 0.009183673469387756],
[57, 0.788247206, 11228.23065237508, 0.01020408163265306, 0.004081632653061225, 0.009183673469387756],
[58, 0.800860006, 11228.217412786224, 0.01020408163265306, 0.004081632653061225, 0.009183673469387756],
[59, 0.815152506, 11228.189017324337, 0.01020408163265306, 0.004081632653061225, 0.009183673469387756],
[60, 0.829505306, 11228.158008105462, 0.01020408163265306, 0.004081632653061225, 0.009183673469387756],
[61, 0.8423150060000001, 11228.23437647946, 0.01020408163265306, 0.004081632653061225, 0.009183673469387756],
[62, 0.8554502060000001, 11228.087629952972, 0.01020408163265306, 0.004081632653061225, 0.009183673469387756],
[63, 0.8697610060000001, 11228.246954695329, 0.01020408163265306, 0.004081632653061225, 0.009183673469387756],
[64, 0.882796207, 11228.147821509254, 0.01020408163265306, 0.004081632653061225, 0.009183673469387756],
[65, 0.8955038070000001, 11228.251106136933, 0.01020408163265306, 0.004081632653061225, 0.009183673469387756],
[66, 0.9090431070000001, 11228.209221516585, 0.01020408163265306, 0.004081632653061225, 0.009183673469387756],
[67, 0.9218834070000002, 11228.29362147021, 0.01020408163265306, 0.004081632653061225, 0.009183673469387756],
[68, 0.9341861070000002, 11228.119293964453, 0.01020408163265306, 0.004081632653061225, 0.009183673469387756],
[69, 0.9475691070000002, 11228.22618771836, 0.01020408163265306, 0.004081632653061225, 0.009183673469387756],
[70, 0.9605762060000002, 11228.159162141495, 0.01020408163265306, 0.004081632653061225, 0.009183673469387756],
[71, 0.9739070060000001, 11228.24179105676, 0.01020408163265306, 0.004081632653061225, 0.009183673469387756],
[72, 0.9863815060000001, 11228.183912180513, 0.01020408163265306, 0.004081632653061225, 0.009183673469387756],
[73, 1.000642505, 11228.1062610025, 0.01020408163265306, 0.004081632653061225, 0.009183673469387756],
[74, 1.014083805, 11228.212121586816, 0.01020408163265306, 0.004081632653061225, 0.009183673469387756],
[75, 1.0270169040000001, 11228.23371196161, 0.01020408163265306, 0.004081632653061225, 0.009183673469387756],
[76, 1.0396510040000002, 11228.18583448749, 0.01020408163265306, 0.004081632653061225, 0.009183673469387756],
[77, 1.0523035050000002, 11228.195862660585, 0.01020408163265306, 0.004081632653061225, 0.009183673469387756],
[78, 1.0666076050000002, 11228.250029034827, 0.01020408163265306, 0.004081632653061225, 0.009183673469387756],
[79, 1.0801165060000002, 11228.19694710629, 0.01020408163265306, 0.004081632653061225, 0.009183673469387756],
[80, 1.0938924060000002, 11228.246702890006, 0.01020408163265306, 0.004081632653061225, 0.009183673469387756],
[81, 1.106754105, 11228.177423493524, 0.01020408163265306, 0.004081632653061225, 0.009183673469387756],
[82, 1.1203956050000001, 11228.242847772566, 0.01020408163265306, 0.004081632653061225, 0.009183673469387756],
[83, 1.1375194050000001, 11228.312348085798, 0.01020408163265306, 0.004081632653061225, 0.009183673469387756],
[84, 1.153178006, 11228.296592738878, 0.01020408163265306, 0.004081632653061225, 0.009183673469387756],
[85, 1.167373306, 11228.148252147284, 0.01020408163265306, 0.004081632653061225, 0.009183673469387756],
[86, 1.180499206, 11228.189220847944, 0.01020408163265306, 0.004081632653061225, 0.009183673469387756],
[87, 1.194046006, 11228.235358493599, 0.01020408163265306, 0.004081632653061225, 0.009183673469387756],
[88, 1.206881306, 11228.16238003427, 0.01020408163265306, 0.004081632653061225, 0.009183673469387756],
[89, 1.2196925060000001, 11228.173636238422, 0.01020408163265306, 0.004081632653061225, 0.009183673469387756],
[90, 1.3824867060000001, 11228.247691263028, 0.01020408163265306, 0.004081632653061225, 0.009183673469387756],
[91, 1.395348907, 11228.164334326797, 0.01020408163265306, 0.004081632653061225, 0.009183673469387756],
[92, 1.408656307, 11228.179528841385, 0.01020408163265306, 0.004081632653061225, 0.009183673469387756],
[93, 1.421190008, 11228.174564410128, 0.01020408163265306, 0.004081632653061225, 0.009183673469387756],
[94, 1.434189108, 11228.237858860075, 0.01020408163265306, 0.004081632653061225, 0.009183673469387756],
[95, 1.447092209, 11228.13179996088, 0.01020408163265306, 0.004081632653061225, 0.009183673469387756],
[96, 1.461597509, 11228.148696897651, 0.01020408163265306, 0.004081632653061225, 0.009183673469387756],
[97, 1.474387809, 11228.114798406528, 0.01020408163265306, 0.004081632653061225, 0.009183673469387756],
[98, 1.486990809, 11228.239810846448, 0.01020408163265306, 0.004081632653061225, 0.009183673469387756],
[99, 1.504909209, 11228.177304557747, 0.01020408163265306, 0.004081632653061225, 0.009183673469387756],
[100, 1.515842209, 11228.07512005035, 0.01020408163265306, 0.004081632653061225, 0.009183673469387756],
[101, 1.5290517080000001, 11228.166747291529, 0.01020408163265306, 0.004081632653061225, 0.009183673469387756],
[102, 1.542669308, 11228.196412082052, 0.01020408163265306, 0.004081632653061225, 0.009183673469387756],
[103, 1.556422008, 11228.18519983329, 0.01020408163265306, 0.004081632653061225, 0.009183673469387756],
[104, 1.5707755079999999, 11228.218494973227, 0.01020408163265306, 0.004081632653061225, 0.009183673469387756],
[105, 1.5845910079999999, 11228.161530513125, 0.01020408163265306, 0.004081632653061225, 0.009183673469387756],
[106, 1.597908408, 11228.166916667506, 0.01020408163265306, 0.004081632653061225, 0.009183673469387756],
[107, 1.610596908, 11228.208123119028, 0.01020408163265306, 0.004081632653061225, 0.009183673469387756],
[108, 1.623476709, 11228.198078812911, 0.01020408163265306, 0.004081632653061225, 0.009183673469387756],
[109, 1.6367205089999999, 11228.292693188114, 0.01020408163265306, 0.004081632653061225, 0.009183673469387756],
[110, 1.6499705089999999, 11228.228800252715, 0.01020408163265306, 0.004081632653061225, 0.009183673469387756],
[111, 1.6640127089999999, 11228.174559858187, 0.01020408163265306, 0.004081632653061225, 0.009183673469387756],
[112, 1.677919209, 11228.219404875033, 0.01020408163265306, 0.004081632653061225, 0.009183673469387756],
[113, 1.69110941, 11228.192428572267, 0.01020408163265306, 0.004081632653061225, 0.009183673469387756],
[114, 1.7047885109999998, 11228.241700801822, 0.01020408163265306, 0.004081632653061225, 0.009183673469387756],
[115, 1.7189134119999998, 11228.188435932258, 0.01020408163265306, 0.004081632653061225, 0.009183673469387756],
[116, 1.7321052109999997, 11228.166916924503, 0.01020408163265306, 0.004081632653061225, 0.009183673469387756],
[117, 1.7472104109999997, 11228.228062021455, 0.01020408163265306, 0.004081632653061225, 0.009183673469387756],
[118, 1.7606834119999997, 11228.0880675616, 0.01020408163265306, 0.004081632653061225, 0.009183673469387756],
[119, 1.7727197109999997, 11228.177688421652, 0.01020408163265306, 0.004081632653061225, 0.009183673469387756],
[120, 1.7859767109999998, 11228.100116822912, 0.01020408163265306, 0.004081632653061225, 0.009183673469387756],
[121, 1.7983499109999999, 11228.209807450432, 0.01020408163265306, 0.004081632653061225, 0.009183673469387756],
