rank: 30, ratio of 0 vs 1: 3, lambda:9, learning_rate: 0.05
iter time objective_function precision@K = 1, 5, 10
[0,11569.91926276601, 0.0 0.01020408163265306 0.009183673469387756],
[1, 0.013043201, 11468.379207730177, 0.0, 0.012244897959183673, 0.009183673469387756],
[2, 0.026607901000000003, 11398.837933965573, 0.0, 0.00816326530612245, 0.01020408163265306],
[3, 0.039674402000000004, 11345.147425061836, 0.01020408163265306, 0.00816326530612245, 0.009183673469387756],
[4, 0.05236110100000001, 11300.530437809093, 0.01020408163265306, 0.01020408163265306, 0.01326530612244898],
[5, 0.06549680000000001, 11262.376438775658, 0.01020408163265306, 0.006122448979591836, 0.011224489795918368],
[6, 0.0789079, 11228.827679313445, 0.01020408163265306, 0.00816326530612245, 0.009183673469387756],
[7, 0.09127060000000001, 11199.460244488446, 0.01020408163265306, 0.006122448979591836, 0.012244897959183673],
[8, 0.1038594, 11172.995426534262, 0.01020408163265306, 0.00816326530612245, 0.009183673469387756],
[9, 0.116951101, 11149.425074130766, 0.0, 0.006122448979591836, 0.00816326530612245],
[10, 0.1304007, 11128.207490337089, 0.0, 0.006122448979591836, 0.00510204081632653],
[11, 0.14372970100000002, 11109.302481684981, 0.0, 0.004081632653061225, 0.00816326530612245],
[12, 0.156889102, 11092.2179032999, 0.0, 0.004081632653061225, 0.00510204081632653],
[13, 0.170219602, 11076.909788738232, 0.0, 0.004081632653061225, 0.00510204081632653],
[14, 0.184490902, 11063.176822409392, 0.0, 0.004081632653061225, 0.00510204081632653],
[15, 0.19797830200000002, 11050.820063410032, 0.0, 0.004081632653061225, 0.007142857142857143],
[16, 0.21109890200000003, 11039.633351783456, 0.0, 0.004081632653061225, 0.00816326530612245],
[17, 0.22420810200000002, 11029.661243081118, 0.0, 0.006122448979591836, 0.007142857142857143],
[18, 0.23768480200000003, 11020.673650260553, 0.0, 0.004081632653061225, 0.00510204081632653],
[19, 0.25019660200000005, 11012.501984022696, 0.0, 0.004081632653061225, 0.007142857142857143],
[20, 0.26382460100000005, 11005.194967216758, 0.0, 0.0020408163265306124, 0.007142857142857143],
[21, 0.27777040100000006, 10998.67608740516, 0.0, 0.004081632653061225, 0.007142857142857143],
[22, 0.29027270000000005, 10992.762209069931, 0.0, 0.004081632653061225, 0.006122448979591836],
[23, 0.30505430000000006, 10987.408149552934, 0.0, 0.004081632653061225, 0.006122448979591836],
[24, 0.31832400000000005, 10982.663425950577, 0.0, 0.004081632653061225, 0.007142857142857143],
[25, 0.33236829900000003, 10978.31629358451, 0.0, 0.004081632653061225, 0.007142857142857143],
[26, 0.34583349900000004, 10974.41734137526, 0.0, 0.004081632653061225, 0.00816326530612245],
[27, 0.35941199900000004, 10970.990381289897, 0.0, 0.004081632653061225, 0.006122448979591836],
[28, 0.37185739900000003, 10967.815136907948, 0.0, 0.004081632653061225, 0.006122448979591836],
[29, 0.3845681, 10965.0252933913, 0.0, 0.0020408163265306124, 0.00816326530612245],
[30, 0.39772680000000005, 10962.47540055016, 0.0, 0.0020408163265306124, 0.00816326530612245],
[31, 0.41129180100000007, 10960.192385879725, 0.0, 0.0020408163265306124, 0.00816326530612245],
[32, 0.4248180000000001, 10958.117662147348, 0.0, 0.0020408163265306124, 0.009183673469387756],
[33, 0.4385857000000001, 10956.2726755865, 0.0, 0.0020408163265306124, 0.00816326530612245],
[34, 0.45233869900000007, 10954.610099158635, 0.0, 0.0020408163265306124, 0.00816326530612245],
[35, 0.4662780980000001, 10953.088890852287, 0.0, 0.0020408163265306124, 0.00816326530612245],
[36, 0.4865186990000001, 10951.733021767717, 0.0, 0.0020408163265306124, 0.00816326530612245],
[37, 0.5001411990000001, 10950.503702368458, 0.0, 0.0020408163265306124, 0.00816326530612245],
[38, 0.5131476990000001, 10949.419106780257, 0.0, 0.0020408163265306124, 0.01020408163265306],
[39, 0.5264363990000002, 10948.439303562025, 0.0, 0.0020408163265306124, 0.009183673469387756],
[40, 0.5396136990000001, 10947.54472241658, 0.0, 0.0020408163265306124, 0.01020408163265306],
[41, 0.5527953000000001, 10946.751140437495, 0.0, 0.0020408163265306124, 0.01020408163265306],
[42, 0.5657435000000001, 10946.037012619243, 0.0, 0.0020408163265306124, 0.01020408163265306],
[43, 0.578385099, 10945.387404012803, 0.0, 0.0020408163265306124, 0.009183673469387756],
[44, 0.591640599, 10944.796470828822, 0.0, 0.0020408163265306124, 0.009183673469387756],
[45, 0.605894099, 10944.298754599102, 0.0, 0.0020408163265306124, 0.009183673469387756],
[46, 0.619757399, 10943.804614636332, 0.0, 0.0020408163265306124, 0.009183673469387756],
[47, 0.6318377000000001, 10943.395396192249, 0.0, 0.0020408163265306124, 0.009183673469387756],
[48, 0.644945999, 10943.006172377864, 0.0, 0.0020408163265306124, 0.009183673469387756],
[49, 0.659394899, 10942.69659704666, 0.0, 0.0020408163265306124, 0.009183673469387756],
[50, 0.672850599, 10942.358600966658, 0.0, 0.0020408163265306124, 0.009183673469387756],
[51, 0.686844599, 10942.09318252746, 0.0, 0.0020408163265306124, 0.009183673469387756],
[52, 0.699986398, 10941.826143722177, 0.0, 0.0020408163265306124, 0.009183673469387756],
[53, 0.713167098, 10941.623807262953, 0.0, 0.0020408163265306124, 0.009183673469387756],
[54, 0.725830198, 10941.386676143333, 0.0, 0.0020408163265306124, 0.009183673469387756],
[55, 0.7392295990000001, 10941.241614607701, 0.0, 0.0020408163265306124, 0.009183673469387756],
[56, 0.7524828990000001, 10941.072184583585, 0.0, 0.0020408163265306124, 0.009183673469387756],
[57, 0.7644048990000001, 10940.909097129452, 0.0, 0.0020408163265306124, 0.009183673469387756],
[58, 0.776980599, 10940.772940917956, 0.0, 0.0020408163265306124, 0.009183673469387756],
[59, 0.790580299, 10940.650657650629, 0.0, 0.0020408163265306124, 0.009183673469387756],
[60, 0.804318399, 10940.532604671793, 0.0, 0.0020408163265306124, 0.009183673469387756],
[61, 0.817377699, 10940.459319847932, 0.0, 0.0020408163265306124, 0.009183673469387756],
[62, 0.832413399, 10940.359778442858, 0.0, 0.0020408163265306124, 0.009183673469387756],
[63, 0.8455066999999999, 10940.293511208365, 0.0, 0.0020408163265306124, 0.009183673469387756],
[64, 0.8576988999999999, 10940.210151870566, 0.0, 0.0020408163265306124, 0.01020408163265306],
[65, 0.8712893999999999, 10940.156073683584, 0.0, 0.0020408163265306124, 0.01020408163265306],
[66, 0.8848577999999999, 10940.114435767005, 0.0, 0.0020408163265306124, 0.01020408163265306],
[67, 0.8989341989999999, 10940.069110227403, 0.0, 0.0020408163265306124, 0.01020408163265306],
[68, 0.9126483989999999, 10939.983166708174, 0.0, 0.0020408163265306124, 0.01020408163265306],
[69, 0.9272291979999999, 10939.957628507169, 0.0, 0.0020408163265306124, 0.01020408163265306],
[70, 0.9417479969999999, 10939.923170020716, 0.0, 0.0020408163265306124, 0.01020408163265306],
[71, 0.9555580969999999, 10939.894629330736, 0.0, 0.0020408163265306124, 0.01020408163265306],
[72, 0.969599997, 10939.850420678635, 0.0, 0.0020408163265306124, 0.01020408163265306],
[73, 0.983016097, 10939.814751545064, 0.0, 0.0020408163265306124, 0.01020408163265306],
[74, 0.9970987960000001, 10939.803820761126, 0.0, 0.0020408163265306124, 0.01020408163265306],
[75, 1.010350495, 10939.78413580756, 0.0, 0.0020408163265306124, 0.01020408163265306],
[76, 1.024447094, 10939.751595441392, 0.0, 0.0020408163265306124, 0.01020408163265306],
[77, 1.0520412929999998, 10939.7454256302, 0.0, 0.0020408163265306124, 0.01020408163265306],
[78, 1.065399093, 10939.72964582279, 0.0, 0.0020408163265306124, 0.01020408163265306],
[79, 1.078855393, 10939.718570214756, 0.0, 0.0020408163265306124, 0.01020408163265306],
[80, 1.091136393, 10939.705500223788, 0.0, 0.0020408163265306124, 0.01020408163265306],
[81, 1.105309692, 10939.678534248585, 0.0, 0.0020408163265306124, 0.01020408163265306],
[82, 1.1183554930000001, 10939.677777606783, 0.0, 0.0020408163265306124, 0.01020408163265306],
[83, 1.1319808930000002, 10939.691028094245, 0.0, 0.0020408163265306124, 0.01020408163265306],
[84, 1.1461417930000002, 10939.672271549247, 0.0, 0.0020408163265306124, 0.01020408163265306],
[85, 1.1598101930000002, 10939.651046794132, 0.0, 0.0020408163265306124, 0.01020408163265306],
[86, 1.1735418930000001, 10939.647088930702, 0.0, 0.0020408163265306124, 0.01020408163265306],
[87, 1.1862896930000002, 10939.643850107317, 0.0, 0.0020408163265306124, 0.01020408163265306],
[88, 1.1999838940000003, 10939.616927246761, 0.0, 0.0020408163265306124, 0.01020408163265306],
[89, 1.2127861940000002, 10939.634292154306, 0.0, 0.0020408163265306124, 0.01020408163265306],
[90, 1.2255657940000002, 10939.630154401031, 0.0, 0.0020408163265306124, 0.01020408163265306],
[91, 1.2387670940000002, 10939.626151438635, 0.0, 0.0020408163265306124, 0.01020408163265306],
[92, 1.2523332940000003, 10939.618830819225, 0.0, 0.0020408163265306124, 0.01020408163265306],
[93, 1.2660396940000003, 10939.612726063557, 0.0, 0.0020408163265306124, 0.01020408163265306],
[94, 1.2818519940000002, 10939.619537586981, 0.0, 0.0020408163265306124, 0.01020408163265306],
[95, 1.2945058940000003, 10939.597885068226, 0.0, 0.0020408163265306124, 0.01020408163265306],
[96, 1.3076655940000004, 10939.601238907902, 0.0, 0.0020408163265306124, 0.01020408163265306],
[97, 1.3226429930000003, 10939.591364769849, 0.0, 0.0020408163265306124, 0.01020408163265306],
[98, 1.3368302930000002, 10939.606930104372, 0.0, 0.0020408163265306124, 0.01020408163265306],
[99, 1.3514353920000002, 10939.603093258573, 0.0, 0.0020408163265306124, 0.01020408163265306],
[100, 1.3645386920000002, 10939.568068708992, 0.0, 0.0020408163265306124, 0.01020408163265306],
[101, 1.3786537920000002, 10939.585887435545, 0.0, 0.0020408163265306124, 0.01020408163265306],
[102, 1.393211892, 10939.592705293957, 0.0, 0.0020408163265306124, 0.01020408163265306],
[103, 1.406258791, 10939.579473406871, 0.0, 0.0020408163265306124, 0.01020408163265306],
[104, 1.420796792, 10939.599313291348, 0.0, 0.0020408163265306124, 0.01020408163265306],
[105, 1.434893791, 10939.585497084554, 0.0, 0.0020408163265306124, 0.01020408163265306],
[106, 1.4498521919999998, 10939.588389829618, 0.0, 0.0020408163265306124, 0.01020408163265306],
[107, 1.4637629909999998, 10939.592040311221, 0.0, 0.0020408163265306124, 0.01020408163265306],
[108, 1.479286191, 10939.600857817266, 0.0, 0.0020408163265306124, 0.01020408163265306],
[109, 1.492890691, 10939.602118097517, 0.0, 0.0020408163265306124, 0.01020408163265306],
[110, 1.5066026909999999, 10939.602245116226, 0.0, 0.0020408163265306124, 0.01020408163265306],
[111, 1.521759691, 10939.586107686113, 0.0, 0.0020408163265306124, 0.01020408163265306],
[112, 1.535048391, 10939.58289841367, 0.0, 0.0020408163265306124, 0.01020408163265306],
[113, 1.5490858909999998, 10939.579108599595, 0.0, 0.0020408163265306124, 0.01020408163265306],
[114, 1.5617093919999998, 10939.60221545323, 0.0, 0.0020408163265306124, 0.01020408163265306],
[115, 1.5758843919999999, 10939.58570273843, 0.0, 0.0020408163265306124, 0.01020408163265306],
[116, 1.590069292, 10939.579685883482, 0.0, 0.0020408163265306124, 0.01020408163265306],
[117, 1.6067102919999998, 10939.59719097851, 0.0, 0.0020408163265306124, 0.01020408163265306],
[118, 1.7789146909999998, 10939.554477726027, 0.0, 0.0020408163265306124, 0.01020408163265306],
[119, 1.7936868899999998, 10939.578384493132, 0.0, 0.0020408163265306124, 0.01020408163265306],
[120, 1.8066326889999997, 10939.570048544625, 0.0, 0.0020408163265306124, 0.01020408163265306],
[121, 1.8217995889999998, 10939.582933481386, 0.0, 0.0020408163265306124, 0.01020408163265306],
