rank: 30, ratio of 0 vs 1: 3, lambda:7, learning_rate: 0.05
iter time objective_function precision@K = 1, 5, 10
[0,11398.442678223626, 0.0 0.01020408163265306 0.009183673469387756],
[1, 0.012858799, 11335.390581255906, 0.0, 0.012244897959183673, 0.009183673469387756],
[2, 0.025899, 11285.294671369615, 0.0, 0.01020408163265306, 0.01020408163265306],
[3, 0.039295501, 11242.7470959973, 0.01020408163265306, 0.00816326530612245, 0.00816326530612245],
[4, 0.051567402, 11204.281591781775, 0.01020408163265306, 0.006122448979591836, 0.01326530612244898],
[5, 0.065286503, 11168.561617480898, 0.01020408163265306, 0.00816326530612245, 0.011224489795918368],
[6, 0.078008703, 11134.128867221432, 0.01020408163265306, 0.01020408163265306, 0.009183673469387756],
[7, 0.091257203, 11100.86375764301, 0.0, 0.004081632653061225, 0.009183673469387756],
[8, 0.104798403, 11067.718496636779, 0.0, 0.004081632653061225, 0.00816326530612245],
[9, 0.117846703, 11034.943857984137, 0.0, 0.004081632653061225, 0.004081632653061225],
[10, 0.146391404, 11002.19326062305, 0.0, 0.006122448979591836, 0.007142857142857143],
[11, 0.158810805, 10969.669166454461, 0.0, 0.004081632653061225, 0.006122448979591836],
[12, 0.171925604, 10937.103741108442, 0.0, 0.01020408163265306, 0.011224489795918368],
[13, 0.185012104, 10904.546712848423, 0.0, 0.006122448979591836, 0.01020408163265306],
[14, 0.197694604, 10871.999192147528, 0.0, 0.00816326530612245, 0.009183673469387756],
[15, 0.210592804, 10844.668458205231, 0.0, 0.01020408163265306, 0.01326530612244898],
[16, 0.223585404, 10825.24100404544, 0.0, 0.014285714285714285, 0.01326530612244898],
[17, 0.236074404, 10816.307509426537, 0.02040816326530612, 0.014285714285714285, 0.019387755102040816],
[18, 0.248529104, 10812.083453193285, 0.01020408163265306, 0.012244897959183673, 0.009183673469387756],
[19, 0.261112803, 10814.345040062273, 0.01020408163265306, 0.004081632653061225, 0.006122448979591836],
[20, 0.273887303, 10812.032220920917, 0.01020408163265306, 0.014285714285714285, 0.012244897959183673],
[21, 0.286469603, 10814.31538103829, 0.01020408163265306, 0.004081632653061225, 0.00816326530612245],
[22, 0.29866770400000003, 10812.01626981233, 0.0, 0.006122448979591836, 0.01326530612244898],
[23, 0.311130304, 10814.30353844768, 0.0, 0.006122448979591836, 0.006122448979591836],
[24, 0.32388420300000004, 10812.009678747188, 0.01020408163265306, 0.004081632653061225, 0.00510204081632653],
[25, 0.33602310300000005, 10814.3012226723, 0.02040816326530612, 0.014285714285714285, 0.01326530612244898],
[26, 0.348464902, 10812.006436808177, 0.01020408163265306, 0.01020408163265306, 0.007142857142857143],
[27, 0.36074500200000004, 10814.300989834313, 0.01020408163265306, 0.014285714285714285, 0.009183673469387756],
[28, 0.37404500300000004, 10812.004783869055, 0.01020408163265306, 0.012244897959183673, 0.01020408163265306],
[29, 0.38668440300000007, 10814.301792506729, 0.02040816326530612, 0.0163265306122449, 0.01326530612244898],
[30, 0.4004184030000001, 10812.003790479937, 0.02040816326530612, 0.00816326530612245, 0.007142857142857143],
[31, 0.4133041030000001, 10814.303442680786, 0.030612244897959183, 0.01020408163265306, 0.01326530612244898],
[32, 0.42566390300000007, 10812.002060832483, 0.01020408163265306, 0.014285714285714285, 0.012244897959183673],
[33, 0.43834670300000006, 10814.3049058711, 0.01020408163265306, 0.01020408163265306, 0.009183673469387756],
[34, 0.45189710200000005, 10812.000606158359, 0.0, 0.006122448979591836, 0.01326530612244898],
[35, 0.46600910200000006, 10814.30698699361, 0.030612244897959183, 0.0163265306122449, 0.012244897959183673],
[36, 0.4780285020000001, 10811.998728003142, 0.02040816326530612, 0.00816326530612245, 0.009183673469387756],
[37, 0.4906964020000001, 10814.308950402143, 0.02040816326530612, 0.00816326530612245, 0.006122448979591836],
[38, 0.5039619020000001, 10811.995583297004, 0.0, 0.004081632653061225, 0.007142857142857143],
[39, 0.5163208020000001, 10814.311978728329, 0.030612244897959183, 0.01020408163265306, 0.012244897959183673],
[40, 0.5290740020000001, 10811.99294697011, 0.0, 0.0020408163265306124, 0.003061224489795918],
[41, 0.5426007030000001, 10814.314205941622, 0.0, 0.01020408163265306, 0.014285714285714285],
[42, 0.555242403, 10811.991489993372, 0.0, 0.014285714285714285, 0.012244897959183673],
[43, 0.567942904, 10814.31575818272, 0.01020408163265306, 0.0163265306122449, 0.015306122448979591],
[44, 0.580453804, 10811.98964578718, 0.01020408163265306, 0.01020408163265306, 0.01326530612244898],
[45, 0.5957948040000001, 10814.318200047781, 0.01020408163265306, 0.00816326530612245, 0.011224489795918368],
[46, 0.608874604, 10811.98798049042, 0.0, 0.00816326530612245, 0.009183673469387756],
[47, 0.622067303, 10814.320035329085, 0.0, 0.004081632653061225, 0.01020408163265306],
[48, 0.635389504, 10811.985658312213, 0.0, 0.0020408163265306124, 0.006122448979591836],
[49, 0.648764105, 10814.321687014626, 0.0, 0.0, 0.007142857142857143],
[50, 0.661685305, 10811.98456044376, 0.01020408163265306, 0.00816326530612245, 0.007142857142857143],
[51, 0.767038605, 10814.322998115314, 0.01020408163265306, 0.012244897959183673, 0.011224489795918368],
[52, 0.779698604, 10811.982982861966, 0.01020408163265306, 0.01020408163265306, 0.01020408163265306],
[53, 0.793300804, 10814.324943062524, 0.0, 0.01020408163265306, 0.007142857142857143],
[54, 0.806327204, 10811.98046793797, 0.0, 0.00816326530612245, 0.014285714285714285],
[55, 0.818957404, 10814.326801181232, 0.01020408163265306, 0.00816326530612245, 0.01020408163265306],
[56, 0.831551004, 10811.97913077429, 0.01020408163265306, 0.014285714285714285, 0.012244897959183673],
[57, 0.844372703, 10814.328340166328, 0.01020408163265306, 0.00816326530612245, 0.01020408163265306],
[58, 0.857060503, 10811.977716825295, 0.01020408163265306, 0.00816326530612245, 0.009183673469387756],
[59, 0.8697354030000001, 10814.32975140001, 0.0, 0.004081632653061225, 0.004081632653061225],
[60, 0.8827706030000001, 10811.975680213078, 0.0, 0.006122448979591836, 0.00816326530612245],
[61, 0.8964622030000001, 10814.332198855662, 0.0, 0.01020408163265306, 0.011224489795918368],
[62, 0.9098082030000001, 10811.973760799692, 0.01020408163265306, 0.01020408163265306, 0.00816326530612245],
[63, 0.9227616030000001, 10814.333546677368, 0.02040816326530612, 0.00816326530612245, 0.009183673469387756],
[64, 0.9348674030000002, 10811.972061450697, 0.0, 0.006122448979591836, 0.01020408163265306],
[65, 0.9490445030000002, 10814.335116407217, 0.01020408163265306, 0.018367346938775512, 0.014285714285714285],
[66, 0.9616901030000002, 10811.970519148588, 0.0, 0.00816326530612245, 0.011224489795918368],
[67, 0.9754453030000002, 10814.33686032858, 0.0, 0.014285714285714285, 0.012244897959183673],
[68, 0.9880498030000002, 10811.968973924626, 0.01020408163265306, 0.01020408163265306, 0.014285714285714285],
[69, 1.0010600030000003, 10814.338752473892, 0.02040816326530612, 0.0163265306122449, 0.012244897959183673],
[70, 1.0140682020000003, 10811.96736030903, 0.02040816326530612, 0.00816326530612245, 0.00816326530612245],
[71, 1.0262046010000003, 10814.340605552823, 0.01020408163265306, 0.006122448979591836, 0.00816326530612245],
[72, 1.0395499010000002, 10811.965605341993, 0.02040816326530612, 0.0163265306122449, 0.015306122448979591],
[73, 1.0526515010000002, 10814.341903479548, 0.0, 0.014285714285714285, 0.012244897959183673],
[74, 1.0653386020000002, 10811.964463044249, 0.0, 0.004081632653061225, 0.009183673469387756],
[75, 1.0786356030000002, 10814.343474835665, 0.0, 0.012244897959183673, 0.01020408163265306],
[76, 1.091215403, 10811.962743865042, 0.0, 0.0020408163265306124, 0.01020408163265306],
[77, 1.1043476030000001, 10814.344968376188, 0.02040816326530612, 0.01020408163265306, 0.01326530612244898],
[78, 1.1164958040000001, 10811.961533463329, 0.01020408163265306, 0.00816326530612245, 0.009183673469387756],
[79, 1.1291227040000003, 10814.346490391763, 0.0, 0.012244897959183673, 0.011224489795918368],
[80, 1.1422355040000003, 10811.959934524331, 0.0, 0.00816326530612245, 0.009183673469387756],
[81, 1.1549925040000002, 10814.347499013997, 0.0, 0.014285714285714285, 0.017346938775510204],
[82, 1.1673290040000002, 10811.95883445387, 0.0, 0.006122448979591836, 0.00816326530612245],
[83, 1.1801613050000002, 10814.349089008048, 0.0, 0.012244897959183673, 0.009183673469387756],
[84, 1.193155404, 10811.957180885125, 0.0, 0.006122448979591836, 0.00816326530612245],
[85, 1.2055324040000002, 10814.350284052129, 0.01020408163265306, 0.00816326530612245, 0.009183673469387756],
[86, 1.2185158040000001, 10811.955925187938, 0.0, 0.006122448979591836, 0.00510204081632653],
[87, 1.231559604, 10814.351845235233, 0.0, 0.01020408163265306, 0.009183673469387756],
[88, 1.244632004, 10811.954444639869, 0.0, 0.00816326530612245, 0.006122448979591836],
[89, 1.257532604, 10814.353141343898, 0.0, 0.00816326530612245, 0.00816326530612245],
[90, 1.270377604, 10811.953468187752, 0.0, 0.00816326530612245, 0.009183673469387756],
[91, 1.284384503, 10814.354299491033, 0.0, 0.004081632653061225, 0.00510204081632653],
[92, 1.315082402, 10811.952281488544, 0.02040816326530612, 0.012244897959183673, 0.012244897959183673],
[93, 1.328300602, 10814.355790235039, 0.01020408163265306, 0.012244897959183673, 0.01020408163265306],
[94, 1.3406797030000002, 10811.950676843358, 0.01020408163265306, 0.0163265306122449, 0.012244897959183673],
[95, 1.3547066030000001, 10814.356635912196, 0.01020408163265306, 0.00816326530612245, 0.011224489795918368],
[96, 1.3703189020000002, 10811.949719350283, 0.02040816326530612, 0.012244897959183673, 0.00816326530612245],
[97, 1.3830839010000002, 10814.3577256523, 0.0, 0.01020408163265306, 0.012244897959183673],
[98, 1.3958995010000002, 10811.948527919318, 0.01020408163265306, 0.014285714285714285, 0.014285714285714285],
[99, 1.408883901, 10814.359355976205, 0.0, 0.0020408163265306124, 0.006122448979591836],
[100, 1.4218056000000001, 10811.947289579273, 0.02040816326530612, 0.012244897959183673, 0.00816326530612245],
[101, 1.4346464, 10814.3599873879, 0.01020408163265306, 0.012244897959183673, 0.01326530612244898],
[102, 1.4474673, 10811.94629027887, 0.0, 0.00816326530612245, 0.009183673469387756],
[103, 1.459495201, 10814.361191843795, 0.02040816326530612, 0.018367346938775512, 0.015306122448979591],
[104, 1.472290602, 10811.945781066648, 0.02040816326530612, 0.014285714285714285, 0.014285714285714285],
[105, 1.4855808019999999, 10814.36195678923, 0.01020408163265306, 0.00816326530612245, 0.00816326530612245],
[106, 1.498804203, 10811.944181252558, 0.01020408163265306, 0.01020408163265306, 0.011224489795918368],
[107, 1.511561403, 10814.363623087673, 0.0, 0.00816326530612245, 0.00816326530612245],
[108, 1.5249061019999999, 10811.942702033903, 0.0, 0.01020408163265306, 0.011224489795918368],
[109, 1.538072803, 10814.364941707583, 0.02040816326530612, 0.01020408163265306, 0.009183673469387756],
[110, 1.5505328029999998, 10811.94189567765, 0.0, 0.006122448979591836, 0.00816326530612245],
[111, 1.5634028039999999, 10814.365495019216, 0.04081632653061224, 0.012244897959183673, 0.01326530612244898],
[112, 1.5767161029999999, 10811.940924967119, 0.01020408163265306, 0.014285714285714285, 0.012244897959183673],
[113, 1.5900755039999999, 10814.366891788908, 0.01020408163265306, 0.01020408163265306, 0.007142857142857143],
[114, 1.6032864039999999, 10811.93999457513, 0.01020408163265306, 0.018367346938775512, 0.018367346938775512],
[115, 1.617724805, 10814.367957608743, 0.030612244897959183, 0.012244897959183673, 0.015306122448979591],
[116, 1.6303860049999999, 10811.938747700575, 0.02040816326530612, 0.018367346938775512, 0.0163265306122449],
[117, 1.6426618039999998, 10814.369060237748, 0.0, 0.00816326530612245, 0.01020408163265306],
[118, 1.6563740049999998, 10811.936833213093, 0.01020408163265306, 0.014285714285714285, 0.009183673469387756],
[119, 1.6693345049999997, 10814.370575216764, 0.0, 0.00816326530612245, 0.01326530612244898],
[120, 1.6833104049999996, 10811.93625628261, 0.01020408163265306, 0.006122448979591836, 0.009183673469387756],
[121, 1.6973335059999997, 10814.371712938413, 0.01020408163265306, 0.012244897959183673, 0.011224489795918368],
