rank: 30, ratio of 0 vs 1: 3, lambda:10, learning_rate: 0.05
iter time objective_function precision@K = 1, 5, 10
[0,11655.657555037204, 0.0 0.01020408163265306 0.009183673469387756],
[1, 0.0128138, 11531.735233807964, 0.0, 0.012244897959183673, 0.009183673469387756],
[2, 0.0264805, 11444.471102482414, 0.0, 0.00816326530612245, 0.01020408163265306],
[3, 0.039691401, 11373.892007877997, 0.01020408163265306, 0.00816326530612245, 0.01020408163265306],
[4, 0.053573, 11311.870212153093, 0.01020408163265306, 0.01020408163265306, 0.01326530612244898],
[5, 0.0669095, 11255.44185636306, 0.01020408163265306, 0.00816326530612245, 0.01020408163265306],
[6, 0.0798295, 11202.802048864172, 0.01020408163265306, 0.00816326530612245, 0.01020408163265306],
[7, 0.092767801, 11153.466418396296, 0.0, 0.00816326530612245, 0.00816326530612245],
[8, 0.106514501, 11106.666374919014, 0.0, 0.0020408163265306124, 0.007142857142857143],
[9, 0.118004401, 11062.385726710167, 0.0, 0.0020408163265306124, 0.006122448979591836],
[10, 0.130954302, 11020.317310422985, 0.0, 0.004081632653061225, 0.00816326530612245],
[11, 0.144033402, 10980.457841485866, 0.0, 0.006122448979591836, 0.007142857142857143],
[12, 0.156906602, 10942.565925453471, 0.0, 0.012244897959183673, 0.01326530612244898],
[13, 0.17103690200000002, 10906.574758232407, 0.0, 0.012244897959183673, 0.014285714285714285],
[14, 0.18436860200000002, 10876.16144523737, 0.0, 0.01020408163265306, 0.01020408163265306],
[15, 0.19714760200000003, 10850.586975353208, 0.01020408163265306, 0.01020408163265306, 0.012244897959183673],
[16, 0.21003300200000002, 10833.59959253911, 0.02040816326530612, 0.0163265306122449, 0.018367346938775512],
[17, 0.22335660200000002, 10821.765114850105, 0.01020408163265306, 0.02040816326530612, 0.018367346938775512],
[18, 0.236312502, 10814.093649344186, 0.0, 0.006122448979591836, 0.01020408163265306],
[19, 0.249480102, 10810.33253026412, 0.01020408163265306, 0.004081632653061225, 0.00510204081632653],
[20, 0.262687302, 10809.367984984774, 0.01020408163265306, 0.00816326530612245, 0.007142857142857143],
[21, 0.275679202, 10808.327258206948, 0.01020408163265306, 0.018367346938775512, 0.019387755102040816],
[22, 0.287918302, 10808.231175322398, 0.0, 0.0163265306122449, 0.012244897959183673],
[23, 0.300955802, 10807.207177173064, 0.01020408163265306, 0.01020408163265306, 0.01020408163265306],
[24, 0.314735002, 10807.10338421109, 0.01020408163265306, 0.004081632653061225, 0.00816326530612245],
[25, 0.333510302, 10806.187598808876, 0.01020408163265306, 0.0163265306122449, 0.0163265306122449],
[26, 0.34794140199999996, 10806.089485930155, 0.01020408163265306, 0.0163265306122449, 0.015306122448979591],
[27, 0.36200610199999994, 10805.309635327605, 0.02040816326530612, 0.012244897959183673, 0.009183673469387756],
[28, 0.37522050099999993, 10805.16110885447, 0.0, 0.006122448979591836, 0.00816326530612245],
[29, 0.38764880099999993, 10804.537169442894, 0.02040816326530612, 0.018367346938775512, 0.015306122448979591],
[30, 0.4023642009999999, 10804.316289693432, 0.02040816326530612, 0.014285714285714285, 0.012244897959183673],
[31, 0.4160492009999999, 10803.826985590204, 0.01020408163265306, 0.0163265306122449, 0.014285714285714285],
[32, 0.4284331009999999, 10803.597463338498, 0.01020408163265306, 0.01020408163265306, 0.01020408163265306],
[33, 0.44177910099999995, 10803.157114111784, 0.0, 0.014285714285714285, 0.014285714285714285],
[34, 0.454945501, 10802.921479588606, 0.0, 0.012244897959183673, 0.007142857142857143],
[35, 0.468131201, 10802.562354681644, 0.01020408163265306, 0.018367346938775512, 0.014285714285714285],
[36, 0.48055950199999997, 10802.331326124407, 0.02040816326530612, 0.014285714285714285, 0.01326530612244898],
[37, 0.494151802, 10801.986523064748, 0.0, 0.01020408163265306, 0.01326530612244898],
[38, 0.506971502, 10801.797399438394, 0.0, 0.00816326530612245, 0.009183673469387756],
[39, 0.5200281019999999, 10801.519540844529, 0.02040816326530612, 0.022448979591836737, 0.0163265306122449],
[40, 0.5328548019999999, 10801.298808952528, 0.030612244897959183, 0.0163265306122449, 0.01326530612244898],
[41, 0.5457179029999999, 10801.03933832426, 0.02040816326530612, 0.01020408163265306, 0.009183673469387756],
[42, 0.5600080019999999, 10800.87931067252, 0.01020408163265306, 0.00816326530612245, 0.01020408163265306],
[43, 0.5723704019999999, 10800.649525675646, 0.01020408163265306, 0.014285714285714285, 0.017346938775510204],
[44, 0.5853467019999999, 10800.493259533885, 0.04081632653061224, 0.014285714285714285, 0.01020408163265306],
[45, 0.5988100019999999, 10800.24725342003, 0.01020408163265306, 0.00816326530612245, 0.007142857142857143],
[46, 0.6123296019999999, 10800.131497323064, 0.0, 0.018367346938775512, 0.014285714285714285],
[47, 0.6251265019999999, 10799.968129850531, 0.01020408163265306, 0.0163265306122449, 0.015306122448979591],
[48, 0.6394596019999998, 10799.796408215492, 0.01020408163265306, 0.004081632653061225, 0.004081632653061225],
[49, 0.6532166019999999, 10799.636516082446, 0.01020408163265306, 0.01020408163265306, 0.00816326530612245],
[50, 0.6667359019999999, 10799.50036588421, 0.02040816326530612, 0.012244897959183673, 0.012244897959183673],
[51, 0.6798841019999999, 10799.407285449455, 0.030612244897959183, 0.02040816326530612, 0.017346938775510204],
[52, 0.6928559019999999, 10799.223442263828, 0.01020408163265306, 0.00816326530612245, 0.00816326530612245],
[53, 0.7057381019999999, 10799.129406666147, 0.0, 0.012244897959183673, 0.01326530612244898],
[54, 0.7185141019999999, 10798.987495206758, 0.01020408163265306, 0.01020408163265306, 0.01326530612244898],
[55, 0.7329205019999999, 10798.945305495277, 0.0, 0.02040816326530612, 0.0163265306122449],
[56, 0.7472243009999999, 10798.768419965285, 0.01020408163265306, 0.004081632653061225, 0.00816326530612245],
[57, 0.760401602, 10798.710522781672, 0.030612244897959183, 0.02040816326530612, 0.011224489795918368],
[58, 0.773399302, 10798.581005777503, 0.0, 0.00816326530612245, 0.006122448979591836],
[59, 0.7862465019999999, 10798.557920251484, 0.030612244897959183, 0.02040816326530612, 0.017346938775510204],
[60, 0.799294102, 10798.401944220843, 0.030612244897959183, 0.01020408163265306, 0.012244897959183673],
[61, 0.812048502, 10798.36583934499, 0.01020408163265306, 0.01020408163265306, 0.00816326530612245],
[62, 0.825218502, 10798.248238213626, 0.02040816326530612, 0.02040816326530612, 0.018367346938775512],
[63, 0.8379520030000001, 10798.25042478857, 0.0, 0.014285714285714285, 0.012244897959183673],
[64, 0.851611603, 10798.10328972287, 0.01020408163265306, 0.014285714285714285, 0.01326530612244898],
[65, 0.8641778040000001, 10798.083722433088, 0.0, 0.0163265306122449, 0.015306122448979591],
[66, 0.8918061040000002, 10797.978944985944, 0.01020408163265306, 0.014285714285714285, 0.0163265306122449],
[67, 0.9055480030000002, 10797.992851134688, 0.0, 0.014285714285714285, 0.011224489795918368],
[68, 0.9214149040000001, 10797.8597621517, 0.02040816326530612, 0.014285714285714285, 0.011224489795918368],
[69, 0.9345486040000002, 10797.853813552472, 0.01020408163265306, 0.01020408163265306, 0.011224489795918368],
[70, 0.9479052030000001, 10797.758270184617, 0.01020408163265306, 0.02040816326530612, 0.024489795918367346],
[71, 0.9603567040000002, 10797.782175315097, 0.02040816326530612, 0.012244897959183673, 0.014285714285714285],
[72, 0.9731835040000002, 10797.661783480362, 0.01020408163265306, 0.014285714285714285, 0.01326530612244898],
[73, 0.9867005040000002, 10797.667240160017, 0.0, 0.01020408163265306, 0.00816326530612245],
[74, 1.0007521040000003, 10797.579223789764, 0.01020408163265306, 0.012244897959183673, 0.012244897959183673],
[75, 1.0137419050000003, 10797.610583896014, 0.0, 0.01020408163265306, 0.014285714285714285],
[76, 1.0278901050000002, 10797.500956534412, 0.030612244897959183, 0.0163265306122449, 0.018367346938775512],
[77, 1.0408384050000001, 10797.515013757795, 0.01020408163265306, 0.014285714285714285, 0.014285714285714285],
[78, 1.0529991060000001, 10797.437600276498, 0.01020408163265306, 0.018367346938775512, 0.018367346938775512],
[79, 1.0663462060000002, 10797.465137224724, 0.030612244897959183, 0.018367346938775512, 0.012244897959183673],
[80, 1.0802458060000002, 10797.373668549362, 0.030612244897959183, 0.0163265306122449, 0.01326530612244898],
[81, 1.0931738060000002, 10797.387629547386, 0.02040816326530612, 0.00816326530612245, 0.009183673469387756],
[82, 1.1056496060000003, 10797.322520558566, 0.02040816326530612, 0.012244897959183673, 0.009183673469387756],
[83, 1.1195655050000002, 10797.347755677312, 0.02040816326530612, 0.012244897959183673, 0.012244897959183673],
[84, 1.1323923050000002, 10797.269837046184, 0.030612244897959183, 0.022448979591836737, 0.017346938775510204],
[85, 1.1449175040000001, 10797.283936342365, 0.01020408163265306, 0.00816326530612245, 0.01326530612244898],
[86, 1.1574966050000002, 10797.228383931008, 0.04081632653061224, 0.0163265306122449, 0.0163265306122449],
[87, 1.1709319050000002, 10797.250798420584, 0.0, 0.01020408163265306, 0.01326530612244898],
[88, 1.1840366050000002, 10797.1856122981, 0.04081632653061224, 0.014285714285714285, 0.01326530612244898],
[89, 1.1969076040000002, 10797.199547164995, 0.01020408163265306, 0.012244897959183673, 0.011224489795918368],
[90, 1.2121976040000002, 10797.152010144373, 0.01020408163265306, 0.01020408163265306, 0.009183673469387756],
[91, 1.2259870030000002, 10797.17310604215, 0.02040816326530612, 0.018367346938775512, 0.015306122448979591],
[92, 1.2392612040000002, 10797.116636779105, 0.030612244897959183, 0.02040816326530612, 0.014285714285714285],
[93, 1.252603504, 10797.130695293354, 0.01020408163265306, 0.02040816326530612, 0.0163265306122449],
[94, 1.265334304, 10797.089591747816, 0.01020408163265306, 0.014285714285714285, 0.01326530612244898],
[95, 1.278212905, 10797.108735917129, 0.01020408163265306, 0.02040816326530612, 0.022448979591836737],
[96, 1.290608505, 10797.060814856215, 0.02040816326530612, 0.014285714285714285, 0.012244897959183673],
[97, 1.303746805, 10797.074724416592, 0.0, 0.006122448979591836, 0.007142857142857143],
[98, 1.3173058050000002, 10797.038937981279, 0.030612244897959183, 0.00816326530612245, 0.009183673469387756],
[99, 1.330228205, 10797.057210400662, 0.01020408163265306, 0.00816326530612245, 0.009183673469387756],
[100, 1.343265705, 10797.014957830628, 0.01020408163265306, 0.0163265306122449, 0.012244897959183673],
[101, 1.3561143050000002, 10797.029109384848, 0.0, 0.004081632653061225, 0.009183673469387756],
[102, 1.3696031050000002, 10796.998646473563, 0.01020408163265306, 0.012244897959183673, 0.012244897959183673],
[103, 1.3827628050000003, 10797.013302561902, 0.01020408163265306, 0.012244897959183673, 0.011224489795918368],
[104, 1.3950547050000002, 10796.979315873983, 0.01020408163265306, 0.0163265306122449, 0.012244897959183673],
[105, 1.4083026050000003, 10796.990683607066, 0.04081632653061224, 0.012244897959183673, 0.01020408163265306],
[106, 1.4226408050000003, 10796.966074425745, 0.02040816326530612, 0.012244897959183673, 0.012244897959183673],
[107, 1.5749434060000003, 10796.978047012939, 0.02040816326530612, 0.01020408163265306, 0.015306122448979591],
[108, 1.5883535060000002, 10796.949994849734, 0.0, 0.012244897959183673, 0.009183673469387756],
[109, 1.6014924060000002, 10796.95941117865, 0.0, 0.006122448979591836, 0.00816326530612245],
[110, 1.6134967060000003, 10796.939174803965, 0.02040816326530612, 0.01020408163265306, 0.01326530612244898],
[111, 1.6266374060000002, 10796.948928057021, 0.0, 0.00816326530612245, 0.01020408163265306],
[112, 1.639589506, 10796.926373553757, 0.01020408163265306, 0.0163265306122449, 0.011224489795918368],
[113, 1.652346606, 10796.933952312169, 0.01020408163265306, 0.01020408163265306, 0.009183673469387756],
[114, 1.664995907, 10796.917622119188, 0.0, 0.012244897959183673, 0.015306122448979591],
[115, 1.678311307, 10796.925527640215, 0.01020408163265306, 0.00816326530612245, 0.011224489795918368],
[116, 1.691804507, 10796.906941833226, 0.0, 0.006122448979591836, 0.003061224489795918],
[117, 1.706010107, 10796.913156059085, 0.0, 0.01020408163265306, 0.01326530612244898],
[118, 1.719302708, 10796.899747827296, 0.02040816326530612, 0.018367346938775512, 0.01326530612244898],
[119, 1.7322278070000001, 10796.906246999, 0.01020408163265306, 0.004081632653061225, 0.00816326530612245],
[120, 1.7449604070000002, 10796.891241925081, 0.01020408163265306, 0.012244897959183673, 0.01020408163265306],
[121, 1.7583237060000003, 10796.896294528013, 0.0, 0.00816326530612245, 0.00816326530612245],
