rank: 30, ratio of 0 vs 1: 3, lambda:1, learning_rate: 0.05
iter time objective_function precision@K = 1, 5, 10
[0,10884.01292459647, 0.0 0.01020408163265306 0.009183673469387756],
[1, 0.0143881, 10881.365097947259, 0.0, 0.01020408163265306, 0.01020408163265306],
[2, 0.0278167, 10879.229268756104, 0.0, 0.00816326530612245, 0.01020408163265306],
[3, 0.042601699, 10877.607689454091, 0.0, 0.00816326530612245, 0.009183673469387756],
[4, 0.055739999, 10875.979713175064, 0.0, 0.01020408163265306, 0.009183673469387756],
[5, 0.06942569999999999, 10874.743395238876, 0.0, 0.01020408163265306, 0.009183673469387756],
[6, 0.08359209999999999, 10872.904810288968, 0.0, 0.01020408163265306, 0.01020408163265306],
[7, 0.09649579999999999, 10873.599655881386, 0.01020408163265306, 0.01020408163265306, 0.011224489795918368],
[8, 0.11109259899999999, 10872.461210381804, 0.01020408163265306, 0.01020408163265306, 0.01020408163265306],
[9, 0.12426469899999999, 10872.045373474404, 0.01020408163265306, 0.00816326530612245, 0.00816326530612245],
[10, 0.1388302, 10871.399305703842, 0.01020408163265306, 0.00816326530612245, 0.011224489795918368],
[11, 0.15388349999999998, 10871.48155303188, 0.01020408163265306, 0.01020408163265306, 0.011224489795918368],
[12, 0.16776899999999997, 10870.227503293732, 0.01020408163265306, 0.00816326530612245, 0.01020408163265306],
[13, 0.18169820099999998, 10870.066473780775, 0.01020408163265306, 0.00816326530612245, 0.01020408163265306],
[14, 0.19585920099999998, 10870.575755667502, 0.01020408163265306, 0.00816326530612245, 0.011224489795918368],
[15, 0.21011360099999998, 10870.406523841242, 0.01020408163265306, 0.00816326530612245, 0.01020408163265306],
[16, 0.2241455, 10869.41809808989, 0.01020408163265306, 0.00816326530612245, 0.01020408163265306],
[17, 0.237309, 10870.251048210363, 0.01020408163265306, 0.00816326530612245, 0.01020408163265306],
[18, 0.2505834, 10871.205743912253, 0.01020408163265306, 0.00816326530612245, 0.01020408163265306],
[19, 0.264210501, 10869.954817449887, 0.01020408163265306, 0.00816326530612245, 0.011224489795918368],
[20, 0.277796, 10869.117379119232, 0.01020408163265306, 0.00816326530612245, 0.011224489795918368],
[21, 0.291615301, 10869.409834980004, 0.01020408163265306, 0.00816326530612245, 0.011224489795918368],
[22, 0.305547801, 10870.073391858483, 0.01020408163265306, 0.00816326530612245, 0.011224489795918368],
[23, 0.319574401, 10869.67445390462, 0.01020408163265306, 0.00816326530612245, 0.011224489795918368],
[24, 0.333489401, 10869.824295797935, 0.01020408163265306, 0.00816326530612245, 0.011224489795918368],
[25, 0.347434601, 10869.16737048009, 0.01020408163265306, 0.00816326530612245, 0.011224489795918368],
[26, 0.362369702, 10868.137523179463, 0.01020408163265306, 0.00816326530612245, 0.011224489795918368],
[27, 0.438616402, 10869.185142073962, 0.01020408163265306, 0.00816326530612245, 0.011224489795918368],
[28, 0.452307102, 10868.921988502843, 0.01020408163265306, 0.00816326530612245, 0.011224489795918368],
[29, 0.467003902, 10870.123530075369, 0.01020408163265306, 0.00816326530612245, 0.011224489795918368],
[30, 0.479910802, 10869.355518207482, 0.01020408163265306, 0.00816326530612245, 0.011224489795918368],
[31, 0.49364050200000004, 10870.569284510382, 0.01020408163265306, 0.00816326530612245, 0.011224489795918368],
[32, 0.5083022020000001, 10869.32717493851, 0.01020408163265306, 0.00816326530612245, 0.011224489795918368],
[33, 0.5220091020000001, 10869.9417025795, 0.01020408163265306, 0.00816326530612245, 0.011224489795918368],
[34, 0.536526602, 10869.77332954022, 0.01020408163265306, 0.00816326530612245, 0.011224489795918368],
[35, 0.551083501, 10868.77216243259, 0.01020408163265306, 0.00816326530612245, 0.011224489795918368],
[36, 0.564859101, 10869.237736564788, 0.01020408163265306, 0.00816326530612245, 0.011224489795918368],
[37, 0.5782792010000001, 10868.312873244244, 0.01020408163265306, 0.00816326530612245, 0.011224489795918368],
[38, 0.592248101, 10869.092303336452, 0.01020408163265306, 0.00816326530612245, 0.011224489795918368],
[39, 0.6066131, 10869.05468690106, 0.01020408163265306, 0.00816326530612245, 0.011224489795918368],
[40, 0.620942399, 10869.175014772969, 0.01020408163265306, 0.00816326530612245, 0.011224489795918368],
[41, 0.6357898980000001, 10868.811732941916, 0.01020408163265306, 0.00816326530612245, 0.011224489795918368],
[42, 0.651202998, 10869.085109155278, 0.01020408163265306, 0.00816326530612245, 0.011224489795918368],
[43, 0.6650094980000001, 10868.393970427023, 0.01020408163265306, 0.00816326530612245, 0.011224489795918368],
[44, 0.6839715980000001, 10868.282038976913, 0.01020408163265306, 0.00816326530612245, 0.011224489795918368],
[45, 0.6968867990000001, 10869.489613634862, 0.01020408163265306, 0.00816326530612245, 0.011224489795918368],
[46, 0.710670699, 10868.79505700355, 0.01020408163265306, 0.00816326530612245, 0.011224489795918368],
[47, 0.723951699, 10869.141096655943, 0.01020408163265306, 0.00816326530612245, 0.011224489795918368],
[48, 0.737061199, 10868.596763589994, 0.01020408163265306, 0.00816326530612245, 0.011224489795918368],
[49, 0.750648099, 10870.343401640797, 0.01020408163265306, 0.00816326530612245, 0.011224489795918368],
[50, 0.766587299, 10869.00632711926, 0.01020408163265306, 0.00816326530612245, 0.011224489795918368],
[51, 0.779743299, 10870.039609289382, 0.01020408163265306, 0.00816326530612245, 0.011224489795918368],
[52, 0.7938070989999999, 10868.463585706433, 0.01020408163265306, 0.00816326530612245, 0.011224489795918368],
[53, 0.8081671979999999, 10868.927569598654, 0.01020408163265306, 0.00816326530612245, 0.011224489795918368],
[54, 0.822601897, 10868.386917243683, 0.01020408163265306, 0.00816326530612245, 0.011224489795918368],
[55, 0.8406251969999999, 10869.835724853987, 0.01020408163265306, 0.00816326530612245, 0.011224489795918368],
[56, 0.854814997, 10869.421838276754, 0.01020408163265306, 0.00816326530612245, 0.011224489795918368],
[57, 0.870984997, 10869.673278314543, 0.01020408163265306, 0.00816326530612245, 0.011224489795918368],
[58, 0.885483497, 10869.675877152345, 0.01020408163265306, 0.00816326530612245, 0.011224489795918368],
[59, 0.898795096, 10869.287645216367, 0.01020408163265306, 0.00816326530612245, 0.011224489795918368],
[60, 0.913056796, 10868.843834440757, 0.01020408163265306, 0.00816326530612245, 0.011224489795918368],
[61, 0.926847196, 10869.743645051474, 0.01020408163265306, 0.00816326530612245, 0.011224489795918368],
[62, 0.941970797, 10868.009872254124, 0.01020408163265306, 0.00816326530612245, 0.011224489795918368],
[63, 0.955926696, 10869.781935088791, 0.01020408163265306, 0.00816326530612245, 0.011224489795918368],
[64, 0.969567395, 10868.70589674691, 0.01020408163265306, 0.00816326530612245, 0.011224489795918368],
[65, 0.982415994, 10869.95280182794, 0.01020408163265306, 0.00816326530612245, 0.011224489795918368],
[66, 0.995307595, 10869.117067004285, 0.01020408163265306, 0.00816326530612245, 0.011224489795918368],
[67, 1.009689894, 10870.126665560978, 0.01020408163265306, 0.00816326530612245, 0.011224489795918368],
[68, 1.040354094, 10868.377611438955, 0.01020408163265306, 0.00816326530612245, 0.011224489795918368],
[69, 1.057197394, 10869.552133595407, 0.01020408163265306, 0.00816326530612245, 0.011224489795918368],
[70, 1.071615394, 10868.557842191956, 0.01020408163265306, 0.00816326530612245, 0.011224489795918368],
[71, 1.110792494, 10869.754912351289, 0.01020408163265306, 0.00816326530612245, 0.011224489795918368],
[72, 1.126565394, 10869.105509805888, 0.01020408163265306, 0.00816326530612245, 0.011224489795918368],
[73, 1.140388294, 10868.227606975795, 0.01020408163265306, 0.00816326530612245, 0.011224489795918368],
[74, 1.154595493, 10869.30682694248, 0.01020408163265306, 0.00816326530612245, 0.011224489795918368],
[75, 1.167702593, 10869.600385822489, 0.01020408163265306, 0.00816326530612245, 0.011224489795918368],
[76, 1.180773593, 10869.341507832152, 0.01020408163265306, 0.00816326530612245, 0.011224489795918368],
[77, 1.194590293, 10869.175993825784, 0.01020408163265306, 0.00816326530612245, 0.011224489795918368],
[78, 1.208344494, 10869.970837749936, 0.01020408163265306, 0.00816326530612245, 0.011224489795918368],
[79, 1.2219508940000001, 10869.113058270043, 0.01020408163265306, 0.00816326530612245, 0.011224489795918368],
[80, 1.236450593, 10869.756531398112, 0.01020408163265306, 0.00816326530612245, 0.011224489795918368],
[81, 1.2514333930000001, 10869.054995595548, 0.01020408163265306, 0.00816326530612245, 0.011224489795918368],
[82, 1.2663340930000002, 10869.84062764366, 0.01020408163265306, 0.00816326530612245, 0.011224489795918368],
[83, 1.2805137930000001, 10870.368214235465, 0.01020408163265306, 0.00816326530612245, 0.011224489795918368],
[84, 1.294127993, 10870.332625871326, 0.01020408163265306, 0.00816326530612245, 0.011224489795918368],
[85, 1.309434793, 10868.53669134881, 0.01020408163265306, 0.00816326530612245, 0.011224489795918368],
[86, 1.3237552920000002, 10868.979479605505, 0.01020408163265306, 0.00816326530612245, 0.011224489795918368],
[87, 1.3370929910000002, 10869.690408772058, 0.01020408163265306, 0.00816326530612245, 0.011224489795918368],
[88, 1.3532893900000003, 10868.968776556436, 0.01020408163265306, 0.00816326530612245, 0.011224489795918368],
[89, 1.3689218900000002, 10868.809818798447, 0.01020408163265306, 0.00816326530612245, 0.011224489795918368],
[90, 1.3819754890000002, 10869.72560208165, 0.01020408163265306, 0.00816326530612245, 0.011224489795918368],
[91, 1.3956389890000003, 10868.624275477736, 0.01020408163265306, 0.00816326530612245, 0.011224489795918368],
[92, 1.4094372890000002, 10868.858655300824, 0.01020408163265306, 0.00816326530612245, 0.011224489795918368],
[93, 1.4232960900000002, 10868.919536604368, 0.01020408163265306, 0.00816326530612245, 0.011224489795918368],
[94, 1.4380324900000003, 10869.54718663653, 0.01020408163265306, 0.00816326530612245, 0.011224489795918368],
[95, 1.4516258900000003, 10868.551136087299, 0.01020408163265306, 0.00816326530612245, 0.011224489795918368],
[96, 1.4652179900000004, 10868.701035717948, 0.01020408163265306, 0.00816326530612245, 0.011224489795918368],
[97, 1.4790614900000003, 10868.189951092321, 0.01020408163265306, 0.00816326530612245, 0.011224489795918368],
[98, 1.4929201900000002, 10869.656593457095, 0.01020408163265306, 0.00816326530612245, 0.011224489795918368],
[99, 1.5061172900000002, 10868.80191889856, 0.01020408163265306, 0.00816326530612245, 0.011224489795918368],
[100, 1.5211587910000002, 10868.248219127661, 0.01020408163265306, 0.00816326530612245, 0.011224489795918368],
[101, 1.5363417910000001, 10868.908433826226, 0.01020408163265306, 0.00816326530612245, 0.011224489795918368],
[102, 1.550272791, 10869.185327187164, 0.01020408163265306, 0.00816326530612245, 0.011224489795918368],
[103, 1.564634892, 10869.339041016947, 0.01020408163265306, 0.00816326530612245, 0.011224489795918368],
[104, 1.577952792, 10869.478728287495, 0.01020408163265306, 0.00816326530612245, 0.011224489795918368],
[105, 1.591978192, 10868.757657935768, 0.01020408163265306, 0.00816326530612245, 0.011224489795918368],
[106, 1.605468691, 10868.899050075954, 0.01020408163265306, 0.00816326530612245, 0.011224489795918368],
[107, 1.620999991, 10869.139930773194, 0.01020408163265306, 0.00816326530612245, 0.011224489795918368],
[108, 1.6360783909999999, 10868.998453824934, 0.01020408163265306, 0.00816326530612245, 0.011224489795918368],
[109, 1.705103892, 10870.211031820993, 0.01020408163265306, 0.00816326530612245, 0.011224489795918368],
[110, 1.7185002919999999, 10869.317521672292, 0.01020408163265306, 0.00816326530612245, 0.011224489795918368],
[111, 1.7320787919999998, 10868.98999313471, 0.01020408163265306, 0.00816326530612245, 0.011224489795918368],
[112, 1.7472505919999999, 10869.519688748318, 0.01020408163265306, 0.00816326530612245, 0.011224489795918368],
[113, 1.7614089919999998, 10869.191737051979, 0.01020408163265306, 0.00816326530612245, 0.011224489795918368],
[114, 1.7764398919999997, 10869.496470258953, 0.01020408163265306, 0.00816326530612245, 0.011224489795918368],
[115, 1.7916346919999997, 10868.980492375988, 0.01020408163265306, 0.00816326530612245, 0.011224489795918368],
[116, 1.8058710919999996, 10868.803667485505, 0.01020408163265306, 0.00816326530612245, 0.011224489795918368],
[117, 1.8201960919999995, 10869.274581903184, 0.01020408163265306, 0.00816326530612245, 0.011224489795918368],
[118, 1.8358554919999996, 10868.264175783177, 0.01020408163265306, 0.00816326530612245, 0.011224489795918368],
[119, 1.8498266929999996, 10868.923989668318, 0.01020408163265306, 0.00816326530612245, 0.011224489795918368],
[120, 1.8645808929999996, 10868.144599580854, 0.01020408163265306, 0.00816326530612245, 0.011224489795918368],
[121, 1.8807214919999997, 10869.464379064995, 0.01020408163265306, 0.00816326530612245, 0.011224489795918368],
