rank: 30, ratio of 0 vs 1: 3, lambda:4, learning_rate: 0.05
iter time objective_function precision@K = 1, 5, 10
[0,11141.227801410048, 0.0 0.01020408163265306 0.009183673469387756],
[1, 0.012854699, 11119.206377206268, 0.0, 0.01020408163265306, 0.009183673469387756],
[2, 0.026777798, 11102.065515823282, 0.0, 0.00816326530612245, 0.01020408163265306],
[3, 0.039821498999999996, 11088.353576653237, 0.0, 0.00816326530612245, 0.00816326530612245],
[4, 0.053414198999999996, 11076.753179916055, 0.0, 0.01020408163265306, 0.011224489795918368],
[5, 0.0662883, 11067.135776846259, 0.01020408163265306, 0.01020408163265306, 0.012244897959183673],
[6, 0.07922939999999999, 11058.500025285077, 0.01020408163265306, 0.00816326530612245, 0.011224489795918368],
[7, 0.09362269999999999, 11052.207843163387, 0.01020408163265306, 0.00816326530612245, 0.011224489795918368],
[8, 0.10686989999999999, 11045.77381567729, 0.01020408163265306, 0.00816326530612245, 0.012244897959183673],
[9, 0.12072909999999999, 11040.415108911882, 0.01020408163265306, 0.006122448979591836, 0.009183673469387756],
[10, 0.13366139999999999, 11035.458169718539, 0.01020408163265306, 0.004081632653061225, 0.011224489795918368],
[11, 0.147360799, 11031.458142042471, 0.01020408163265306, 0.006122448979591836, 0.01020408163265306],
[12, 0.16061869899999998, 11027.372405556389, 0.01020408163265306, 0.006122448979591836, 0.009183673469387756],
[13, 0.17473859899999997, 11024.068359859208, 0.01020408163265306, 0.006122448979591836, 0.009183673469387756],
[14, 0.18770159799999997, 11021.330859697662, 0.01020408163265306, 0.006122448979591836, 0.009183673469387756],
[15, 0.20223909899999998, 11018.754376820563, 0.01020408163265306, 0.004081632653061225, 0.011224489795918368],
[16, 0.21641589999999997, 11016.049353203241, 0.01020408163265306, 0.004081632653061225, 0.01020408163265306],
[17, 0.22956770099999996, 11014.258104637987, 0.01020408163265306, 0.0020408163265306124, 0.011224489795918368],
[18, 0.24461690099999997, 11012.640792124887, 0.01020408163265306, 0.0020408163265306124, 0.011224489795918368],
[19, 0.25862670099999996, 11010.502971808195, 0.01020408163265306, 0.004081632653061225, 0.011224489795918368],
[20, 0.26997319999999997, 11008.77153164479, 0.01020408163265306, 0.004081632653061225, 0.01020408163265306],
[21, 0.283958799, 11007.629367339361, 0.01020408163265306, 0.004081632653061225, 0.01020408163265306],
[22, 0.297092299, 11006.529646471201, 0.01020408163265306, 0.004081632653061225, 0.01020408163265306],
[23, 0.3898959, 11005.207678387105, 0.01020408163265306, 0.004081632653061225, 0.01020408163265306],
[24, 0.4037549, 11004.42983451976, 0.01020408163265306, 0.004081632653061225, 0.01020408163265306],
[25, 0.4173367, 11003.231512446402, 0.01020408163265306, 0.004081632653061225, 0.01020408163265306],
[26, 0.4290467, 11002.142760531695, 0.01020408163265306, 0.004081632653061225, 0.01020408163265306],
[27, 0.442298801, 11001.873626133736, 0.01020408163265306, 0.004081632653061225, 0.01020408163265306],
[28, 0.45551520100000004, 11001.040234894612, 0.01020408163265306, 0.004081632653061225, 0.01020408163265306],
[29, 0.46852710100000006, 11000.807963156336, 0.01020408163265306, 0.006122448979591836, 0.01020408163265306],
[30, 0.48206460100000004, 11000.120395804895, 0.01020408163265306, 0.006122448979591836, 0.01020408163265306],
[31, 0.495235301, 10999.909918987552, 0.01020408163265306, 0.006122448979591836, 0.009183673469387756],
[32, 0.5097018010000001, 10999.176347576551, 0.01020408163265306, 0.006122448979591836, 0.01020408163265306],
[33, 0.5220253010000001, 10998.914859689407, 0.01020408163265306, 0.006122448979591836, 0.01020408163265306],
[34, 0.5355505000000002, 10998.602923584416, 0.01020408163265306, 0.006122448979591836, 0.01020408163265306],
[35, 0.5489929000000001, 10998.027278013757, 0.01020408163265306, 0.006122448979591836, 0.01020408163265306],
[36, 0.5636689000000001, 10997.789677042902, 0.01020408163265306, 0.006122448979591836, 0.01020408163265306],
[37, 0.5777457000000001, 10997.327838961235, 0.01020408163265306, 0.006122448979591836, 0.01020408163265306],
[38, 0.5915028000000001, 10997.24242025415, 0.01020408163265306, 0.006122448979591836, 0.01020408163265306],
[39, 0.6054056000000001, 10997.08155856801, 0.01020408163265306, 0.006122448979591836, 0.01020408163265306],
[40, 0.6171257000000001, 10996.842667295576, 0.01020408163265306, 0.006122448979591836, 0.01020408163265306],
[41, 0.6309013000000001, 10996.676266075348, 0.01020408163265306, 0.006122448979591836, 0.01020408163265306],
[42, 0.6443928000000001, 10996.581062510064, 0.01020408163265306, 0.006122448979591836, 0.01020408163265306],
[43, 0.6574262000000001, 10996.327671703188, 0.01020408163265306, 0.006122448979591836, 0.01020408163265306],
[44, 0.6703194000000001, 10996.154167939429, 0.01020408163265306, 0.006122448979591836, 0.01020408163265306],
[45, 0.6838877000000001, 10996.365958787752, 0.01020408163265306, 0.006122448979591836, 0.01020408163265306],
[46, 0.6967566000000001, 10996.03361570442, 0.01020408163265306, 0.006122448979591836, 0.01020408163265306],
[47, 0.7107135010000001, 10996.09308854915, 0.01020408163265306, 0.006122448979591836, 0.01020408163265306],
[48, 0.7234732010000001, 10995.859982071752, 0.01020408163265306, 0.006122448979591836, 0.01020408163265306],
[49, 0.7373733000000001, 10996.279455511722, 0.01020408163265306, 0.006122448979591836, 0.01020408163265306],
[50, 0.7511561000000001, 10995.834190182366, 0.01020408163265306, 0.006122448979591836, 0.01020408163265306],
[51, 0.7635759000000001, 10995.994340013243, 0.01020408163265306, 0.006122448979591836, 0.01020408163265306],
[52, 0.7765885000000001, 10995.599071296449, 0.01020408163265306, 0.006122448979591836, 0.01020408163265306],
[53, 0.7899356000000002, 10995.750265850606, 0.01020408163265306, 0.006122448979591836, 0.01020408163265306],
[54, 0.8026453990000002, 10995.455575932188, 0.01020408163265306, 0.006122448979591836, 0.01020408163265306],
[55, 0.8160524000000002, 10995.871477708892, 0.01020408163265306, 0.006122448979591836, 0.01020408163265306],
[56, 0.8298102990000003, 10995.726737631303, 0.01020408163265306, 0.006122448979591836, 0.01020408163265306],
[57, 0.8432303990000003, 10995.637026339213, 0.01020408163265306, 0.006122448979591836, 0.01020408163265306],
[58, 0.8573502990000003, 10995.589058119042, 0.01020408163265306, 0.006122448979591836, 0.01020408163265306],
[59, 0.8715913990000003, 10995.484100681395, 0.01020408163265306, 0.006122448979591836, 0.01020408163265306],
[60, 0.8859878000000002, 10995.38513145009, 0.01020408163265306, 0.006122448979591836, 0.01020408163265306],
[61, 0.8998005000000002, 10995.590537888254, 0.01020408163265306, 0.006122448979591836, 0.01020408163265306],
[62, 0.9141685000000003, 10995.22463768223, 0.01020408163265306, 0.006122448979591836, 0.01020408163265306],
[63, 0.9275959000000003, 10995.601378165786, 0.01020408163265306, 0.006122448979591836, 0.01020408163265306],
[64, 0.9569570990000003, 10995.301195137929, 0.01020408163265306, 0.006122448979591836, 0.01020408163265306],
[65, 0.9700279990000003, 10995.570166761569, 0.01020408163265306, 0.006122448979591836, 0.01020408163265306],
[66, 0.9836178000000002, 10995.502794944086, 0.01020408163265306, 0.006122448979591836, 0.01020408163265306],
[67, 0.9977161000000002, 10995.69503609803, 0.01020408163265306, 0.006122448979591836, 0.01020408163265306],
[68, 1.0110918990000002, 10995.169799378642, 0.01020408163265306, 0.006122448979591836, 0.01020408163265306],
[69, 1.0246254000000001, 10995.443848260986, 0.01020408163265306, 0.006122448979591836, 0.01020408163265306],
[70, 1.0382479000000002, 10995.293939670944, 0.01020408163265306, 0.006122448979591836, 0.01020408163265306],
[71, 1.0522305010000002, 10995.513821261218, 0.01020408163265306, 0.006122448979591836, 0.01020408163265306],
[72, 1.0654827000000002, 10995.347397931884, 0.01020408163265306, 0.006122448979591836, 0.01020408163265306],
[73, 1.0789149000000002, 10995.124453401517, 0.01020408163265306, 0.006122448979591836, 0.01020408163265306],
[74, 1.0930079000000001, 10995.376980948678, 0.01020408163265306, 0.006122448979591836, 0.01020408163265306],
[75, 1.1064650990000002, 10995.44038186948, 0.01020408163265306, 0.006122448979591836, 0.01020408163265306],
[76, 1.1209458990000003, 10995.325808489175, 0.01020408163265306, 0.006122448979591836, 0.01020408163265306],
[77, 1.1339264990000002, 10995.344800810586, 0.01020408163265306, 0.006122448979591836, 0.01020408163265306],
[78, 1.1475115990000002, 10995.466552343041, 0.01020408163265306, 0.006122448979591836, 0.01020408163265306],
[79, 1.1608604980000001, 10995.378696629175, 0.01020408163265306, 0.006122448979591836, 0.01020408163265306],
[80, 1.1746526990000001, 10995.465980738461, 0.01020408163265306, 0.006122448979591836, 0.01020408163265306],
[81, 1.187038599, 10995.242148410052, 0.01020408163265306, 0.006122448979591836, 0.01020408163265306],
[82, 1.2007177, 10995.41759390068, 0.01020408163265306, 0.006122448979591836, 0.01020408163265306],
[83, 1.213626199, 10995.663241135333, 0.01020408163265306, 0.006122448979591836, 0.01020408163265306],
[84, 1.227173999, 10995.577372308037, 0.01020408163265306, 0.006122448979591836, 0.01020408163265306],
[85, 1.2397846989999999, 10995.21760806867, 0.01020408163265306, 0.006122448979591836, 0.01020408163265306],
[86, 1.252570598, 10995.292080469882, 0.01020408163265306, 0.006122448979591836, 0.01020408163265306],
[87, 1.265717497, 10995.405204757588, 0.01020408163265306, 0.006122448979591836, 0.01020408163265306],
[88, 1.279082197, 10995.213373437517, 0.01020408163265306, 0.006122448979591836, 0.01020408163265306],
[89, 1.292650297, 10995.284314028733, 0.01020408163265306, 0.006122448979591836, 0.01020408163265306],
[90, 1.305871497, 10995.457330559198, 0.01020408163265306, 0.006122448979591836, 0.01020408163265306],
[91, 1.3192503960000002, 10995.259042283367, 0.01020408163265306, 0.006122448979591836, 0.01020408163265306],
[92, 1.3331588970000001, 10995.293102439111, 0.01020408163265306, 0.006122448979591836, 0.01020408163265306],
[93, 1.3462454970000002, 10995.259123760829, 0.01020408163265306, 0.006122448979591836, 0.01020408163265306],
[94, 1.3598229970000002, 10995.454954924737, 0.01020408163265306, 0.006122448979591836, 0.01020408163265306],
[95, 1.3728279970000001, 10995.161297225179, 0.01020408163265306, 0.006122448979591836, 0.01020408163265306],
[96, 1.3873205970000002, 10995.204503756013, 0.01020408163265306, 0.006122448979591836, 0.01020408163265306],
[97, 1.4010570970000003, 10995.080014092688, 0.01020408163265306, 0.006122448979591836, 0.01020408163265306],
[98, 1.4155846970000003, 10995.430165526672, 0.01020408163265306, 0.006122448979591836, 0.01020408163265306],
[99, 1.4274959970000003, 10995.271075268924, 0.01020408163265306, 0.006122448979591836, 0.01020408163265306],
[100, 1.4414199980000002, 10994.999815133318, 0.01020408163265306, 0.006122448979591836, 0.01020408163265306],
[101, 1.4553569990000002, 10995.220042308607, 0.01020408163265306, 0.006122448979591836, 0.01020408163265306],
[102, 1.4686915990000002, 10995.329120852059, 0.01020408163265306, 0.006122448979591836, 0.01020408163265306],
[103, 1.4822570990000001, 10995.281085532428, 0.01020408163265306, 0.006122448979591836, 0.01020408163265306],
[104, 1.4962627990000001, 10995.397776950775, 0.01020408163265306, 0.006122448979591836, 0.01020408163265306],
[105, 1.5803350990000002, 10995.224395429166, 0.01020408163265306, 0.006122448979591836, 0.01020408163265306],
[106, 1.5939332980000003, 10995.246339654306, 0.01020408163265306, 0.006122448979591836, 0.01020408163265306],
[107, 1.6078125980000002, 10995.313053848306, 0.01020408163265306, 0.006122448979591836, 0.01020408163265306],
[108, 1.6211052980000002, 10995.355311063817, 0.01020408163265306, 0.006122448979591836, 0.01020408163265306],
[109, 1.6352566980000003, 10995.573845086063, 0.01020408163265306, 0.006122448979591836, 0.01020408163265306],
[110, 1.6480225980000003, 10995.446084198571, 0.01020408163265306, 0.006122448979591836, 0.01020408163265306],
[111, 1.6609071970000002, 10995.23322579933, 0.01020408163265306, 0.006122448979591836, 0.01020408163265306],
[112, 1.6745144970000003, 10995.359998486789, 0.01020408163265306, 0.006122448979591836, 0.01020408163265306],
[113, 1.6881578980000003, 10995.302150110163, 0.01020408163265306, 0.006122448979591836, 0.01020408163265306],
[114, 1.7025370980000003, 10995.474295899023, 0.01020408163265306, 0.006122448979591836, 0.01020408163265306],
[115, 1.7150171980000004, 10995.284914102167, 0.01020408163265306, 0.006122448979591836, 0.01020408163265306],
[116, 1.7286270980000005, 10995.241624320295, 0.01020408163265306, 0.006122448979591836, 0.01020408163265306],
[117, 1.7420607970000004, 10995.38186695964, 0.01020408163265306, 0.006122448979591836, 0.01020408163265306],
[118, 1.7556242960000004, 10994.998003044135, 0.01020408163265306, 0.006122448979591836, 0.01020408163265306],
[119, 1.7694751960000004, 10995.252207406824, 0.01020408163265306, 0.006122448979591836, 0.01020408163265306],
[120, 1.7824735970000003, 10995.06912431398, 0.01020408163265306, 0.006122448979591836, 0.01020408163265306],
[121, 1.7963544980000004, 10995.353760089127, 0.01020408163265306, 0.006122448979591836, 0.01020408163265306],
