rank: 30, ratio of 0 vs 1: 3, lambda:9, learning_rate: 0.05
iter time objective_function precision@K = 1, 5, 10
[0,11569.91926276601, 0.0 0.01020408163265306 0.009183673469387756],
[1, 0.0141721, 11468.379207730177, 0.0, 0.012244897959183673, 0.009183673469387756],
[2, 0.0287855, 11402.491666695087, 0.0, 0.00816326530612245, 0.01020408163265306],
[3, 0.042890801, 11354.043133452698, 0.0, 0.00816326530612245, 0.01020408163265306],
[4, 0.0569469, 11315.789560687906, 0.01020408163265306, 0.00816326530612245, 0.01326530612244898],
[5, 0.0706141, 11284.8247521851, 0.01020408163265306, 0.00816326530612245, 0.012244897959183673],
[6, 0.0837456, 11259.041438380871, 0.01020408163265306, 0.01020408163265306, 0.01020408163265306],
[7, 0.0964378, 11237.92987747508, 0.01020408163265306, 0.006122448979591836, 0.011224489795918368],
[8, 0.10974740000000001, 11219.821756474157, 0.01020408163265306, 0.006122448979591836, 0.012244897959183673],
[9, 0.123372299, 11204.656694252119, 0.01020408163265306, 0.004081632653061225, 0.00816326530612245],
[10, 0.13571739900000002, 11191.734771593945, 0.01020408163265306, 0.004081632653061225, 0.009183673469387756],
[11, 0.15044789900000002, 11180.94678879598, 0.01020408163265306, 0.004081632653061225, 0.01020408163265306],
[12, 0.16372529900000002, 11171.631726657626, 0.01020408163265306, 0.004081632653061225, 0.00816326530612245],
[13, 0.17703959900000002, 11163.823922692736, 0.01020408163265306, 0.004081632653061225, 0.00816326530612245],
[14, 0.19009049900000002, 11157.264631153716, 0.01020408163265306, 0.004081632653061225, 0.00816326530612245],
[15, 0.203537599, 11151.664865383025, 0.01020408163265306, 0.0020408163265306124, 0.01020408163265306],
[16, 0.217648799, 11146.784522842067, 0.01020408163265306, 0.0020408163265306124, 0.009183673469387756],
[17, 0.22975789800000002, 11142.82403882333, 0.01020408163265306, 0.0020408163265306124, 0.00816326530612245],
[18, 0.241920398, 11139.457223097908, 0.01020408163265306, 0.0020408163265306124, 0.00816326530612245],
[19, 0.255600698, 11136.3924501575, 0.01020408163265306, 0.0020408163265306124, 0.00816326530612245],
[20, 0.27001189800000003, 11133.855067354129, 0.01020408163265306, 0.0020408163265306124, 0.00816326530612245],
[21, 0.283088999, 11131.813856058148, 0.01020408163265306, 0.004081632653061225, 0.00816326530612245],
[22, 0.296966799, 11130.046775586397, 0.01020408163265306, 0.004081632653061225, 0.00816326530612245],
[23, 0.310134099, 11128.453708389377, 0.01020408163265306, 0.004081632653061225, 0.009183673469387756],
[24, 0.32362499899999997, 11127.231992336607, 0.01020408163265306, 0.004081632653061225, 0.009183673469387756],
[25, 0.336657699, 11126.026964286972, 0.01020408163265306, 0.004081632653061225, 0.009183673469387756],
[26, 0.34928409899999996, 11125.002001233792, 0.0, 0.004081632653061225, 0.009183673469387756],
[27, 0.36323629799999996, 11124.355187202282, 0.0, 0.004081632653061225, 0.009183673469387756],
[28, 0.37717019799999996, 11123.602753297106, 0.0, 0.004081632653061225, 0.009183673469387756],
[29, 0.39275059799999995, 11123.152426218983, 0.0, 0.004081632653061225, 0.009183673469387756],
[30, 0.4056865989999999, 11122.613336709064, 0.0, 0.004081632653061225, 0.009183673469387756],
[31, 0.4185056989999999, 11122.269687319227, 0.0, 0.004081632653061225, 0.009183673469387756],
[32, 0.4319161989999999, 11121.817948360193, 0.0, 0.004081632653061225, 0.009183673469387756],
[33, 0.4458023989999999, 11121.564267000756, 0.0, 0.004081632653061225, 0.009183673469387756],
[34, 0.4731028979999999, 11121.31815171699, 0.0, 0.004081632653061225, 0.009183673469387756],
[35, 0.48675609799999986, 11121.008556657498, 0.0, 0.004081632653061225, 0.009183673469387756],
[36, 0.5010712989999999, 11120.8395658082, 0.0, 0.004081632653061225, 0.009183673469387756],
[37, 0.514942999, 11120.616911731453, 0.0, 0.004081632653061225, 0.009183673469387756],
[38, 0.5289468989999999, 11120.537433204277, 0.0, 0.004081632653061225, 0.009183673469387756],
[39, 0.5408013979999999, 11120.434121520328, 0.0, 0.004081632653061225, 0.009183673469387756],
[40, 0.5540665989999999, 11120.317714884233, 0.0, 0.004081632653061225, 0.009183673469387756],
[41, 0.5673828989999998, 11120.229985063565, 0.0, 0.004081632653061225, 0.009183673469387756],
[42, 0.5809900989999999, 11120.174417879462, 0.0, 0.004081632653061225, 0.009183673469387756],
[43, 0.5941126989999999, 11120.085756428969, 0.0, 0.004081632653061225, 0.009183673469387756],
[44, 0.6079050989999999, 11120.015693228233, 0.0, 0.004081632653061225, 0.009183673469387756],
[45, 0.6216642989999999, 11120.073993196942, 0.0, 0.004081632653061225, 0.009183673469387756],
[46, 0.6347277989999999, 11119.964373032833, 0.0, 0.004081632653061225, 0.009183673469387756],
[47, 0.6478120989999999, 11119.974637837291, 0.0, 0.004081632653061225, 0.009183673469387756],
[48, 0.6608342989999999, 11119.902247925882, 0.0, 0.004081632653061225, 0.009183673469387756],
[49, 0.6728514989999999, 11120.030714198372, 0.0, 0.004081632653061225, 0.009183673469387756],
[50, 0.6852433989999999, 11119.89875086258, 0.0, 0.004081632653061225, 0.009183673469387756],
[51, 0.6975494989999999, 11119.951960762675, 0.0, 0.004081632653061225, 0.009183673469387756],
[52, 0.7111580989999998, 11119.82549091211, 0.0, 0.004081632653061225, 0.009183673469387756],
[53, 0.7237425989999998, 11119.889773024677, 0.0, 0.004081632653061225, 0.009183673469387756],
[54, 0.7363603989999998, 11119.782816833876, 0.0, 0.004081632653061225, 0.009183673469387756],
[55, 0.7507313989999999, 11119.924419769386, 0.0, 0.004081632653061225, 0.009183673469387756],
[56, 0.7634529979999999, 11119.880991226231, 0.0, 0.004081632653061225, 0.009183673469387756],
[57, 0.7766570979999999, 11119.857896198666, 0.0, 0.004081632653061225, 0.009183673469387756],
[58, 0.789827399, 11119.841453938947, 0.0, 0.004081632653061225, 0.009183673469387756],
[59, 0.803750898, 11119.814673912895, 0.0, 0.004081632653061225, 0.009183673469387756],
[60, 0.816465098, 11119.785808053279, 0.0, 0.004081632653061225, 0.009183673469387756],
[61, 0.829552298, 11119.851333606957, 0.0, 0.004081632653061225, 0.009183673469387756],
[62, 0.842256998, 11119.737190888416, 0.0, 0.004081632653061225, 0.009183673469387756],
[63, 0.8541332979999999, 11119.860711275443, 0.0, 0.004081632653061225, 0.009183673469387756],
[64, 0.8672052979999999, 11119.772378563866, 0.0, 0.004081632653061225, 0.009183673469387756],
[65, 0.880578099, 11119.855635159327, 0.0, 0.004081632653061225, 0.009183673469387756],
[66, 0.893813498, 11119.840700957457, 0.0, 0.004081632653061225, 0.009183673469387756],
[67, 0.906454798, 11119.904375656984, 0.0, 0.004081632653061225, 0.009183673469387756],
[68, 0.919982499, 11119.741807293149, 0.0, 0.004081632653061225, 0.009183673469387756],
[69, 0.933891799, 11119.830048153755, 0.0, 0.004081632653061225, 0.009183673469387756],
[70, 0.9484580979999999, 11119.787916239813, 0.0, 0.004081632653061225, 0.009183673469387756],
[71, 0.9614996979999999, 11119.850397246935, 0.0, 0.004081632653061225, 0.009183673469387756],
[72, 0.9750984979999999, 11119.797183292452, 0.0, 0.004081632653061225, 0.009183673469387756],
[73, 0.9890571979999999, 11119.73097043846, 0.0, 0.004081632653061225, 0.009183673469387756],
[74, 1.002813097, 11119.819445739504, 0.0, 0.004081632653061225, 0.009183673469387756],
[75, 1.186490198, 11119.836082349511, 0.0, 0.004081632653061225, 0.009183673469387756],
[76, 1.200094598, 11119.792874688212, 0.0, 0.004081632653061225, 0.009183673469387756],
[77, 1.212780297, 11119.807874489796, 0.0, 0.004081632653061225, 0.009183673469387756],
[78, 1.226068097, 11119.84481642998, 0.0, 0.004081632653061225, 0.009183673469387756],
[79, 1.240211197, 11119.815937106669, 0.0, 0.004081632653061225, 0.009183673469387756],
[80, 1.253313297, 11119.848747796163, 0.0, 0.004081632653061225, 0.009183673469387756],
[81, 1.2683716980000002, 11119.781227656213, 0.0, 0.004081632653061225, 0.009183673469387756],
[82, 1.2813201980000002, 11119.83554976321, 0.0, 0.004081632653061225, 0.009183673469387756],
[83, 1.2953706980000002, 11119.911167626098, 0.0, 0.004081632653061225, 0.009183673469387756],
[84, 1.3093504980000001, 11119.887003406615, 0.0, 0.004081632653061225, 0.009183673469387756],
[85, 1.3225403990000002, 11119.773242193629, 0.0, 0.004081632653061225, 0.009183673469387756],
[86, 1.3366661990000002, 11119.801568390601, 0.0, 0.004081632653061225, 0.009183673469387756],
[87, 1.350872199, 11119.835350478364, 0.0, 0.004081632653061225, 0.009183673469387756],
[88, 1.364929799, 11119.769924356067, 0.0, 0.004081632653061225, 0.009183673469387756],
[89, 1.378749098, 11119.794356291342, 0.0, 0.004081632653061225, 0.009183673469387756],
[90, 1.392806498, 11119.848389950344, 0.0, 0.004081632653061225, 0.009183673469387756],
[91, 1.4063214979999998, 11119.790323419318, 0.0, 0.004081632653061225, 0.009183673469387756],
[92, 1.4194227979999998, 11119.79899762728, 0.0, 0.004081632653061225, 0.009183673469387756],
[93, 1.4324941979999999, 11119.788390307025, 0.0, 0.004081632653061225, 0.009183673469387756],
[94, 1.445081699, 11119.84689240639, 0.0, 0.004081632653061225, 0.009183673469387756],
[95, 1.4585996989999999, 11119.753283993328, 0.0, 0.004081632653061225, 0.009183673469387756],
[96, 1.473191199, 11119.768287069319, 0.0, 0.004081632653061225, 0.009183673469387756],
[97, 1.4868398999999999, 11119.736012083968, 0.0, 0.004081632653061225, 0.009183673469387756],
[98, 1.5006308, 11119.843258530937, 0.0, 0.004081632653061225, 0.009183673469387756],
[99, 1.5145716, 11119.795507952262, 0.0, 0.004081632653061225, 0.009183673469387756],
[100, 1.528593099, 11119.69494351659, 0.0, 0.004081632653061225, 0.009183673469387756],
[101, 1.542349398, 11119.776021455282, 0.0, 0.004081632653061225, 0.009183673469387756],
[102, 1.556103097, 11119.807555874782, 0.0, 0.004081632653061225, 0.009183673469387756],
[103, 1.568790796, 11119.78686639338, 0.0, 0.004081632653061225, 0.009183673469387756],
[104, 1.5826414960000001, 11119.828840528131, 0.0, 0.004081632653061225, 0.009183673469387756],
[105, 1.5955872970000002, 11119.778541320813, 0.0, 0.004081632653061225, 0.009183673469387756],
[106, 1.6083710980000003, 11119.781801701638, 0.0, 0.004081632653061225, 0.009183673469387756],
[107, 1.6214843980000004, 11119.815531375914, 0.0, 0.004081632653061225, 0.009183673469387756],
[108, 1.6348410980000005, 11119.81926580562, 0.0, 0.004081632653061225, 0.009183673469387756],
[109, 1.6468472980000006, 11119.888954725684, 0.0, 0.004081632653061225, 0.009183673469387756],
[110, 1.6600261980000006, 11119.845445645396, 0.0, 0.004081632653061225, 0.009183673469387756],
[111, 1.6724241980000005, 11119.784252831487, 0.0, 0.004081632653061225, 0.009183673469387756],
[112, 1.6860476980000005, 11119.820787431585, 0.0, 0.004081632653061225, 0.009183673469387756],
[113, 1.6997935970000004, 11119.80051043815, 0.0, 0.004081632653061225, 0.009183673469387756],
[114, 1.7131132970000005, 11119.85790532894, 0.0, 0.004081632653061225, 0.009183673469387756],
[115, 1.7262480960000004, 11119.800564301155, 0.0, 0.004081632653061225, 0.009183673469387756],
[116, 1.7567480960000004, 11119.781611313114, 0.0, 0.004081632653061225, 0.009183673469387756],
[117, 1.7696031960000003, 11119.838816990989, 0.0, 0.004081632653061225, 0.009183673469387756],
[118, 1.7834460970000003, 11119.703334403866, 0.0, 0.004081632653061225, 0.009183673469387756],
[119, 1.7968096980000003, 11119.788971800857, 0.0, 0.004081632653061225, 0.009183673469387756],
[120, 1.8109711980000003, 11119.727215923485, 0.0, 0.004081632653061225, 0.009183673469387756],
[121, 1.8245590980000004, 11119.814783523996, 0.0, 0.004081632653061225, 0.009183673469387756],
