rank: 30, ratio of 0 vs 1: 3, lambda:8, learning_rate: 0.05
iter time objective_function precision@K = 1, 5, 10
[0,11484.180970494817, 0.0 0.01020408163265306 0.009183673469387756],
[1, 0.012986, 11402.95343194118, 0.0, 0.012244897959183673, 0.009183673469387756],
[2, 0.0269367, 11351.980841557683, 0.0, 0.00816326530612245, 0.01020408163265306],
[3, 0.040439699, 11316.305508722777, 0.0, 0.00816326530612245, 0.00816326530612245],
[4, 0.0535085, 11289.64843713863, 0.0, 0.00816326530612245, 0.011224489795918368],
[5, 0.0661583, 11269.370368615588, 0.01020408163265306, 0.006122448979591836, 0.012244897959183673],
[6, 0.0794746, 11253.369097949415, 0.01020408163265306, 0.006122448979591836, 0.011224489795918368],
[7, 0.09159300000000001, 11241.460415091302, 0.01020408163265306, 0.006122448979591836, 0.012244897959183673],
[8, 0.10534400000000001, 11231.550542180992, 0.01020408163265306, 0.006122448979591836, 0.012244897959183673],
[9, 0.11820609900000001, 11223.849906644213, 0.01020408163265306, 0.006122448979591836, 0.012244897959183673],
[10, 0.131014699, 11217.622541425115, 0.01020408163265306, 0.006122448979591836, 0.011224489795918368],
[11, 0.144144298, 11212.857497061988, 0.01020408163265306, 0.006122448979591836, 0.011224489795918368],
[12, 0.157188498, 11208.74861284187, 0.01020408163265306, 0.006122448979591836, 0.011224489795918368],
[13, 0.17113349800000002, 11205.658345836267, 0.01020408163265306, 0.006122448979591836, 0.011224489795918368],
[14, 0.18495909800000002, 11203.336022330708, 0.01020408163265306, 0.006122448979591836, 0.011224489795918368],
[15, 0.19812129800000003, 11201.378983787765, 0.01020408163265306, 0.006122448979591836, 0.011224489795918368],
[16, 0.21102269900000004, 11199.606178117347, 0.01020408163265306, 0.006122448979591836, 0.011224489795918368],
[17, 0.22389349900000002, 11198.551134327134, 0.01020408163265306, 0.006122448979591836, 0.01020408163265306],
[18, 0.23634499900000003, 11197.75182248931, 0.01020408163265306, 0.006122448979591836, 0.01020408163265306],
[19, 0.24891779900000002, 11196.678789977177, 0.01020408163265306, 0.006122448979591836, 0.01020408163265306],
[20, 0.262328198, 11195.891598626406, 0.01020408163265306, 0.006122448979591836, 0.01020408163265306],
[21, 0.275794497, 11195.470654572257, 0.01020408163265306, 0.006122448979591836, 0.01020408163265306],
[22, 0.28857599700000003, 11195.184806676869, 0.01020408163265306, 0.006122448979591836, 0.01020408163265306],
[23, 0.30154559700000005, 11194.761551887686, 0.01020408163265306, 0.006122448979591836, 0.01020408163265306],
[24, 0.3168712960000001, 11194.583713802875, 0.01020408163265306, 0.006122448979591836, 0.01020408163265306],
[25, 0.32895989500000006, 11194.201098914627, 0.01020408163265306, 0.006122448979591836, 0.01020408163265306],
[26, 0.34258629500000004, 11193.819918259569, 0.01020408163265306, 0.006122448979591836, 0.01020408163265306],
[27, 0.35607039500000004, 11193.956226115615, 0.01020408163265306, 0.006122448979591836, 0.01020408163265306],
[28, 0.36913739500000003, 11193.743739223393, 0.01020408163265306, 0.006122448979591836, 0.01020408163265306],
[29, 0.38223279600000004, 11193.948756360036, 0.01020408163265306, 0.006122448979591836, 0.01020408163265306],
[30, 0.39647959600000005, 11193.726702552016, 0.01020408163265306, 0.006122448979591836, 0.01020408163265306],
[31, 0.41040999600000005, 11193.902617597894, 0.01020408163265306, 0.006122448979591836, 0.01020408163265306],
[32, 0.4246748960000001, 11193.59325369523, 0.01020408163265306, 0.006122448979591836, 0.01020408163265306],
[33, 0.531099096, 11193.700062271284, 0.01020408163265306, 0.006122448979591836, 0.01020408163265306],
[34, 0.544695695, 11193.652750118614, 0.01020408163265306, 0.006122448979591836, 0.01020408163265306],
[35, 0.558225395, 11193.397606294558, 0.01020408163265306, 0.006122448979591836, 0.01020408163265306],
[36, 0.571042395, 11193.471536083258, 0.01020408163265306, 0.006122448979591836, 0.01020408163265306],
[37, 0.583996694, 11193.271419301907, 0.01020408163265306, 0.006122448979591836, 0.01020408163265306],
[38, 0.596952894, 11193.430020056207, 0.01020408163265306, 0.006122448979591836, 0.01020408163265306],
[39, 0.6107038939999999, 11193.420481554971, 0.01020408163265306, 0.006122448979591836, 0.01020408163265306],
[40, 0.6235228939999999, 11193.411428254038, 0.01020408163265306, 0.006122448979591836, 0.01020408163265306],
[41, 0.636532793, 11193.338597469861, 0.01020408163265306, 0.006122448979591836, 0.01020408163265306],
[42, 0.649135292, 11193.385156361903, 0.01020408163265306, 0.006122448979591836, 0.01020408163265306],
[43, 0.6613422919999999, 11193.263765174484, 0.01020408163265306, 0.006122448979591836, 0.01020408163265306],
[44, 0.6750116909999999, 11193.23049188371, 0.01020408163265306, 0.006122448979591836, 0.01020408163265306],
[45, 0.6879539909999999, 11193.482326661459, 0.01020408163265306, 0.006122448979591836, 0.01020408163265306],
[46, 0.7006951909999999, 11193.324458651692, 0.01020408163265306, 0.006122448979591836, 0.01020408163265306],
[47, 0.7135324899999999, 11193.396628695382, 0.01020408163265306, 0.006122448979591836, 0.01020408163265306],
[48, 0.7271336899999998, 11193.285471038635, 0.01020408163265306, 0.006122448979591836, 0.01020408163265306],
[49, 0.7449644889999998, 11193.644494884615, 0.01020408163265306, 0.006122448979591836, 0.01020408163265306],
[50, 0.7579185889999998, 11193.376368280353, 0.01020408163265306, 0.006122448979591836, 0.01020408163265306],
[51, 0.7709979889999997, 11193.583632680171, 0.01020408163265306, 0.006122448979591836, 0.01020408163265306],
[52, 0.7844613889999997, 11193.25355444671, 0.01020408163265306, 0.006122448979591836, 0.01020408163265306],
[53, 0.7972152889999997, 11193.392206394414, 0.01020408163265306, 0.006122448979591836, 0.01020408163265306],
[54, 0.8119227889999997, 11193.227066198382, 0.01020408163265306, 0.006122448979591836, 0.01020408163265306],
[55, 0.8250421889999997, 11193.558093647664, 0.01020408163265306, 0.006122448979591836, 0.01020408163265306],
[56, 0.8377002889999997, 11193.467073218335, 0.01020408163265306, 0.006122448979591836, 0.01020408163265306],
[57, 0.8504503889999997, 11193.499329219667, 0.01020408163265306, 0.006122448979591836, 0.01020408163265306],
[58, 0.8636599889999997, 11193.485824037605, 0.01020408163265306, 0.006122448979591836, 0.01020408163265306],
[59, 0.8771322899999997, 11193.41733956567, 0.01020408163265306, 0.006122448979591836, 0.01020408163265306],
[60, 0.8915322899999997, 11193.335444950162, 0.01020408163265306, 0.006122448979591836, 0.01020408163265306],
[61, 0.9040916899999997, 11193.509278684272, 0.01020408163265306, 0.006122448979591836, 0.01020408163265306],
[62, 0.9167915899999997, 11193.162869577582, 0.01020408163265306, 0.006122448979591836, 0.01020408163265306],
[63, 0.9294945889999997, 11193.526380452795, 0.01020408163265306, 0.006122448979591836, 0.01020408163265306],
[64, 0.9419101899999998, 11193.3075632812, 0.01020408163265306, 0.006122448979591836, 0.01020408163265306],
[65, 0.9560633899999997, 11193.550828967083, 0.01020408163265306, 0.006122448979591836, 0.01020408163265306],
[66, 0.9699096909999997, 11193.408994371512, 0.01020408163265306, 0.006122448979591836, 0.01020408163265306],
[67, 0.9826614909999997, 11193.611843175264, 0.01020408163265306, 0.006122448979591836, 0.01020408163265306],
[68, 0.9960847909999997, 11193.241938721887, 0.01020408163265306, 0.006122448979591836, 0.01020408163265306],
[69, 1.0094726909999996, 11193.482900472045, 0.01020408163265306, 0.006122448979591836, 0.01020408163265306],
[70, 1.0228543909999996, 11193.300085998748, 0.01020408163265306, 0.006122448979591836, 0.01020408163265306],
[71, 1.0364577919999995, 11193.516022489266, 0.01020408163265306, 0.006122448979591836, 0.01020408163265306],
[72, 1.0488798919999995, 11193.38684291982, 0.01020408163265306, 0.006122448979591836, 0.01020408163265306],
[73, 1.0626621919999995, 11193.207574121361, 0.01020408163265306, 0.006122448979591836, 0.01020408163265306],
[74, 1.0923514929999993, 11193.44152998656, 0.01020408163265306, 0.006122448979591836, 0.01020408163265306],
[75, 1.1061728939999993, 11193.497340271433, 0.01020408163265306, 0.006122448979591836, 0.01020408163265306],
[76, 1.1197256939999993, 11193.412639809038, 0.01020408163265306, 0.006122448979591836, 0.01020408163265306],
[77, 1.1322694939999993, 11193.405600384613, 0.01020408163265306, 0.006122448979591836, 0.01020408163265306],
[78, 1.1452584939999992, 11193.553165076415, 0.01020408163265306, 0.006122448979591836, 0.01020408163265306],
[79, 1.1580566939999992, 11193.396444568802, 0.01020408163265306, 0.006122448979591836, 0.01020408163265306],
[80, 1.1711859929999993, 11193.525778127641, 0.01020408163265306, 0.006122448979591836, 0.01020408163265306],
[81, 1.1848297929999994, 11193.377704932469, 0.01020408163265306, 0.006122448979591836, 0.01020408163265306],
[82, 1.1974616929999993, 11193.53619133451, 0.01020408163265306, 0.006122448979591836, 0.01020408163265306],
[83, 1.2102580929999993, 11193.656906687907, 0.01020408163265306, 0.006122448979591836, 0.01020408163265306],
[84, 1.2245946939999992, 11193.642119311853, 0.01020408163265306, 0.006122448979591836, 0.01020408163265306],
[85, 1.2371429929999993, 11193.285622969604, 0.01020408163265306, 0.006122448979591836, 0.01020408163265306],
[86, 1.2507802929999994, 11193.381114957472, 0.01020408163265306, 0.006122448979591836, 0.01020408163265306],
[87, 1.2643421929999994, 11193.506954439421, 0.01020408163265306, 0.006122448979591836, 0.01020408163265306],
[88, 1.2775744929999995, 11193.35058313241, 0.01020408163265306, 0.006122448979591836, 0.01020408163265306],
[89, 1.2899295929999994, 11193.344891815283, 0.01020408163265306, 0.006122448979591836, 0.01020408163265306],
[90, 1.3031874939999994, 11193.525606412926, 0.01020408163265306, 0.006122448979591836, 0.01020408163265306],
[91, 1.3184381939999994, 11193.315609696767, 0.01020408163265306, 0.006122448979591836, 0.01020408163265306],
[92, 1.3318702949999994, 11193.35476501898, 0.01020408163265306, 0.006122448979591836, 0.01020408163265306],
[93, 1.3452843949999995, 11193.355582028209, 0.01020408163265306, 0.006122448979591836, 0.01020408163265306],
[94, 1.3585812949999996, 11193.489555349448, 0.01020408163265306, 0.006122448979591836, 0.01020408163265306],
[95, 1.3717038939999995, 11193.2713586132, 0.01020408163265306, 0.006122448979591836, 0.01020408163265306],
[96, 1.3850688949999994, 11193.303022661277, 0.01020408163265306, 0.006122448979591836, 0.01020408163265306],
[97, 1.3977508949999995, 11193.216399979081, 0.01020408163265306, 0.006122448979591836, 0.01020408163265306],
[98, 1.4105767949999994, 11193.505765594997, 0.01020408163265306, 0.006122448979591836, 0.01020408163265306],
[99, 1.4239242949999995, 11193.346629460131, 0.01020408163265306, 0.006122448979591836, 0.01020408163265306],
[100, 1.4375512949999996, 11193.174454685108, 0.01020408163265306, 0.006122448979591836, 0.01020408163265306],
[101, 1.4505518949999996, 11193.34894352513, 0.01020408163265306, 0.006122448979591836, 0.01020408163265306],
[102, 1.4632955949999995, 11193.404475959598, 0.01020408163265306, 0.006122448979591836, 0.01020408163265306],
[103, 1.4764903949999995, 11193.416720141287, 0.01020408163265306, 0.006122448979591836, 0.01020408163265306],
[104, 1.4889299949999995, 11193.461192801686, 0.01020408163265306, 0.006122448979591836, 0.01020408163265306],
[105, 1.5024565939999994, 11193.325902478979, 0.01020408163265306, 0.006122448979591836, 0.01020408163265306],
[106, 1.5158331949999995, 11193.349227802828, 0.01020408163265306, 0.006122448979591836, 0.01020408163265306],
[107, 1.5288202949999994, 11193.420482404847, 0.01020408163265306, 0.006122448979591836, 0.01020408163265306],
[108, 1.5437387949999994, 11193.388732759458, 0.01020408163265306, 0.006122448979591836, 0.01020408163265306],
[109, 1.5577207939999995, 11193.621125980906, 0.01020408163265306, 0.006122448979591836, 0.01020408163265306],
[110, 1.5706512929999996, 11193.45361049012, 0.01020408163265306, 0.006122448979591836, 0.01020408163265306],
[111, 1.5840173919999996, 11193.368390714319, 0.01020408163265306, 0.006122448979591836, 0.01020408163265306],
[112, 1.5977140929999996, 11193.471425576396, 0.01020408163265306, 0.006122448979591836, 0.01020408163265306],
[113, 1.6116301929999997, 11193.405789554, 0.01020408163265306, 0.006122448979591836, 0.01020408163265306],
[114, 1.6255145929999997, 11193.488689287024, 0.01020408163265306, 0.006122448979591836, 0.01020408163265306],
[115, 1.7242841929999997, 11193.379525327107, 0.01020408163265306, 0.006122448979591836, 0.01020408163265306],
[116, 1.7387830919999996, 11193.340317499004, 0.01020408163265306, 0.006122448979591836, 0.01020408163265306],
[117, 1.7512232919999995, 11193.455298226734, 0.01020408163265306, 0.006122448979591836, 0.01020408163265306],
[118, 1.7637850919999996, 11193.194551744667, 0.01020408163265306, 0.006122448979591836, 0.01020408163265306],
[119, 1.7764288919999995, 11193.362101735804, 0.01020408163265306, 0.006122448979591836, 0.01020408163265306],
[120, 1.7902308919999996, 11193.193046949003, 0.01020408163265306, 0.006122448979591836, 0.01020408163265306],
[121, 1.8047115919999996, 11193.452467086137, 0.01020408163265306, 0.006122448979591836, 0.01020408163265306],
