rank: 30, ratio of 0 vs 1: 3, lambda:4, learning_rate: 0.05
iter time objective_function precision@K = 1, 5, 10
[0,11141.227801410048, 0.0 0.01020408163265306 0.009183673469387756],
[1, 0.0134168, 11119.206377206268, 0.0, 0.01020408163265306, 0.009183673469387756],
[2, 0.0268085, 11103.88426848722, 0.0, 0.00816326530612245, 0.01020408163265306],
[3, 0.0399911, 11092.830657121127, 0.0, 0.00816326530612245, 0.00816326530612245],
[4, 0.054802301, 11084.315841509891, 0.0, 0.01020408163265306, 0.009183673469387756],
[5, 0.067510102, 11077.915175528951, 0.0, 0.01020408163265306, 0.01020408163265306],
[6, 0.081752202, 11072.466777511087, 0.01020408163265306, 0.01020408163265306, 0.01020408163265306],
[7, 0.09440800099999999, 11069.57133134447, 0.01020408163265306, 0.01020408163265306, 0.011224489795918368],
[8, 0.10743890099999999, 11066.270446433471, 0.01020408163265306, 0.00816326530612245, 0.011224489795918368],
[9, 0.12319810099999999, 11063.982493975378, 0.01020408163265306, 0.00816326530612245, 0.012244897959183673],
[10, 0.136370001, 11062.007664129307, 0.01020408163265306, 0.00816326530612245, 0.011224489795918368],
[11, 0.149619001, 11060.788534460526, 0.01020408163265306, 0.00816326530612245, 0.012244897959183673],
[12, 0.162904601, 11059.086288799788, 0.01020408163265306, 0.00816326530612245, 0.012244897959183673],
[13, 0.1765759, 11058.212251736535, 0.01020408163265306, 0.00816326530612245, 0.012244897959183673],
[14, 0.19002370000000002, 11057.870797532429, 0.01020408163265306, 0.00816326530612245, 0.012244897959183673],
[15, 0.20401990000000003, 11057.2869273338, 0.01020408163265306, 0.00816326530612245, 0.011224489795918368],
[16, 0.22096010000000002, 11056.36906381496, 0.01020408163265306, 0.006122448979591836, 0.011224489795918368],
[17, 0.23466819900000002, 11056.51416007665, 0.01020408163265306, 0.006122448979591836, 0.011224489795918368],
[18, 0.248626899, 11056.790198968813, 0.01020408163265306, 0.006122448979591836, 0.012244897959183673],
[19, 0.2617799, 11055.92407489054, 0.01020408163265306, 0.006122448979591836, 0.011224489795918368],
[20, 0.2904463, 11055.325818034606, 0.01020408163265306, 0.006122448979591836, 0.011224489795918368],
[21, 0.303451999, 11055.346995867932, 0.01020408163265306, 0.006122448979591836, 0.011224489795918368],
[22, 0.316303099, 11055.61927187765, 0.01020408163265306, 0.006122448979591836, 0.011224489795918368],
[23, 0.329996898, 11055.345770108677, 0.01020408163265306, 0.006122448979591836, 0.011224489795918368],
[24, 0.34321209799999997, 11055.35963355093, 0.01020408163265306, 0.006122448979591836, 0.011224489795918368],
[25, 0.35678999699999997, 11054.963343521573, 0.01020408163265306, 0.006122448979591836, 0.011224489795918368],
[26, 0.36974679699999996, 11054.372768528894, 0.01020408163265306, 0.006122448979591836, 0.011224489795918368],
[27, 0.38387969699999996, 11054.907424138437, 0.01020408163265306, 0.006122448979591836, 0.011224489795918368],
[28, 0.39743919599999994, 11054.732784908416, 0.01020408163265306, 0.006122448979591836, 0.011224489795918368],
[29, 0.41071269699999996, 11055.396212325895, 0.01020408163265306, 0.006122448979591836, 0.011224489795918368],
[30, 0.424426997, 11054.953492074404, 0.01020408163265306, 0.006122448979591836, 0.011224489795918368],
[31, 0.43774159599999996, 11055.595687613886, 0.01020408163265306, 0.006122448979591836, 0.011224489795918368],
[32, 0.45027019599999996, 11054.906354931885, 0.01020408163265306, 0.006122448979591836, 0.011224489795918368],
[33, 0.463917196, 11055.265171912717, 0.01020408163265306, 0.006122448979591836, 0.011224489795918368],
[34, 0.477893796, 11055.157577254424, 0.01020408163265306, 0.006122448979591836, 0.011224489795918368],
[35, 0.49082119599999996, 11054.582293026298, 0.01020408163265306, 0.006122448979591836, 0.011224489795918368],
[36, 0.504162396, 11054.861785424775, 0.01020408163265306, 0.006122448979591836, 0.011224489795918368],
[37, 0.5179897960000001, 11054.356611008872, 0.01020408163265306, 0.006122448979591836, 0.011224489795918368],
[38, 0.5311309970000001, 11054.80215134655, 0.01020408163265306, 0.006122448979591836, 0.011224489795918368],
[39, 0.5437493980000001, 11054.774946485095, 0.01020408163265306, 0.006122448979591836, 0.011224489795918368],
[40, 0.5562270980000001, 11054.84062287992, 0.01020408163265306, 0.006122448979591836, 0.011224489795918368],
[41, 0.5702407980000002, 11054.618435440985, 0.01020408163265306, 0.006122448979591836, 0.011224489795918368],
[42, 0.5834208990000002, 11054.772103773092, 0.01020408163265306, 0.006122448979591836, 0.011224489795918368],
[43, 0.5981765990000002, 11054.401183964694, 0.01020408163265306, 0.006122448979591836, 0.011224489795918368],
[44, 0.6111267990000002, 11054.339943732963, 0.01020408163265306, 0.006122448979591836, 0.011224489795918368],
[45, 0.6249312980000002, 11054.995569230814, 0.01020408163265306, 0.006122448979591836, 0.011224489795918368],
[46, 0.6382828980000003, 11054.619951390927, 0.01020408163265306, 0.006122448979591836, 0.011224489795918368],
[47, 0.6521174980000003, 11054.792957050717, 0.01020408163265306, 0.006122448979591836, 0.011224489795918368],
[48, 0.6659902990000003, 11054.512531728971, 0.01020408163265306, 0.006122448979591836, 0.011224489795918368],
[49, 0.6795459000000003, 11055.428105626394, 0.01020408163265306, 0.006122448979591836, 0.011224489795918368],
[50, 0.6935681000000002, 11054.735438298805, 0.01020408163265306, 0.006122448979591836, 0.011224489795918368],
[51, 0.7064076010000002, 11055.301746306408, 0.01020408163265306, 0.006122448979591836, 0.011224489795918368],
[52, 0.7195677020000002, 11054.429842592846, 0.01020408163265306, 0.006122448979591836, 0.011224489795918368],
[53, 0.7333037020000002, 11054.695476008468, 0.01020408163265306, 0.006122448979591836, 0.011224489795918368],
[54, 0.7461557020000001, 11054.384324645247, 0.01020408163265306, 0.006122448979591836, 0.011224489795918368],
[55, 0.7600690020000002, 11055.17408994009, 0.01020408163265306, 0.006122448979591836, 0.011224489795918368],
[56, 0.7743552020000002, 11054.95099792541, 0.01020408163265306, 0.006122448979591836, 0.011224489795918368],
[57, 0.7883478020000002, 11055.101090292816, 0.01020408163265306, 0.006122448979591836, 0.011224489795918368],
[58, 0.8014209020000002, 11055.101078248532, 0.01020408163265306, 0.006122448979591836, 0.011224489795918368],
[59, 0.8154976030000002, 11054.90543713883, 0.01020408163265306, 0.006122448979591836, 0.011224489795918368],
[60, 0.8291363040000002, 11054.65724201355, 0.01020408163265306, 0.006122448979591836, 0.011224489795918368],
[61, 0.9111865040000001, 11055.130653673661, 0.01020408163265306, 0.006122448979591836, 0.011224489795918368],
[62, 0.9248727040000001, 11054.182495861412, 0.01020408163265306, 0.006122448979591836, 0.011224489795918368],
[63, 0.9387504040000001, 11055.144315343807, 0.01020408163265306, 0.006122448979591836, 0.011224489795918368],
[64, 0.9513175040000001, 11054.580699198172, 0.01020408163265306, 0.006122448979591836, 0.011224489795918368],
[65, 0.9644505040000001, 11055.24311045435, 0.01020408163265306, 0.006122448979591836, 0.011224489795918368],
[66, 0.9777700040000001, 11054.768360806553, 0.01020408163265306, 0.006122448979591836, 0.011224489795918368],
[67, 0.9907599030000002, 11055.325634995093, 0.01020408163265306, 0.006122448979591836, 0.011224489795918368],
[68, 1.0044209030000002, 11054.403512443087, 0.01020408163265306, 0.006122448979591836, 0.011224489795918368],
[69, 1.017698503, 11055.037473077256, 0.01020408163265306, 0.006122448979591836, 0.011224489795918368],
[70, 1.030313003, 11054.485829094632, 0.01020408163265306, 0.006122448979591836, 0.011224489795918368],
[71, 1.042969603, 11055.123607809932, 0.01020408163265306, 0.006122448979591836, 0.011224489795918368],
[72, 1.056815203, 11054.780639589473, 0.01020408163265306, 0.006122448979591836, 0.011224489795918368],
[73, 1.069585802, 11054.305011432221, 0.01020408163265306, 0.006122448979591836, 0.011224489795918368],
[74, 1.082477502, 11054.904877170691, 0.01020408163265306, 0.006122448979591836, 0.011224489795918368],
[75, 1.0940570029999999, 11055.066706962925, 0.01020408163265306, 0.006122448979591836, 0.011224489795918368],
[76, 1.1069165019999998, 11054.901338630743, 0.01020408163265306, 0.006122448979591836, 0.011224489795918368],
[77, 1.119585202, 11054.81757279682, 0.01020408163265306, 0.006122448979591836, 0.011224489795918368],
[78, 1.132271802, 11055.26149699351, 0.01020408163265306, 0.006122448979591836, 0.011224489795918368],
[79, 1.146068102, 11054.765730254669, 0.01020408163265306, 0.006122448979591836, 0.011224489795918368],
[80, 1.159328402, 11055.142662615466, 0.01020408163265306, 0.006122448979591836, 0.011224489795918368],
[81, 1.172899302, 11054.773331769087, 0.01020408163265306, 0.006122448979591836, 0.011224489795918368],
[82, 1.186751602, 11055.21138939991, 0.01020408163265306, 0.006122448979591836, 0.011224489795918368],
[83, 1.200413002, 11055.452969787828, 0.01020408163265306, 0.006122448979591836, 0.011224489795918368],
[84, 1.215305403, 11055.458281917898, 0.01020408163265306, 0.006122448979591836, 0.011224489795918368],
[85, 1.2287889029999999, 11054.470817029895, 0.01020408163265306, 0.006122448979591836, 0.011224489795918368],
[86, 1.2421721019999998, 11054.72782181813, 0.01020408163265306, 0.006122448979591836, 0.011224489795918368],
[87, 1.2561615019999999, 11055.112450358421, 0.01020408163265306, 0.006122448979591836, 0.011224489795918368],
[88, 1.270144003, 11054.714270858569, 0.01020408163265306, 0.006122448979591836, 0.011224489795918368],
[89, 1.284293903, 11054.629467724777, 0.01020408163265306, 0.006122448979591836, 0.011224489795918368],
[90, 1.297313304, 11055.1327539925, 0.01020408163265306, 0.006122448979591836, 0.011224489795918368],
[91, 1.310261704, 11054.531503252161, 0.01020408163265306, 0.006122448979591836, 0.011224489795918368],
[92, 1.324524003, 11054.647309780055, 0.01020408163265306, 0.006122448979591836, 0.011224489795918368],
[93, 1.337474104, 11054.68259562427, 0.01020408163265306, 0.006122448979591836, 0.011224489795918368],
[94, 1.352441203, 11055.01103157383, 0.01020408163265306, 0.006122448979591836, 0.011224489795918368],
[95, 1.3669919039999998, 11054.48358551562, 0.01020408163265306, 0.006122448979591836, 0.011224489795918368],
[96, 1.3795712039999999, 11054.55867090538, 0.01020408163265306, 0.006122448979591836, 0.011224489795918368],
[97, 1.393343104, 11054.302985523944, 0.01020408163265306, 0.006122448979591836, 0.011224489795918368],
[98, 1.4067702039999999, 11055.081004277765, 0.01020408163265306, 0.006122448979591836, 0.011224489795918368],
[99, 1.4198223039999998, 11054.62247025632, 0.01020408163265306, 0.006122448979591836, 0.011224489795918368],
[100, 1.4339522039999997, 11054.304816853504, 0.01020408163265306, 0.006122448979591836, 0.011224489795918368],
[101, 1.4482033039999997, 11054.684201623491, 0.01020408163265306, 0.006122448979591836, 0.011224489795918368],
[102, 1.4785758049999997, 11054.806758016193, 0.01020408163265306, 0.006122448979591836, 0.011224489795918368],
[103, 1.4926507059999998, 11054.919123895626, 0.01020408163265306, 0.006122448979591836, 0.011224489795918368],
[104, 1.506838706, 11054.974071230756, 0.01020408163265306, 0.006122448979591836, 0.011224489795918368],
[105, 1.5206397059999999, 11054.595950410105, 0.01020408163265306, 0.006122448979591836, 0.011224489795918368],
[106, 1.5335968059999998, 11054.684522250607, 0.01020408163265306, 0.006122448979591836, 0.011224489795918368],
[107, 1.5483870069999999, 11054.82175004835, 0.01020408163265306, 0.006122448979591836, 0.011224489795918368],
[108, 1.5620590069999998, 11054.719584729828, 0.01020408163265306, 0.006122448979591836, 0.011224489795918368],
[109, 1.5750744069999998, 11055.37619950181, 0.01020408163265306, 0.006122448979591836, 0.011224489795918368],
[110, 1.5904951059999999, 11054.878954962509, 0.01020408163265306, 0.006122448979591836, 0.011224489795918368],
[111, 1.6037147059999999, 11054.744968936167, 0.01020408163265306, 0.006122448979591836, 0.011224489795918368],
[112, 1.6189498059999998, 11055.0131323595, 0.01020408163265306, 0.006122448979591836, 0.011224489795918368],
[113, 1.632185305, 11054.828883207065, 0.01020408163265306, 0.006122448979591836, 0.011224489795918368],
[114, 1.644971405, 11054.984250533842, 0.01020408163265306, 0.006122448979591836, 0.011224489795918368],
[115, 1.659791906, 11054.722710391896, 0.01020408163265306, 0.006122448979591836, 0.011224489795918368],
[116, 1.6730362049999998, 11054.634372762122, 0.01020408163265306, 0.006122448979591836, 0.011224489795918368],
[117, 1.6871627049999998, 11054.89156969602, 0.01020408163265306, 0.006122448979591836, 0.011224489795918368],
[118, 1.7020832049999997, 11054.330452953733, 0.01020408163265306, 0.006122448979591836, 0.011224489795918368],
[119, 1.7156694039999996, 11054.691860180734, 0.01020408163265306, 0.006122448979591836, 0.011224489795918368],
[120, 1.7299014049999997, 11054.261428307023, 0.01020408163265306, 0.006122448979591836, 0.011224489795918368],
[121, 1.7429022059999997, 11054.974444303349, 0.01020408163265306, 0.006122448979591836, 0.011224489795918368],
