rank: 30, ratio of 0 vs 1: 3, lambda:6, learning_rate: 0.15
iter time objective_function precision@K = 1, 5, 10
[0,11312.704385952433, 0.0 0.01020408163265306 0.009183673469387756],
[1, 0.0124674, 11190.801301172947, 0.01020408163265306, 0.01020408163265306, 0.011224489795918368],
[2, 0.0255668, 11119.60388335443, 0.02040816326530612, 0.0163265306122449, 0.015306122448979591],
[3, 0.0386601, 11060.473617398302, 0.01020408163265306, 0.012244897959183673, 0.011224489795918368],
[4, 0.051213401000000006, 11008.000487124113, 0.01020408163265306, 0.012244897959183673, 0.009183673469387756],
[5, 0.064613901, 10961.174447973835, 0.01020408163265306, 0.01020408163265306, 0.01020408163265306],
[6, 0.077821901, 10918.925966876797, 0.01020408163265306, 0.00816326530612245, 0.00816326530612245],
[7, 0.090729901, 10880.891725398042, 0.01020408163265306, 0.004081632653061225, 0.00816326530612245],
[8, 0.103017901, 10848.173655852577, 0.0, 0.004081632653061225, 0.009183673469387756],
[9, 0.116271401, 10827.279648025567, 0.0, 0.01020408163265306, 0.007142857142857143],
[10, 0.12993270099999998, 10815.151580530297, 0.030612244897959183, 0.01020408163265306, 0.012244897959183673],
[11, 0.14318700099999998, 10809.554209738313, 0.0, 0.01020408163265306, 0.007142857142857143],
[12, 0.15564770099999997, 10807.642511039521, 0.01020408163265306, 0.012244897959183673, 0.011224489795918368],
[13, 0.16982090099999997, 10806.733142492474, 0.01020408163265306, 0.012244897959183673, 0.01020408163265306],
[14, 0.18283590199999997, 10805.7466223341, 0.01020408163265306, 0.01020408163265306, 0.012244897959183673],
[15, 0.19541430199999996, 10804.61881331828, 0.02040816326530612, 0.014285714285714285, 0.015306122448979591],
[16, 0.20862740199999996, 10804.05745010251, 0.01020408163265306, 0.0163265306122449, 0.017346938775510204],
[17, 0.22158380199999997, 10803.32091970281, 0.02040816326530612, 0.01020408163265306, 0.009183673469387756],
[18, 0.23963680199999998, 10802.84030111745, 0.01020408163265306, 0.012244897959183673, 0.015306122448979591],
[19, 0.252917303, 10801.947869330283, 0.01020408163265306, 0.01020408163265306, 0.012244897959183673],
[20, 0.26633880299999996, 10801.562943065124, 0.02040816326530612, 0.014285714285714285, 0.0163265306122449],
[21, 0.279857504, 10801.162176022886, 0.0, 0.00816326530612245, 0.007142857142857143],
[22, 0.29283150399999996, 10800.702554621352, 0.01020408163265306, 0.006122448979591836, 0.009183673469387756],
[23, 0.30550780399999994, 10800.313715908413, 0.01020408163265306, 0.00816326530612245, 0.009183673469387756],
[24, 0.31896450299999995, 10799.814772310834, 0.0, 0.0020408163265306124, 0.004081632653061225],
[25, 0.333104702, 10799.82057435995, 0.01020408163265306, 0.004081632653061225, 0.007142857142857143],
[26, 0.34706910199999996, 10799.298342142996, 0.0, 0.01020408163265306, 0.012244897959183673],
[27, 0.360370702, 10799.17897280644, 0.0, 0.014285714285714285, 0.009183673469387756],
[28, 0.373718002, 10798.767264742542, 0.02040816326530612, 0.012244897959183673, 0.012244897959183673],
[29, 0.386385702, 10798.832900855026, 0.01020408163265306, 0.012244897959183673, 0.014285714285714285],
[30, 0.399440303, 10798.439523536972, 0.0, 0.006122448979591836, 0.009183673469387756],
[31, 0.413576702, 10798.380045038024, 0.01020408163265306, 0.01020408163265306, 0.011224489795918368],
[32, 0.425728802, 10798.085962322468, 0.01020408163265306, 0.014285714285714285, 0.014285714285714285],
[33, 0.44061140200000004, 10798.153776379391, 0.01020408163265306, 0.01020408163265306, 0.011224489795918368],
[34, 0.45342890300000005, 10797.870947615125, 0.030612244897959183, 0.0163265306122449, 0.012244897959183673],
[35, 0.46681940400000005, 10797.8572148892, 0.04081632653061224, 0.0163265306122449, 0.015306122448979591],
[36, 0.48053950400000006, 10797.647179484322, 0.030612244897959183, 0.01020408163265306, 0.014285714285714285],
[37, 0.5903635030000001, 10797.700095500626, 0.0, 0.0163265306122449, 0.015306122448979591],
[38, 0.6041871030000001, 10797.511214301945, 0.02040816326530612, 0.014285714285714285, 0.017346938775510204],
[39, 0.6182632020000001, 10797.504974038975, 0.0, 0.012244897959183673, 0.01020408163265306],
[40, 0.631274803, 10797.359834107696, 0.02040816326530612, 0.0163265306122449, 0.015306122448979591],
[41, 0.6440866030000001, 10797.400877328215, 0.01020408163265306, 0.006122448979591836, 0.01326530612244898],
[42, 0.6593021030000001, 10797.278257271295, 0.01020408163265306, 0.006122448979591836, 0.01326530612244898],
[43, 0.6720888040000002, 10797.265407829322, 0.01020408163265306, 0.012244897959183673, 0.00816326530612245],
[44, 0.6851087030000002, 10797.182565496236, 0.01020408163265306, 0.004081632653061225, 0.007142857142857143],
[45, 0.6983422030000002, 10797.202027416708, 0.0, 0.004081632653061225, 0.011224489795918368],
[46, 0.7114536030000002, 10797.12141126694, 0.0, 0.00816326530612245, 0.017346938775510204],
[47, 0.7236047040000002, 10797.115032635322, 0.030612244897959183, 0.012244897959183673, 0.00816326530612245],
[48, 0.7365710040000002, 10797.05822105321, 0.02040816326530612, 0.014285714285714285, 0.014285714285714285],
[49, 0.7496748050000002, 10797.07164816851, 0.0, 0.01020408163265306, 0.012244897959183673],
[50, 0.7618156050000001, 10797.019486961357, 0.0, 0.006122448979591836, 0.009183673469387756],
[51, 0.7745543050000001, 10797.01426813813, 0.0, 0.00816326530612245, 0.01020408163265306],
[52, 0.7875012060000001, 10796.978220272942, 0.02040816326530612, 0.014285714285714285, 0.011224489795918368],
[53, 0.800224507, 10796.98652560464, 0.01020408163265306, 0.012244897959183673, 0.012244897959183673],
[54, 0.812736608, 10796.952253557942, 0.030612244897959183, 0.01020408163265306, 0.01326530612244898],
[55, 0.826022708, 10796.948977438027, 0.030612244897959183, 0.02040816326530612, 0.015306122448979591],
[56, 0.839952607, 10796.924693008224, 0.0, 0.012244897959183673, 0.009183673469387756],
[57, 0.8528298059999999, 10796.93081383827, 0.01020408163265306, 0.014285714285714285, 0.015306122448979591],
[58, 0.8656025059999999, 10796.908181799155, 0.01020408163265306, 0.004081632653061225, 0.009183673469387756],
[59, 0.8784548059999999, 10796.905828241022, 0.01020408163265306, 0.0163265306122449, 0.011224489795918368],
[60, 0.8920437059999999, 10796.890273086023, 0.030612244897959183, 0.0163265306122449, 0.015306122448979591],
[61, 0.9050596059999999, 10796.893878265022, 0.02040816326530612, 0.0163265306122449, 0.014285714285714285],
[62, 0.918738506, 10796.87943034604, 0.02040816326530612, 0.018367346938775512, 0.014285714285714285],
[63, 0.932201305, 10796.87760789032, 0.01020408163265306, 0.00816326530612245, 0.009183673469387756],
[64, 0.944992405, 10796.867252696436, 0.030612244897959183, 0.0163265306122449, 0.01326530612244898],
[65, 0.957696805, 10796.870103000747, 0.0, 0.004081632653061225, 0.007142857142857143],
[66, 0.970447705, 10796.86016275726, 0.0, 0.00816326530612245, 0.01020408163265306],
[67, 0.983144505, 10796.859202511689, 0.05102040816326531, 0.022448979591836737, 0.015306122448979591],
[68, 0.997842606, 10796.85242759276, 0.0, 0.006122448979591836, 0.009183673469387756],
[69, 1.012776506, 10796.854124329178, 0.02040816326530612, 0.022448979591836737, 0.012244897959183673],
[70, 1.028617605, 10796.847879506504, 0.02040816326530612, 0.01020408163265306, 0.007142857142857143],
[71, 1.042095005, 10796.846982017716, 0.01020408163265306, 0.00816326530612245, 0.006122448979591836],
[72, 1.055985405, 10796.842628651053, 0.0, 0.006122448979591836, 0.009183673469387756],
[73, 1.069010405, 10796.843839240999, 0.01020408163265306, 0.014285714285714285, 0.01326530612244898],
[74, 1.083040105, 10796.83956051889, 0.01020408163265306, 0.018367346938775512, 0.0163265306122449],
[75, 1.097195205, 10796.839107827427, 0.02040816326530612, 0.014285714285714285, 0.011224489795918368],
[76, 1.110056205, 10796.836210647903, 0.04081632653061224, 0.018367346938775512, 0.018367346938775512],
[77, 1.122907205, 10796.836942237518, 0.0, 0.004081632653061225, 0.007142857142857143],
[78, 1.152049706, 10796.834269476089, 0.02040816326530612, 0.014285714285714285, 0.011224489795918368],
[79, 1.166472706, 10796.83387816113, 0.02040816326530612, 0.012244897959183673, 0.012244897959183673],
[80, 1.179068206, 10796.831982234418, 0.01020408163265306, 0.018367346938775512, 0.015306122448979591],
[81, 1.192411406, 10796.832503421105, 0.02040816326530612, 0.018367346938775512, 0.01326530612244898],
[82, 1.204517205, 10796.830694958717, 0.01020408163265306, 0.014285714285714285, 0.01326530612244898],
[83, 1.2177929049999998, 10796.83048669652, 0.01020408163265306, 0.00816326530612245, 0.00510204081632653],
[84, 1.2312075049999998, 10796.829235183908, 0.02040816326530612, 0.01020408163265306, 0.014285714285714285],
[85, 1.2437915049999997, 10796.829551523959, 0.01020408163265306, 0.0163265306122449, 0.01326530612244898],
[86, 1.2563284049999996, 10796.828384866163, 0.0, 0.01020408163265306, 0.012244897959183673],
[87, 1.2694042049999996, 10796.828231180443, 0.0, 0.012244897959183673, 0.017346938775510204],
[88, 1.2822432049999997, 10796.827418550178, 0.01020408163265306, 0.01020408163265306, 0.00816326530612245],
[89, 1.2946603049999996, 10796.827639884628, 0.0, 0.012244897959183673, 0.006122448979591836],
[90, 1.3074849059999996, 10796.826862483886, 0.07142857142857142, 0.022448979591836737, 0.0163265306122449],
[91, 1.3221283059999995, 10796.826769937872, 0.030612244897959183, 0.012244897959183673, 0.012244897959183673],
[92, 1.3347431059999995, 10796.826229715043, 0.0, 0.0163265306122449, 0.011224489795918368],
[93, 1.3481243059999994, 10796.826365536712, 0.01020408163265306, 0.014285714285714285, 0.011224489795918368],
[94, 1.3612238059999995, 10796.82586992314, 0.02040816326530612, 0.014285714285714285, 0.011224489795918368],
[95, 1.3756462069999995, 10796.825799408785, 0.0, 0.01020408163265306, 0.012244897959183673],
[96, 1.3883131069999994, 10796.825448060728, 0.01020408163265306, 0.012244897959183673, 0.01020408163265306],
[97, 1.4019263069999994, 10796.825548277351, 0.01020408163265306, 0.006122448979591836, 0.00816326530612245],
[98, 1.4149533069999993, 10796.825207682115, 0.02040816326530612, 0.01020408163265306, 0.007142857142857143],
[99, 1.4283800069999992, 10796.825169034651, 0.0, 0.0163265306122449, 0.015306122448979591],
[100, 1.4414885079999993, 10796.824939953054, 0.02040816326530612, 0.012244897959183673, 0.011224489795918368],
[101, 1.4540009089999992, 10796.824996750502, 0.01020408163265306, 0.0163265306122449, 0.01326530612244898],
[102, 1.4670349089999992, 10796.824783059765, 0.0, 0.014285714285714285, 0.011224489795918368],
[103, 1.4797931089999992, 10796.82475334642, 0.030612244897959183, 0.012244897959183673, 0.01020408163265306],
[104, 1.4951591089999992, 10796.824602044127, 0.030612244897959183, 0.014285714285714285, 0.009183673469387756],
[105, 1.5070290089999991, 10796.824644052032, 0.02040816326530612, 0.014285714285714285, 0.009183673469387756],
[106, 1.520448307999999, 10796.824497370955, 0.02040816326530612, 0.006122448979591836, 0.006122448979591836],
[107, 1.532806007999999, 10796.824482403568, 0.01020408163265306, 0.014285714285714285, 0.011224489795918368],
[108, 1.544994307999999, 10796.82438263973, 0.02040816326530612, 0.00816326530612245, 0.011224489795918368],
[109, 1.558964008999999, 10796.824407178, 0.01020408163265306, 0.00816326530612245, 0.01020408163265306],
[110, 1.571924709999999, 10796.824315927766, 0.01020408163265306, 0.012244897959183673, 0.01020408163265306],
[111, 1.584932609999999, 10796.824302071773, 0.0, 0.004081632653061225, 0.009183673469387756],
[112, 1.598184409999999, 10796.824237348092, 0.0, 0.00816326530612245, 0.009183673469387756],
[113, 1.611474610999999, 10796.824255817246, 0.02040816326530612, 0.00816326530612245, 0.011224489795918368],
[114, 1.624192310999999, 10796.824192792188, 0.030612244897959183, 0.018367346938775512, 0.015306122448979591],
[115, 1.637513910999999, 10796.824185665508, 0.02040816326530612, 0.00816326530612245, 0.012244897959183673],
[116, 1.651127910999999, 10796.82414272272, 0.01020408163265306, 0.0020408163265306124, 0.007142857142857143],
[117, 1.664605110999999, 10796.824153742684, 0.02040816326530612, 0.00816326530612245, 0.00816326530612245],
[118, 1.6777029099999992, 10796.824114105928, 0.05102040816326531, 0.018367346938775512, 0.0163265306122449],
[119, 1.703498410999999, 10796.824108329114, 0.01020408163265306, 0.01020408163265306, 0.012244897959183673],
[120, 1.7161728109999992, 10796.824080638124, 0.04081632653061224, 0.018367346938775512, 0.012244897959183673],
[121, 1.7283866109999992, 10796.824088349644, 0.01020408163265306, 0.012244897959183673, 0.011224489795918368],
