rank: 30, ratio of 0 vs 1: 3, lambda:11, learning_rate: 0.15
iter time objective_function precision@K = 1, 5, 10
[0,11741.395847308395, 0.0 0.01020408163265306 0.009183673469387756],
[1, 0.013125999, 11394.769347794889, 0.02040816326530612, 0.0163265306122449, 0.011224489795918368],
[2, 0.026889099, 11151.962495581218, 0.0, 0.018367346938775512, 0.015306122448979591],
[3, 0.040000399, 10910.2360979308, 0.01020408163265306, 0.006122448979591836, 0.00510204081632653],
[4, 0.052682899, 10926.057212110047, 0.0, 0.00816326530612245, 0.011224489795918368],
[5, 0.069231199, 10909.548330142437, 0.0, 0.0020408163265306124, 0.00816326530612245],
[6, 0.0834741, 10926.107195496481, 0.02040816326530612, 0.012244897959183673, 0.01020408163265306],
[7, 0.09965879999999999, 10909.515518074839, 0.01020408163265306, 0.018367346938775512, 0.0163265306122449],
[8, 0.113338101, 10926.13135093805, 0.01020408163265306, 0.006122448979591836, 0.01020408163265306],
[9, 0.12762780099999999, 10909.487434271265, 0.02040816326530612, 0.012244897959183673, 0.011224489795918368],
[10, 0.14109030099999997, 10926.159834469285, 0.0, 0.01020408163265306, 0.01326530612244898],
[11, 0.15517580099999997, 10909.467876957493, 0.02040816326530612, 0.00816326530612245, 0.015306122448979591],
[12, 0.167638201, 10926.172664293248, 0.0, 0.006122448979591836, 0.007142857142857143],
[13, 0.18061910099999998, 10909.456896711152, 0.01020408163265306, 0.006122448979591836, 0.009183673469387756],
[14, 0.19392260099999997, 10926.192564885232, 0.01020408163265306, 0.01020408163265306, 0.009183673469387756],
[15, 0.20624370099999997, 10909.427944128583, 0.01020408163265306, 0.00816326530612245, 0.014285714285714285],
[16, 0.21938770099999996, 10926.209916194715, 0.01020408163265306, 0.012244897959183673, 0.009183673469387756],
[17, 0.23276219999999997, 10909.405113072391, 0.02040816326530612, 0.01020408163265306, 0.00816326530612245],
[18, 0.24620059999999996, 10926.226795476929, 0.0, 0.0, 0.004081632653061225],
[19, 0.25934499899999996, 10909.401749317323, 0.02040816326530612, 0.012244897959183673, 0.011224489795918368],
[20, 0.272522198, 10926.236240297745, 0.0, 0.004081632653061225, 0.01020408163265306],
[21, 0.286278298, 10909.376612747585, 0.02040816326530612, 0.00816326530612245, 0.006122448979591836],
[22, 0.300178298, 10926.2503274829, 0.01020408163265306, 0.00816326530612245, 0.009183673469387756],
[23, 0.313544797, 10909.367599825433, 0.01020408163265306, 0.02040816326530612, 0.015306122448979591],
[24, 0.328843597, 10926.272375759849, 0.0, 0.00816326530612245, 0.00510204081632653],
[25, 0.344653597, 10909.35608149853, 0.0, 0.012244897959183673, 0.011224489795918368],
[26, 0.359258197, 10926.2623923049, 0.01020408163265306, 0.01020408163265306, 0.01020408163265306],
[27, 0.372491397, 10909.348414291093, 0.0, 0.014285714285714285, 0.015306122448979591],
[28, 0.385151997, 10926.287606372347, 0.01020408163265306, 0.00816326530612245, 0.01020408163265306],
[29, 0.397439296, 10909.31351655154, 0.01020408163265306, 0.01020408163265306, 0.01020408163265306],
[30, 0.410354796, 10926.305519688922, 0.0, 0.0, 0.006122448979591836],
[31, 0.423993797, 10909.325923278795, 0.0, 0.0020408163265306124, 0.009183673469387756],
[32, 0.452815197, 10926.309864196692, 0.02040816326530612, 0.012244897959183673, 0.015306122448979591],
[33, 0.466320097, 10909.30339919671, 0.01020408163265306, 0.006122448979591836, 0.009183673469387756],
[34, 0.479712397, 10926.332458251109, 0.0, 0.00816326530612245, 0.01020408163265306],
[35, 0.493176198, 10909.287398120328, 0.0, 0.004081632653061225, 0.007142857142857143],
[36, 0.506046697, 10926.352151068435, 0.0, 0.004081632653061225, 0.004081632653061225],
[37, 0.519191398, 10909.262196557665, 0.0, 0.012244897959183673, 0.01020408163265306],
[38, 0.5319877980000001, 10926.363276810942, 0.030612244897959183, 0.012244897959183673, 0.01020408163265306],
[39, 0.5445519980000001, 10909.24331131289, 0.030612244897959183, 0.014285714285714285, 0.0163265306122449],
[40, 0.5574985980000001, 10926.399660981155, 0.01020408163265306, 0.004081632653061225, 0.011224489795918368],
[41, 0.5711026990000001, 10909.210423880271, 0.01020408163265306, 0.00816326530612245, 0.00816326530612245],
[42, 0.5881586990000001, 10926.436139411931, 0.0, 0.01020408163265306, 0.009183673469387756],
[43, 0.600963499, 10909.168313003385, 0.0, 0.02040816326530612, 0.015306122448979591],
[44, 0.6147123, 10926.470952390491, 0.0, 0.006122448979591836, 0.00816326530612245],
[45, 0.6280542, 10909.158199288766, 0.01020408163265306, 0.01020408163265306, 0.011224489795918368],
[46, 0.6409413, 10926.486755825093, 0.0, 0.012244897959183673, 0.011224489795918368],
[47, 0.6531029, 10909.126050609426, 0.0, 0.014285714285714285, 0.014285714285714285],
[48, 0.6659917000000001, 10926.519886252381, 0.02040816326530612, 0.01020408163265306, 0.00816326530612245],
[49, 0.6789687010000001, 10909.097943780334, 0.01020408163265306, 0.012244897959183673, 0.01020408163265306],
[50, 0.6913981010000001, 10926.549406538714, 0.01020408163265306, 0.0163265306122449, 0.01020408163265306],
[51, 0.7063588010000001, 10909.064922923753, 0.0, 0.00816326530612245, 0.011224489795918368],
[52, 0.7188198010000002, 10926.573151772178, 0.0, 0.00816326530612245, 0.011224489795918368],
[53, 0.7320652000000002, 10909.044819473855, 0.030612244897959183, 0.018367346938775512, 0.012244897959183673],
[54, 0.7448631000000002, 10926.584110731532, 0.02040816326530612, 0.006122448979591836, 0.00510204081632653],
[55, 0.7584957000000002, 10909.045751043246, 0.02040816326530612, 0.006122448979591836, 0.00816326530612245],
[56, 0.7714083000000003, 10926.594150908246, 0.0, 0.0020408163265306124, 0.007142857142857143],
[57, 0.7842526000000003, 10909.033168408028, 0.0, 0.02040816326530612, 0.018367346938775512],
[58, 0.7972617000000003, 10926.617838742495, 0.01020408163265306, 0.014285714285714285, 0.014285714285714285],
[59, 0.8107633010000003, 10908.99690750778, 0.02040816326530612, 0.004081632653061225, 0.007142857142857143],
[60, 0.8245505010000003, 10926.626885220185, 0.01020408163265306, 0.004081632653061225, 0.009183673469387756],
[61, 0.8373655010000003, 10909.014963868694, 0.02040816326530612, 0.01020408163265306, 0.00816326530612245],
[62, 0.8500967010000003, 10926.625379337289, 0.0, 0.006122448979591836, 0.011224489795918368],
[63, 0.8635521010000003, 10908.989793062088, 0.01020408163265306, 0.00816326530612245, 0.012244897959183673],
[64, 0.8763566010000003, 10926.644787884057, 0.01020408163265306, 0.006122448979591836, 0.00816326530612245],
[65, 0.8900887010000004, 10908.9771283785, 0.02040816326530612, 0.01020408163265306, 0.011224489795918368],
[66, 0.9028699010000004, 10926.658989807984, 0.02040816326530612, 0.0163265306122449, 0.012244897959183673],
[67, 0.9159414010000004, 10908.971519730494, 0.01020408163265306, 0.014285714285714285, 0.015306122448979591],
[68, 0.9278212010000004, 10926.666470286502, 0.01020408163265306, 0.018367346938775512, 0.011224489795918368],
[69, 0.9406010010000004, 10908.954910797944, 0.01020408163265306, 0.006122448979591836, 0.007142857142857143],
[70, 0.9538653010000004, 10926.684724075767, 0.01020408163265306, 0.018367346938775512, 0.01326530612244898],
[71, 0.9665331020000004, 10908.949229527032, 0.0, 0.0163265306122449, 0.015306122448979591],
[72, 0.9804623020000004, 10926.70825331471, 0.0, 0.012244897959183673, 0.012244897959183673],
[73, 1.0071144010000004, 10908.92456356905, 0.02040816326530612, 0.01020408163265306, 0.011224489795918368],
[74, 1.0198009010000004, 10926.722645542366, 0.0, 0.014285714285714285, 0.01326530612244898],
[75, 1.0343342000000004, 10908.912057332383, 0.02040816326530612, 0.006122448979591836, 0.009183673469387756],
[76, 1.0471279000000004, 10926.728349331104, 0.0, 0.014285714285714285, 0.014285714285714285],
[77, 1.0607679000000005, 10908.899497512426, 0.01020408163265306, 0.014285714285714285, 0.01326530612244898],
[78, 1.0748687000000006, 10926.752506242805, 0.02040816326530612, 0.004081632653061225, 0.011224489795918368],
[79, 1.0875985990000006, 10908.879292486421, 0.0, 0.01020408163265306, 0.007142857142857143],
[80, 1.1008669980000005, 10926.750654587253, 0.01020408163265306, 0.0020408163265306124, 0.004081632653061225],
[81, 1.1139151980000006, 10908.88867199997, 0.0, 0.006122448979591836, 0.009183673469387756],
[82, 1.1265168990000005, 10926.756938543203, 0.01020408163265306, 0.01020408163265306, 0.007142857142857143],
[83, 1.1404967980000005, 10908.873576694792, 0.01020408163265306, 0.02040816326530612, 0.01326530612244898],
[84, 1.1537587980000006, 10926.778687188245, 0.0, 0.006122448979591836, 0.01326530612244898],
[85, 1.1672672990000006, 10908.856594426865, 0.01020408163265306, 0.014285714285714285, 0.011224489795918368],
[86, 1.1808027990000005, 10926.790989661396, 0.01020408163265306, 0.00816326530612245, 0.00510204081632653],
[87, 1.1936578980000006, 10908.835822889274, 0.02040816326530612, 0.014285714285714285, 0.01020408163265306],
[88, 1.2071605990000005, 10926.810314230037, 0.01020408163265306, 0.004081632653061225, 0.00510204081632653],
[89, 1.2199763980000005, 10908.821731541557, 0.01020408163265306, 0.004081632653061225, 0.007142857142857143],
[90, 1.2333314980000005, 10926.816463648713, 0.02040816326530612, 0.02040816326530612, 0.01326530612244898],
[91, 1.2460630990000006, 10908.806556936599, 0.01020408163265306, 0.006122448979591836, 0.00510204081632653],
[92, 1.2595746980000007, 10926.834276280884, 0.0, 0.01020408163265306, 0.01020408163265306],
[93, 1.2730247980000007, 10908.819465905748, 0.02040816326530612, 0.02040816326530612, 0.015306122448979591],
[94, 1.2856303980000008, 10926.81729457876, 0.0, 0.00816326530612245, 0.012244897959183673],
[95, 1.3003797980000007, 10908.822279282569, 0.0, 0.004081632653061225, 0.00816326530612245],
[96, 1.3130616980000007, 10926.832983101463, 0.02040816326530612, 0.006122448979591836, 0.00816326530612245],
[97, 1.3269322990000008, 10908.793930201842, 0.0, 0.014285714285714285, 0.01020408163265306],
[98, 1.3399825980000009, 10926.854495686195, 0.02040816326530612, 0.012244897959183673, 0.01020408163265306],
[99, 1.3528180980000009, 10908.79137897189, 0.0, 0.00816326530612245, 0.01326530612244898],
[100, 1.3649268980000009, 10926.86534373892, 0.030612244897959183, 0.014285714285714285, 0.012244897959183673],
[101, 1.3781025980000008, 10908.774973691081, 0.01020408163265306, 0.00816326530612245, 0.00816326530612245],
[102, 1.3909395990000009, 10926.874758301457, 0.01020408163265306, 0.01020408163265306, 0.011224489795918368],
[103, 1.403709799000001, 10908.767875663887, 0.02040816326530612, 0.018367346938775512, 0.015306122448979591],
[104, 1.4193498990000009, 10926.886937203084, 0.01020408163265306, 0.00816326530612245, 0.01020408163265306],
[105, 1.4326439990000008, 10908.757453330645, 0.01020408163265306, 0.01020408163265306, 0.015306122448979591],
[106, 1.4454504990000008, 10926.888623537987, 0.01020408163265306, 0.00816326530612245, 0.011224489795918368],
[107, 1.4589131980000007, 10908.750605436484, 0.01020408163265306, 0.012244897959183673, 0.017346938775510204],
[108, 1.4719391970000006, 10926.894143002652, 0.0, 0.006122448979591836, 0.00816326530612245],
[109, 1.4859153960000007, 10908.742863446076, 0.01020408163265306, 0.00816326530612245, 0.009183673469387756],
[110, 1.4983609960000006, 10926.906205618725, 0.0, 0.018367346938775512, 0.01326530612244898],
[111, 1.5111567950000007, 10908.741426142891, 0.02040816326530612, 0.014285714285714285, 0.011224489795918368],
[112, 1.5242237950000006, 10926.911034974288, 0.0, 0.00816326530612245, 0.007142857142857143],
[113, 1.5390220950000006, 10908.734855196657, 0.01020408163265306, 0.012244897959183673, 0.007142857142857143],
[114, 1.5568415960000006, 10926.936214330874, 0.02040816326530612, 0.018367346938775512, 0.012244897959183673],
[115, 1.5695671960000006, 10908.70387910632, 0.0, 0.01020408163265306, 0.007142857142857143],
[116, 1.5832452960000005, 10926.951464947566, 0.030612244897959183, 0.0163265306122449, 0.01326530612244898],
[117, 1.5965349960000006, 10908.682967519777, 0.01020408163265306, 0.012244897959183673, 0.00816326530612245],
[118, 1.6098543960000007, 10926.969135981331, 0.0, 0.00816326530612245, 0.004081632653061225],
[119, 1.6243142950000007, 10908.677671264539, 0.01020408163265306, 0.00816326530612245, 0.011224489795918368],
[120, 1.6378512950000006, 10926.986396246373, 0.0, 0.014285714285714285, 0.011224489795918368],
[121, 1.6514977950000005, 10908.677928850862, 0.01020408163265306, 0.0163265306122449, 0.01326530612244898],
