rank: 30, ratio of 0 vs 1: 3, lambda:6, learning_rate: 0.15
iter time objective_function precision@K = 1, 5, 10
[0,11312.704385952433, 0.0 0.01020408163265306 0.009183673469387756],
[1, 0.01401, 11190.801301172947, 0.01020408163265306, 0.01020408163265306, 0.011224489795918368],
[2, 0.027210601, 11126.928732115308, 0.01020408163265306, 0.012244897959183673, 0.0163265306122449],
[3, 0.039556401000000005, 11079.600673843734, 0.02040816326530612, 0.00816326530612245, 0.011224489795918368],
[4, 0.054315800000000004, 11042.366354121763, 0.02040816326530612, 0.014285714285714285, 0.014285714285714285],
[5, 0.06810820100000001, 11012.951477287477, 0.01020408163265306, 0.01020408163265306, 0.01020408163265306],
[6, 0.082057001, 10989.416115323878, 0.01020408163265306, 0.00816326530612245, 0.007142857142857143],
[7, 0.094704702, 10970.675200821144, 0.01020408163265306, 0.00816326530612245, 0.00510204081632653],
[8, 0.107418102, 10955.607130380493, 0.0, 0.00816326530612245, 0.00816326530612245],
[9, 0.120591502, 10943.598135035889, 0.01020408163265306, 0.006122448979591836, 0.006122448979591836],
[10, 0.133916903, 10933.902862295188, 0.0, 0.00816326530612245, 0.00510204081632653],
[11, 0.147582002, 10926.272674031687, 0.01020408163265306, 0.00816326530612245, 0.00510204081632653],
[12, 0.160917403, 10920.098497894318, 0.01020408163265306, 0.006122448979591836, 0.00510204081632653],
[13, 0.174905603, 10915.169627584954, 0.01020408163265306, 0.00816326530612245, 0.00510204081632653],
[14, 0.188262704, 10911.252266753752, 0.01020408163265306, 0.00816326530612245, 0.006122448979591836],
[15, 0.201588603, 10908.119340117079, 0.01020408163265306, 0.00816326530612245, 0.00510204081632653],
[16, 0.214374603, 10905.566510595592, 0.0, 0.00816326530612245, 0.006122448979591836],
[17, 0.226833303, 10903.574579035496, 0.0, 0.00816326530612245, 0.006122448979591836],
[18, 0.24004130299999998, 10901.97049547997, 0.01020408163265306, 0.00816326530612245, 0.00510204081632653],
[19, 0.253367003, 10900.628263613075, 0.0, 0.00816326530612245, 0.006122448979591836],
[20, 0.266809403, 10899.604719750823, 0.01020408163265306, 0.00816326530612245, 0.007142857142857143],
[21, 0.279390603, 10898.823598089115, 0.01020408163265306, 0.00816326530612245, 0.006122448979591836],
[22, 0.292119703, 10898.13789492308, 0.01020408163265306, 0.00816326530612245, 0.006122448979591836],
[23, 0.305027003, 10897.57071087255, 0.01020408163265306, 0.00816326530612245, 0.006122448979591836],
[24, 0.317785603, 10897.209790265388, 0.01020408163265306, 0.00816326530612245, 0.007142857142857143],
[25, 0.33115180400000005, 10896.820650402411, 0.01020408163265306, 0.00816326530612245, 0.007142857142857143],
[26, 0.34489110400000006, 10896.526342116069, 0.01020408163265306, 0.00816326530612245, 0.007142857142857143],
[27, 0.35919900500000007, 10896.38441085565, 0.01020408163265306, 0.00816326530612245, 0.007142857142857143],
[28, 0.37250580400000005, 10896.149478539623, 0.01020408163265306, 0.00816326530612245, 0.007142857142857143],
[29, 0.385284404, 10896.060608282474, 0.01020408163265306, 0.00816326530612245, 0.007142857142857143],
[30, 0.398367605, 10895.95436816653, 0.01020408163265306, 0.00816326530612245, 0.007142857142857143],
[31, 0.411514205, 10895.855836839943, 0.01020408163265306, 0.00816326530612245, 0.007142857142857143],
[32, 0.425598705, 10895.763864734019, 0.01020408163265306, 0.00816326530612245, 0.007142857142857143],
[33, 0.451976105, 10895.717229551956, 0.01020408163265306, 0.00816326530612245, 0.007142857142857143],
[34, 0.464888705, 10895.682557026059, 0.01020408163265306, 0.00816326530612245, 0.007142857142857143],
[35, 0.477362805, 10895.618757894248, 0.01020408163265306, 0.00816326530612245, 0.007142857142857143],
[36, 0.490947105, 10895.571852069883, 0.01020408163265306, 0.00816326530612245, 0.007142857142857143],
[37, 0.503670704, 10895.542351310809, 0.01020408163265306, 0.00816326530612245, 0.007142857142857143],
[38, 0.516686604, 10895.543399206472, 0.01020408163265306, 0.00816326530612245, 0.007142857142857143],
[39, 0.529576004, 10895.534732460503, 0.01020408163265306, 0.00816326530612245, 0.007142857142857143],
[40, 0.542677904, 10895.494376819297, 0.01020408163265306, 0.00816326530612245, 0.007142857142857143],
[41, 0.555482504, 10895.49461058879, 0.01020408163265306, 0.00816326530612245, 0.007142857142857143],
[42, 0.568286104, 10895.48757574306, 0.01020408163265306, 0.00816326530612245, 0.007142857142857143],
[43, 0.582254904, 10895.49978476031, 0.01020408163265306, 0.00816326530612245, 0.007142857142857143],
[44, 0.595056605, 10895.475582083644, 0.01020408163265306, 0.00816326530612245, 0.007142857142857143],
[45, 0.608526805, 10895.493102514238, 0.01020408163265306, 0.00816326530612245, 0.007142857142857143],
[46, 0.621297205, 10895.467681816668, 0.01020408163265306, 0.00816326530612245, 0.007142857142857143],
[47, 0.634366005, 10895.483338552232, 0.01020408163265306, 0.00816326530612245, 0.007142857142857143],
[48, 0.647523605, 10895.470682372787, 0.01020408163265306, 0.00816326530612245, 0.007142857142857143],
[49, 0.6601780049999999, 10895.514180280948, 0.01020408163265306, 0.00816326530612245, 0.007142857142857143],
[50, 0.673910905, 10895.479026573461, 0.01020408163265306, 0.00816326530612245, 0.007142857142857143],
[51, 0.687499605, 10895.483208782993, 0.01020408163265306, 0.00816326530612245, 0.007142857142857143],
[52, 0.701824805, 10895.464673098213, 0.01020408163265306, 0.00816326530612245, 0.007142857142857143],
[53, 0.715037605, 10895.513612614664, 0.01020408163265306, 0.00816326530612245, 0.007142857142857143],
[54, 0.728198405, 10895.453786825141, 0.01020408163265306, 0.00816326530612245, 0.007142857142857143],
[55, 0.740985305, 10895.506294797653, 0.01020408163265306, 0.00816326530612245, 0.007142857142857143],
[56, 0.753250304, 10895.500704984199, 0.01020408163265306, 0.00816326530612245, 0.007142857142857143],
[57, 0.766469304, 10895.475735095286, 0.01020408163265306, 0.00816326530612245, 0.007142857142857143],
[58, 0.779338404, 10895.458566561729, 0.01020408163265306, 0.00816326530612245, 0.007142857142857143],
[59, 0.792583104, 10895.44799124674, 0.01020408163265306, 0.00816326530612245, 0.007142857142857143],
[60, 0.805578304, 10895.45821571586, 0.01020408163265306, 0.00816326530612245, 0.007142857142857143],
[61, 0.8190513039999999, 10895.473842382391, 0.01020408163265306, 0.00816326530612245, 0.007142857142857143],
[62, 0.8317470039999999, 10895.460816308627, 0.01020408163265306, 0.00816326530612245, 0.007142857142857143],
[63, 0.8446247029999999, 10895.486358768587, 0.01020408163265306, 0.00816326530612245, 0.007142857142857143],
[64, 0.8586100029999999, 10895.462811087922, 0.01020408163265306, 0.00816326530612245, 0.007142857142857143],
[65, 0.8715027029999999, 10895.466570409038, 0.01020408163265306, 0.00816326530612245, 0.007142857142857143],
[66, 0.8852587029999999, 10895.509371276821, 0.01020408163265306, 0.00816326530612245, 0.007142857142857143],
[67, 0.8988061029999999, 10895.503406283267, 0.01020408163265306, 0.00816326530612245, 0.007142857142857143],
[68, 0.9123566039999998, 10895.46015167693, 0.01020408163265306, 0.00816326530612245, 0.007142857142857143],
[69, 0.9262705049999999, 10895.481860122862, 0.01020408163265306, 0.00816326530612245, 0.007142857142857143],
[70, 0.9416167049999998, 10895.49347258349, 0.01020408163265306, 0.00816326530612245, 0.007142857142857143],
[71, 0.9554740049999998, 10895.480777635878, 0.01020408163265306, 0.00816326530612245, 0.007142857142857143],
[72, 0.9694232049999998, 10895.469019595497, 0.01020408163265306, 0.00816326530612245, 0.007142857142857143],
[73, 0.9830206039999998, 10895.463306439986, 0.01020408163265306, 0.00816326530612245, 0.007142857142857143],
[74, 1.0030134039999998, 10895.482927291481, 0.01020408163265306, 0.00816326530612245, 0.007142857142857143],
[75, 1.0160933039999998, 10895.47701993881, 0.01020408163265306, 0.00816326530612245, 0.007142857142857143],
[76, 1.0297281029999998, 10895.454075947828, 0.01020408163265306, 0.00816326530612245, 0.007142857142857143],
[77, 1.0422415029999998, 10895.482970609994, 0.01020408163265306, 0.00816326530612245, 0.007142857142857143],
[78, 1.0550544029999998, 10895.464368315957, 0.01020408163265306, 0.00816326530612245, 0.007142857142857143],
[79, 1.0683594019999998, 10895.493642858075, 0.01020408163265306, 0.00816326530612245, 0.007142857142857143],
[80, 1.0811402019999998, 10895.486160124286, 0.01020408163265306, 0.00816326530612245, 0.007142857142857143],
[81, 1.0945716019999998, 10895.471211530079, 0.01020408163265306, 0.00816326530612245, 0.007142857142857143],
[82, 1.1084343019999998, 10895.463166487136, 0.01020408163265306, 0.00816326530612245, 0.007142857142857143],
[83, 1.1220509029999999, 10895.511345292236, 0.01020408163265306, 0.00816326530612245, 0.007142857142857143],
[84, 1.1345329039999998, 10895.489193936422, 0.01020408163265306, 0.00816326530612245, 0.007142857142857143],
[85, 1.1471880049999998, 10895.48277490892, 0.01020408163265306, 0.00816326530612245, 0.007142857142857143],
[86, 1.1606978049999999, 10895.486231679522, 0.01020408163265306, 0.00816326530612245, 0.007142857142857143],
[87, 1.1738405049999998, 10895.474401734922, 0.01020408163265306, 0.00816326530612245, 0.007142857142857143],
[88, 1.186849704, 10895.456303359342, 0.01020408163265306, 0.00816326530612245, 0.007142857142857143],
[89, 1.200098803, 10895.484435046044, 0.01020408163265306, 0.00816326530612245, 0.007142857142857143],
[90, 1.213952503, 10895.486622410519, 0.01020408163265306, 0.00816326530612245, 0.007142857142857143],
[91, 1.227305404, 10895.489190612549, 0.01020408163265306, 0.00816326530612245, 0.007142857142857143],
[92, 1.241033904, 10895.484636939244, 0.01020408163265306, 0.00816326530612245, 0.007142857142857143],
[93, 1.254763604, 10895.47991378923, 0.01020408163265306, 0.00816326530612245, 0.007142857142857143],
[94, 1.2680160040000001, 10895.498923915342, 0.01020408163265306, 0.00816326530612245, 0.007142857142857143],
[95, 1.2804409040000002, 10895.459375059801, 0.01020408163265306, 0.00816326530612245, 0.007142857142857143],
[96, 1.2946227040000002, 10895.475318691211, 0.01020408163265306, 0.00816326530612245, 0.007142857142857143],
[97, 1.3091770040000001, 10895.477263634686, 0.01020408163265306, 0.00816326530612245, 0.007142857142857143],
[98, 1.3252107030000002, 10895.488321427487, 0.01020408163265306, 0.00816326530612245, 0.007142857142857143],
[99, 1.3391222030000003, 10895.497867621852, 0.01020408163265306, 0.00816326530612245, 0.007142857142857143],
[100, 1.3521108030000002, 10895.43330528679, 0.01020408163265306, 0.00816326530612245, 0.007142857142857143],
[101, 1.3662625030000002, 10895.46984285603, 0.01020408163265306, 0.00816326530612245, 0.007142857142857143],
[102, 1.3790851020000001, 10895.476072273934, 0.01020408163265306, 0.00816326530612245, 0.007142857142857143],
[103, 1.391793802, 10895.445046536193, 0.01020408163265306, 0.00816326530612245, 0.007142857142857143],
[104, 1.406904602, 10895.479757858793, 0.01020408163265306, 0.00816326530612245, 0.007142857142857143],
[105, 1.421353002, 10895.475977694332, 0.01020408163265306, 0.00816326530612245, 0.007142857142857143],
[106, 1.434694401, 10895.471509210309, 0.01020408163265306, 0.00816326530612245, 0.007142857142857143],
[107, 1.448308001, 10895.492117472062, 0.01020408163265306, 0.00816326530612245, 0.007142857142857143],
[108, 1.461605501, 10895.498921210314, 0.01020408163265306, 0.00816326530612245, 0.007142857142857143],
[109, 1.4748063009999999, 10895.499817219768, 0.01020408163265306, 0.00816326530612245, 0.007142857142857143],
[110, 1.4879723009999999, 10895.509994499384, 0.01020408163265306, 0.00816326530612245, 0.007142857142857143],
[111, 1.5013291009999998, 10895.468913888562, 0.01020408163265306, 0.00816326530612245, 0.007142857142857143],
[112, 1.5148004999999998, 10895.47174862153, 0.01020408163265306, 0.00816326530612245, 0.007142857142857143],
[113, 1.5279962999999999, 10895.470168754864, 0.01020408163265306, 0.00816326530612245, 0.007142857142857143],
[114, 1.5412792, 10895.500769550836, 0.01020408163265306, 0.00816326530612245, 0.007142857142857143],
[115, 1.569637301, 10895.485238298834, 0.01020408163265306, 0.00816326530612245, 0.007142857142857143],
[116, 1.582268902, 10895.469928763017, 0.01020408163265306, 0.00816326530612245, 0.007142857142857143],
[117, 1.595503701, 10895.50441414539, 0.01020408163265306, 0.00816326530612245, 0.007142857142857143],
[118, 1.6087076009999999, 10895.43536678129, 0.01020408163265306, 0.00816326530612245, 0.007142857142857143],
[119, 1.6214688, 10895.476803230986, 0.01020408163265306, 0.00816326530612245, 0.007142857142857143],
[120, 1.6342618999999998, 10895.459677720117, 0.01020408163265306, 0.00816326530612245, 0.007142857142857143],
[121, 1.6476065999999998, 10895.473472285326, 0.01020408163265306, 0.00816326530612245, 0.007142857142857143],
