rank: 30, ratio of 0 vs 1: 3, lambda:11, learning_rate: 0.15
iter time objective_function precision@K = 1, 5, 10
[0,11741.395847308395, 0.0 0.01020408163265306 0.009183673469387756],
[1, 0.014083899, 11394.769347794889, 0.02040816326530612, 0.0163265306122449, 0.011224489795918368],
[2, 0.027314199, 11163.619498059068, 0.0, 0.02040816326530612, 0.01326530612244898],
[3, 0.040074499, 10945.11237664434, 0.01020408163265306, 0.00816326530612245, 0.009183673469387756],
[4, 0.053095698999999996, 10867.752294023574, 0.01020408163265306, 0.01020408163265306, 0.01020408163265306],
[5, 0.068512699, 10923.071298553386, 0.0, 0.00816326530612245, 0.01020408163265306],
[6, 0.084250599, 10858.386875641341, 0.01020408163265306, 0.0163265306122449, 0.015306122448979591],
[7, 0.09657679899999999, 10913.174938940236, 0.01020408163265306, 0.006122448979591836, 0.007142857142857143],
[8, 0.10929059899999999, 10851.108812768382, 0.0, 0.012244897959183673, 0.014285714285714285],
[9, 0.12269249899999998, 10903.101577255395, 0.01020408163265306, 0.01020408163265306, 0.011224489795918368],
[10, 0.13623709999999997, 10844.9236349207, 0.01020408163265306, 0.014285714285714285, 0.011224489795918368],
[11, 0.14984269999999997, 10893.952059945126, 0.0, 0.012244897959183673, 0.009183673469387756],
[12, 0.16356539999999997, 10839.345420945709, 0.01020408163265306, 0.014285714285714285, 0.009183673469387756],
[13, 0.17632019999999998, 10885.224561809384, 0.01020408163265306, 0.018367346938775512, 0.015306122448979591],
[14, 0.19188719999999998, 10834.984667396418, 0.01020408163265306, 0.018367346938775512, 0.0163265306122449],
[15, 0.20470249999999998, 10877.127315964028, 0.01020408163265306, 0.0163265306122449, 0.0163265306122449],
[16, 0.21765149999999997, 10830.676731075608, 0.02040816326530612, 0.012244897959183673, 0.01326530612244898],
[17, 0.23110330099999998, 10870.16610258736, 0.01020408163265306, 0.012244897959183673, 0.012244897959183673],
[18, 0.24368210099999998, 10826.869014735646, 0.0, 0.00816326530612245, 0.007142857142857143],
[19, 0.2561948, 10863.25280906666, 0.01020408163265306, 0.012244897959183673, 0.014285714285714285],
[20, 0.269768801, 10823.500971084526, 0.0, 0.018367346938775512, 0.012244897959183673],
[21, 0.282058301, 10857.45844883051, 0.01020408163265306, 0.014285714285714285, 0.015306122448979591],
[22, 0.2947896, 10820.696040699346, 0.02040816326530612, 0.006122448979591836, 0.012244897959183673],
[23, 0.3075176, 10851.528859498969, 0.0, 0.00816326530612245, 0.00816326530612245],
[24, 0.324596401, 10818.392459900697, 0.02040816326530612, 0.012244897959183673, 0.009183673469387756],
[25, 0.337255001, 10846.517148067749, 0.01020408163265306, 0.012244897959183673, 0.00816326530612245],
[26, 0.350665502, 10816.148138911107, 0.02040816326530612, 0.01020408163265306, 0.011224489795918368],
[27, 0.36482400200000004, 10841.570081887936, 0.01020408163265306, 0.012244897959183673, 0.00816326530612245],
[28, 0.38186220200000004, 10814.158094924373, 0.01020408163265306, 0.00816326530612245, 0.01020408163265306],
[29, 0.394330202, 10837.539706912023, 0.0, 0.012244897959183673, 0.01326530612244898],
[30, 0.42116630200000005, 10812.512763020288, 0.01020408163265306, 0.00816326530612245, 0.009183673469387756],
[31, 0.4349776020000001, 10833.316474708787, 0.02040816326530612, 0.01020408163265306, 0.009183673469387756],
[32, 0.44757170200000007, 10811.03702722104, 0.0, 0.0020408163265306124, 0.003061224489795918],
[33, 0.46062650200000005, 10829.969199085277, 0.01020408163265306, 0.012244897959183673, 0.015306122448979591],
[34, 0.47349430300000006, 10809.648177556564, 0.0, 0.006122448979591836, 0.006122448979591836],
[35, 0.48665100200000005, 10826.566997129607, 0.0, 0.0020408163265306124, 0.009183673469387756],
[36, 0.49943030200000005, 10808.514350028432, 0.01020408163265306, 0.012244897959183673, 0.00816326530612245],
[37, 0.513300101, 10823.824667915353, 0.0, 0.0020408163265306124, 0.011224489795918368],
[38, 0.526337201, 10807.285894374027, 0.0, 0.01020408163265306, 0.009183673469387756],
[39, 0.5394643020000001, 10821.030622705539, 0.0, 0.006122448979591836, 0.007142857142857143],
[40, 0.5552517010000001, 10806.330577112625, 0.01020408163265306, 0.004081632653061225, 0.007142857142857143],
[41, 0.5692407010000001, 10818.851445241226, 0.01020408163265306, 0.004081632653061225, 0.00510204081632653],
[42, 0.5824239010000001, 10805.345018063184, 0.02040816326530612, 0.00816326530612245, 0.01020408163265306],
[43, 0.596815701, 10816.521555746338, 0.030612244897959183, 0.018367346938775512, 0.012244897959183673],
[44, 0.609924001, 10804.655748630887, 0.0, 0.014285714285714285, 0.0163265306122449],
[45, 0.624781601, 10814.696348323683, 0.02040816326530612, 0.012244897959183673, 0.012244897959183673],
[46, 0.637071401, 10803.844844629219, 0.01020408163265306, 0.014285714285714285, 0.0163265306122449],
[47, 0.6505286, 10812.797162592125, 0.0, 0.01020408163265306, 0.01020408163265306],
[48, 0.663707, 10803.261169117271, 0.04081632653061224, 0.024489795918367346, 0.02142857142857143],
[49, 0.679987501, 10811.37307554741, 0.02040816326530612, 0.01020408163265306, 0.011224489795918368],
[50, 0.693165001, 10802.519764861336, 0.02040816326530612, 0.0163265306122449, 0.012244897959183673],
[51, 0.705532901, 10809.855907715642, 0.01020408163265306, 0.006122448979591836, 0.009183673469387756],
[52, 0.718479202, 10802.077504476796, 0.0, 0.006122448979591836, 0.007142857142857143],
[53, 0.7315591020000001, 10808.690653169688, 0.0, 0.00816326530612245, 0.01326530612244898],
[54, 0.744917102, 10801.451428987306, 0.0, 0.01020408163265306, 0.012244897959183673],
[55, 0.758869903, 10807.470037654683, 0.01020408163265306, 0.0020408163265306124, 0.009183673469387756],
[56, 0.773467602, 10801.057562702383, 0.04081632653061224, 0.02040816326530612, 0.017346938775510204],
[57, 0.7865040019999999, 10806.53938716507, 0.0, 0.018367346938775512, 0.015306122448979591],
[58, 0.7993671029999999, 10800.52405392255, 0.0, 0.012244897959183673, 0.014285714285714285],
[59, 0.8136905039999999, 10805.562719673633, 0.01020408163265306, 0.004081632653061225, 0.014285714285714285],
[60, 0.8281375039999999, 10800.225291520532, 0.0, 0.014285714285714285, 0.01020408163265306],
[61, 0.8416113039999998, 10804.783539092503, 0.01020408163265306, 0.01020408163265306, 0.01020408163265306],
[62, 0.8553865039999998, 10799.796182709571, 0.02040816326530612, 0.006122448979591836, 0.006122448979591836],
[63, 0.8690796049999998, 10803.978655120887, 0.01020408163265306, 0.012244897959183673, 0.014285714285714285],
[64, 0.8819500049999998, 10799.548976216922, 0.01020408163265306, 0.006122448979591836, 0.01020408163265306],
[65, 0.8954614049999997, 10803.355138691968, 0.01020408163265306, 0.006122448979591836, 0.011224489795918368],
[66, 0.9085103049999997, 10799.199574779374, 0.01020408163265306, 0.00816326530612245, 0.015306122448979591],
[67, 0.9215396049999998, 10802.694853645215, 0.01020408163265306, 0.0163265306122449, 0.017346938775510204],
[68, 0.9349017049999998, 10799.02368227581, 0.01020408163265306, 0.01020408163265306, 0.011224489795918368],
[69, 0.9486610049999998, 10802.165146108156, 0.01020408163265306, 0.00816326530612245, 0.01020408163265306],
[70, 0.9620674039999998, 10798.750793495055, 0.0, 0.00816326530612245, 0.00816326530612245],
[71, 0.9824876049999998, 10801.61073711094, 0.01020408163265306, 0.012244897959183673, 0.01020408163265306],
[72, 0.9957344049999998, 10798.616984118413, 0.030612244897959183, 0.0163265306122449, 0.015306122448979591],
[73, 1.0092638039999997, 10801.170813613393, 0.02040816326530612, 0.0163265306122449, 0.01326530612244898],
[74, 1.0211890039999998, 10798.387147636891, 0.01020408163265306, 0.024489795918367346, 0.015306122448979591],
[75, 1.0340282029999999, 10800.730104637807, 0.01020408163265306, 0.0163265306122449, 0.014285714285714285],
[76, 1.0505456029999998, 10798.282891659983, 0.0, 0.018367346938775512, 0.014285714285714285],
[77, 1.0638937029999997, 10800.366490486902, 0.02040816326530612, 0.014285714285714285, 0.01020408163265306],
[78, 1.0759684029999999, 10798.100214144086, 0.030612244897959183, 0.02040816326530612, 0.017346938775510204],
[79, 1.0889591029999999, 10799.999512750663, 0.01020408163265306, 0.014285714285714285, 0.012244897959183673],
[80, 1.1020695029999998, 10798.01361700204, 0.01020408163265306, 0.0163265306122449, 0.019387755102040816],
[81, 1.1156349019999998, 10799.706972792519, 0.01020408163265306, 0.012244897959183673, 0.01326530612244898],
[82, 1.1285405029999998, 10797.859369292479, 0.0, 0.00816326530612245, 0.0163265306122449],
[83, 1.1414406029999997, 10799.414551619162, 0.01020408163265306, 0.006122448979591836, 0.00816326530612245],
[84, 1.1551033029999997, 10797.79207730042, 0.01020408163265306, 0.0163265306122449, 0.01326530612244898],
[85, 1.1673757029999998, 10799.173328078012, 0.0, 0.00816326530612245, 0.007142857142857143],
[86, 1.1808164039999998, 10797.669284331485, 0.0, 0.0020408163265306124, 0.004081632653061225],
[87, 1.1940037039999998, 10798.930427557432, 0.01020408163265306, 0.012244897959183673, 0.015306122448979591],
[88, 1.2066016039999998, 10797.613341420667, 0.02040816326530612, 0.0163265306122449, 0.01326530612244898],
[89, 1.219374104, 10798.734644656624, 0.0, 0.014285714285714285, 0.012244897959183673],
[90, 1.232348703, 10797.509671546111, 0.02040816326530612, 0.012244897959183673, 0.014285714285714285],
[91, 1.245288704, 10798.542590821344, 0.030612244897959183, 0.0163265306122449, 0.014285714285714285],
[92, 1.2591521030000001, 10797.466058983533, 0.02040816326530612, 0.01020408163265306, 0.01020408163265306],
[93, 1.272311404, 10798.381198921203, 0.0, 0.006122448979591836, 0.00510204081632653],
[94, 1.286459604, 10797.383754327928, 0.01020408163265306, 0.0163265306122449, 0.015306122448979591],
[95, 1.299557704, 10798.220446694964, 0.01020408163265306, 0.012244897959183673, 0.012244897959183673],
[96, 1.3121678049999999, 10797.347594414689, 0.01020408163265306, 0.014285714285714285, 0.015306122448979591],
[97, 1.3255699049999998, 10798.091015702752, 0.01020408163265306, 0.0163265306122449, 0.0163265306122449],
[98, 1.3391698049999998, 10797.277785600647, 0.0, 0.004081632653061225, 0.00510204081632653],
[99, 1.3519532049999998, 10797.962904145725, 0.04081632653061224, 0.0163265306122449, 0.0163265306122449],
[100, 1.3651326049999999, 10797.24949388475, 0.030612244897959183, 0.02040816326530612, 0.01326530612244898],
[101, 1.378077206, 10797.856694706132, 0.030612244897959183, 0.018367346938775512, 0.01326530612244898],
[102, 1.3917469059999998, 10797.194527981075, 0.030612244897959183, 0.02040816326530612, 0.017346938775510204],
[103, 1.404557106, 10797.749479956783, 0.030612244897959183, 0.014285714285714285, 0.011224489795918368],
[104, 1.417245006, 10797.170789801521, 0.01020408163265306, 0.012244897959183673, 0.0163265306122449],
[105, 1.430401606, 10797.663651609942, 0.0, 0.014285714285714285, 0.011224489795918368],
[106, 1.4436039059999999, 10797.124278592684, 0.02040816326530612, 0.006122448979591836, 0.007142857142857143],
[107, 1.456307906, 10797.57872327268, 0.0, 0.012244897959183673, 0.01326530612244898],
[108, 1.4705561059999999, 10797.105562940944, 0.01020408163265306, 0.02040816326530612, 0.018367346938775512],
[109, 1.4844028049999998, 10797.508521280964, 0.01020408163265306, 0.00816326530612245, 0.014285714285714285],
[110, 1.4974998039999998, 10797.068746213425, 0.030612244897959183, 0.014285714285714285, 0.01020408163265306],
[111, 1.510759104, 10797.437102349872, 0.04081632653061224, 0.018367346938775512, 0.017346938775510204],
[112, 1.541357704, 10797.053571009395, 0.030612244897959183, 0.012244897959183673, 0.011224489795918368],
[113, 1.554541204, 10797.380620590187, 0.02040816326530612, 0.00816326530612245, 0.012244897959183673],
[114, 1.568024103, 10797.022149809842, 0.01020408163265306, 0.02040816326530612, 0.02040816326530612],
[115, 1.5807787039999999, 10797.32373563146, 0.0, 0.004081632653061225, 0.011224489795918368],
[116, 1.5937639039999998, 10797.010268519038, 0.02040816326530612, 0.014285714285714285, 0.015306122448979591],
[117, 1.6058681049999999, 10797.277598458415, 0.01020408163265306, 0.00816326530612245, 0.007142857142857143],
[118, 1.6192241049999998, 10796.985514140333, 0.02040816326530612, 0.006122448979591836, 0.004081632653061225],
[119, 1.6323129049999998, 10797.229719121606, 0.02040816326530612, 0.01020408163265306, 0.0163265306122449],
[120, 1.6453122049999998, 10796.975718856167, 0.02040816326530612, 0.02040816326530612, 0.015306122448979591],
[121, 1.6583908049999998, 10797.192624945314, 0.01020408163265306, 0.004081632653061225, 0.01020408163265306],
