rank: 30, ratio of 0 vs 1: 3, lambda:4, learning_rate: 0.15
iter time objective_function precision@K = 1, 5, 10
[0,11141.227801410048, 0.0 0.01020408163265306 0.009183673469387756],
[1, 0.015084999, 11082.737400565089, 0.0, 0.00816326530612245, 0.01020408163265306],
[2, 0.029845299, 11044.487412330156, 0.01020408163265306, 0.00816326530612245, 0.015306122448979591],
[3, 0.0436472, 11013.383218187291, 0.01020408163265306, 0.006122448979591836, 0.012244897959183673],
[4, 0.057159401, 10985.359011601397, 0.01020408163265306, 0.012244897959183673, 0.012244897959183673],
[5, 0.071210802, 10959.740314732819, 0.0, 0.012244897959183673, 0.011224489795918368],
[6, 0.084380502, 10935.431641038535, 0.02040816326530612, 0.004081632653061225, 0.006122448979591836],
[7, 0.09862460199999999, 10912.486782351649, 0.0, 0.006122448979591836, 0.011224489795918368],
[8, 0.112205902, 10890.532448418358, 0.0, 0.006122448979591836, 0.009183673469387756],
[9, 0.126280603, 10869.723237080758, 0.01020408163265306, 0.004081632653061225, 0.004081632653061225],
[10, 0.140093303, 10849.830005620817, 0.01020408163265306, 0.00816326530612245, 0.00816326530612245],
[11, 0.153924902, 10832.047757477521, 0.0, 0.012244897959183673, 0.011224489795918368],
[12, 0.167477102, 10819.090691790254, 0.01020408163265306, 0.012244897959183673, 0.01020408163265306],
[13, 0.180954902, 10810.556637861768, 0.02040816326530612, 0.006122448979591836, 0.01020408163265306],
[14, 0.194299801, 10806.609435201532, 0.0, 0.004081632653061225, 0.00816326530612245],
[15, 0.208481101, 10804.144930669705, 0.0, 0.01020408163265306, 0.011224489795918368],
[16, 0.223070801, 10804.599404432322, 0.01020408163265306, 0.012244897959183673, 0.012244897959183673],
[17, 0.23802540000000003, 10803.33184621414, 0.01020408163265306, 0.00816326530612245, 0.007142857142857143],
[18, 0.2521064, 10803.866235570958, 0.0, 0.01020408163265306, 0.01020408163265306],
[19, 0.266251799, 10802.62991153644, 0.0, 0.014285714285714285, 0.01326530612244898],
[20, 0.280301799, 10803.226883666714, 0.0, 0.006122448979591836, 0.00816326530612245],
[21, 0.294106299, 10802.01418324209, 0.01020408163265306, 0.014285714285714285, 0.00816326530612245],
[22, 0.308201599, 10802.62777537287, 0.02040816326530612, 0.012244897959183673, 0.014285714285714285],
[23, 0.322360299, 10801.526140103797, 0.030612244897959183, 0.012244897959183673, 0.012244897959183673],
[24, 0.33544559900000004, 10802.109505503282, 0.0, 0.012244897959183673, 0.015306122448979591],
[25, 0.34947199900000003, 10800.982622381694, 0.01020408163265306, 0.01020408163265306, 0.009183673469387756],
[26, 0.364082899, 10801.631925673646, 0.01020408163265306, 0.012244897959183673, 0.011224489795918368],
[27, 0.37821819900000003, 10800.594590734632, 0.01020408163265306, 0.014285714285714285, 0.01326530612244898],
[28, 0.39235129900000004, 10801.199001743538, 0.0, 0.00816326530612245, 0.012244897959183673],
[29, 0.405934298, 10800.171302039762, 0.02040816326530612, 0.00816326530612245, 0.00816326530612245],
[30, 0.41923719800000003, 10800.78605708386, 0.01020408163265306, 0.00816326530612245, 0.012244897959183673],
[31, 0.43376639800000005, 10799.859022733875, 0.02040816326530612, 0.018367346938775512, 0.01326530612244898],
[32, 0.4473769980000001, 10800.43762006537, 0.01020408163265306, 0.00816326530612245, 0.006122448979591836],
[33, 0.46179119800000007, 10799.516283323597, 0.01020408163265306, 0.00816326530612245, 0.007142857142857143],
[34, 0.47570739800000006, 10800.080100271949, 0.01020408163265306, 0.006122448979591836, 0.01020408163265306],
[35, 0.48961569800000004, 10799.286125093911, 0.01020408163265306, 0.014285714285714285, 0.01326530612244898],
[36, 0.504091399, 10799.77838453253, 0.0, 0.006122448979591836, 0.007142857142857143],
[37, 0.518425599, 10799.000653915735, 0.02040816326530612, 0.004081632653061225, 0.009183673469387756],
[38, 0.531573899, 10799.487949046164, 0.0, 0.01020408163265306, 0.01020408163265306],
[39, 0.544681399, 10798.826709136221, 0.02040816326530612, 0.014285714285714285, 0.015306122448979591],
[40, 0.558755199, 10799.247296210335, 0.0, 0.012244897959183673, 0.01326530612244898],
[41, 0.588706099, 10798.583840270561, 0.01020408163265306, 0.006122448979591836, 0.009183673469387756],
[42, 0.602556598, 10799.00504114218, 0.02040816326530612, 0.01020408163265306, 0.00816326530612245],
[43, 0.6164554980000001, 10798.444831627205, 0.01020408163265306, 0.00816326530612245, 0.01326530612244898],
[44, 0.6301233980000001, 10798.80960903418, 0.0, 0.006122448979591836, 0.00510204081632653],
[45, 0.6431838990000001, 10798.243405738942, 0.01020408163265306, 0.006122448979591836, 0.00816326530612245],
[46, 0.6571927980000001, 10798.611623446977, 0.02040816326530612, 0.012244897959183673, 0.014285714285714285],
[47, 0.671201098, 10798.132821233332, 0.01020408163265306, 0.01020408163265306, 0.01326530612244898],
[48, 0.684964498, 10798.453261110726, 0.01020408163265306, 0.006122448979591836, 0.011224489795918368],
[49, 0.699271498, 10797.969066286429, 0.0, 0.01020408163265306, 0.012244897959183673],
[50, 0.712913599, 10798.29223832363, 0.01020408163265306, 0.022448979591836737, 0.017346938775510204],
[51, 0.726731999, 10797.884560514918, 0.04081632653061224, 0.0163265306122449, 0.01020408163265306],
[52, 0.739365199, 10798.161533860437, 0.01020408163265306, 0.006122448979591836, 0.01326530612244898],
[53, 0.7533674, 10797.756034426358, 0.02040816326530612, 0.00816326530612245, 0.00816326530612245],
[54, 0.766392299, 10798.026493149142, 0.030612244897959183, 0.01020408163265306, 0.01020408163265306],
[55, 0.7797244000000001, 10797.68289540619, 0.01020408163265306, 0.01020408163265306, 0.012244897959183673],
[56, 0.7920587010000001, 10797.917335872582, 0.01020408163265306, 0.01020408163265306, 0.012244897959183673],
[57, 0.8058690010000001, 10797.578501237707, 0.0, 0.004081632653061225, 0.007142857142857143],
[58, 0.8188609010000001, 10797.807296293275, 0.01020408163265306, 0.01020408163265306, 0.00816326530612245],
[59, 0.8319989000000001, 10797.521174566273, 0.01020408163265306, 0.00816326530612245, 0.009183673469387756],
[60, 0.8446491, 10797.716162060904, 0.030612244897959183, 0.0163265306122449, 0.01020408163265306],
[61, 0.8575559, 10797.439636390412, 0.030612244897959183, 0.012244897959183673, 0.00816326530612245],
[62, 0.8704016990000001, 10797.622908264284, 0.0, 0.004081632653061225, 0.00816326530612245],
[63, 0.8839880000000001, 10797.392238011926, 0.02040816326530612, 0.00816326530612245, 0.012244897959183673],
[64, 0.8974388000000001, 10797.54936470979, 0.04081632653061224, 0.018367346938775512, 0.015306122448979591],
[65, 0.9111931000000001, 10797.326297254305, 0.0, 0.012244897959183673, 0.015306122448979591],
[66, 0.9239872000000001, 10797.473118584567, 0.01020408163265306, 0.012244897959183673, 0.01020408163265306],
[67, 0.9386795000000001, 10797.287112510918, 0.030612244897959183, 0.012244897959183673, 0.01020408163265306],
[68, 0.9519818000000001, 10797.413997912457, 0.01020408163265306, 0.00816326530612245, 0.012244897959183673],
[69, 0.9656021000000001, 10797.233914922046, 0.0, 0.004081632653061225, 0.00816326530612245],
[70, 0.9790854990000001, 10797.350541589884, 0.0, 0.01020408163265306, 0.0163265306122449],
[71, 0.9933136000000001, 10797.202012273927, 0.01020408163265306, 0.012244897959183673, 0.01020408163265306],
[72, 1.0070992, 10797.30325501824, 0.02040816326530612, 0.022448979591836737, 0.02142857142857143],
[73, 1.0206722000000001, 10797.158646005466, 0.0, 0.0163265306122449, 0.018367346938775512],
[74, 1.0339245000000001, 10797.251201359039, 0.0, 0.006122448979591836, 0.009183673469387756],
[75, 1.0477102010000001, 10797.132388980654, 0.030612244897959183, 0.012244897959183673, 0.009183673469387756],
[76, 1.061630301, 10797.213267336203, 0.04081632653061224, 0.012244897959183673, 0.011224489795918368],
[77, 1.0742700010000001, 10797.097060862172, 0.0, 0.006122448979591836, 0.011224489795918368],
[78, 1.087244802, 10797.170395109231, 0.030612244897959183, 0.018367346938775512, 0.0163265306122449],
[79, 1.100478302, 10797.075998214954, 0.02040816326530612, 0.0163265306122449, 0.01326530612244898],
[80, 1.113815301, 10797.139503707614, 0.02040816326530612, 0.014285714285714285, 0.0163265306122449],
[81, 1.1273161010000001, 10797.047100770978, 0.0, 0.012244897959183673, 0.01326530612244898],
[82, 1.153196601, 10797.104702416242, 0.0, 0.012244897959183673, 0.00816326530612245],
[83, 1.166920101, 10797.029729621097, 0.030612244897959183, 0.024489795918367346, 0.015306122448979591],
[84, 1.1798555000000002, 10797.079649641502, 0.02040816326530612, 0.018367346938775512, 0.011224489795918368],
[85, 1.1929144000000003, 10797.00633495538, 0.0, 0.006122448979591836, 0.006122448979591836],
[86, 1.2065121000000003, 10797.05126224946, 0.01020408163265306, 0.00816326530612245, 0.014285714285714285],
[87, 1.2203818000000004, 10796.99223039304, 0.0, 0.00816326530612245, 0.014285714285714285],
[88, 1.2338268000000003, 10797.030615935299, 0.0, 0.004081632653061225, 0.01326530612244898],
[89, 1.2479931990000004, 10796.973244598368, 0.01020408163265306, 0.014285714285714285, 0.01326530612244898],
[90, 1.2605338990000003, 10797.007964937107, 0.0, 0.014285714285714285, 0.012244897959183673],
[91, 1.2744003990000004, 10796.961327914389, 0.0, 0.00816326530612245, 0.007142857142857143],
[92, 1.2885037990000003, 10796.991908267815, 0.030612244897959183, 0.014285714285714285, 0.01326530612244898],
[93, 1.3052370990000004, 10796.945052008674, 0.030612244897959183, 0.014285714285714285, 0.012244897959183673],
[94, 1.3181673990000005, 10796.973633439233, 0.01020408163265306, 0.006122448979591836, 0.007142857142857143],
[95, 1.3317597990000005, 10796.935343483783, 0.0, 0.00816326530612245, 0.012244897959183673],
[96, 1.3454783990000005, 10796.960333106425, 0.0, 0.004081632653061225, 0.007142857142857143],
[97, 1.3587909990000004, 10796.922325440275, 0.01020408163265306, 0.014285714285714285, 0.01326530612244898],
[98, 1.3721034990000005, 10796.945285502412, 0.0, 0.01020408163265306, 0.009183673469387756],
[99, 1.3849908990000006, 10796.914357347743, 0.01020408163265306, 0.01020408163265306, 0.012244897959183673],
[100, 1.3979707990000005, 10796.934615605684, 0.01020408163265306, 0.00816326530612245, 0.01020408163265306],
[101, 1.4109220990000007, 10796.903640777475, 0.02040816326530612, 0.0163265306122449, 0.012244897959183673],
[102, 1.4240315990000008, 10796.92252550887, 0.01020408163265306, 0.00816326530612245, 0.00816326530612245],
[103, 1.4377078990000007, 10796.897080451234, 0.01020408163265306, 0.01020408163265306, 0.01020408163265306],
[104, 1.4506251990000008, 10796.913736175862, 0.01020408163265306, 0.0020408163265306124, 0.006122448979591836],
[105, 1.4633124000000008, 10796.88851108958, 0.01020408163265306, 0.01020408163265306, 0.009183673469387756],
[106, 1.4774130000000008, 10796.90375656602, 0.0, 0.012244897959183673, 0.017346938775510204],
[107, 1.4908205000000008, 10796.883186973704, 0.0, 0.006122448979591836, 0.006122448979591836],
[108, 1.5040466000000008, 10796.896647041489, 0.02040816326530612, 0.01020408163265306, 0.01020408163265306],
[109, 1.5170284000000007, 10796.8760976517, 0.01020408163265306, 0.006122448979591836, 0.014285714285714285],
[110, 1.5307919990000007, 10796.888595007007, 0.01020408163265306, 0.012244897959183673, 0.01020408163265306],
[111, 1.5438166990000006, 10796.871803588678, 0.01020408163265306, 0.00816326530612245, 0.00816326530612245],
[112, 1.5571524990000005, 10796.882794836913, 0.0, 0.006122448979591836, 0.012244897959183673],
[113, 1.5704883000000005, 10796.866009301426, 0.01020408163265306, 0.01020408163265306, 0.00816326530612245],
[114, 1.5835552000000006, 10796.876194555545, 0.01020408163265306, 0.006122448979591836, 0.00816326530612245],
[115, 1.5979458000000006, 10796.86256103236, 0.02040816326530612, 0.01020408163265306, 0.011224489795918368],
[116, 1.6111100000000007, 10796.871470698527, 0.01020408163265306, 0.006122448979591836, 0.009183673469387756],
[117, 1.6249537000000007, 10796.857789278398, 0.01020408163265306, 0.004081632653061225, 0.007142857142857143],
[118, 1.6384169000000006, 10796.866117957426, 0.030612244897959183, 0.01020408163265306, 0.012244897959183673],
[119, 1.6509417010000007, 10796.855015313256, 0.01020408163265306, 0.01020408163265306, 0.011224489795918368],
[120, 1.6654578010000007, 10796.862254051854, 0.0, 0.0020408163265306124, 0.004081632653061225],
[121, 1.6792806010000008, 10796.851109906673, 0.01020408163265306, 0.01020408163265306, 0.007142857142857143],
