rank: 30, ratio of 0 vs 1: 3, lambda:1, learning_rate: 0.1
iter time objective_function precision@K = 1, 5, 10
[0,10884.01292459647, 0.0 0.01020408163265306 0.009183673469387756],
[1, 0.013140901, 10879.032337411534, 0.0, 0.00816326530612245, 0.00816326530612245],
[2, 0.027307500999999998, 10875.328315099903, 0.0, 0.01020408163265306, 0.00816326530612245],
[3, 0.041019800999999995, 10872.50256605753, 0.01020408163265306, 0.01020408163265306, 0.01020408163265306],
[4, 0.054747501999999997, 10869.979012333815, 0.01020408163265306, 0.012244897959183673, 0.012244897959183673],
[5, 0.06936730199999999, 10868.094078066728, 0.01020408163265306, 0.00816326530612245, 0.01020408163265306],
[6, 0.08410180199999999, 10865.940288591271, 0.01020408163265306, 0.00816326530612245, 0.009183673469387756],
[7, 0.09842480199999999, 10866.031390355902, 0.01020408163265306, 0.006122448979591836, 0.01326530612244898],
[8, 0.11241180199999999, 10864.647189821835, 0.01020408163265306, 0.00816326530612245, 0.011224489795918368],
[9, 0.126426402, 10863.942276267946, 0.01020408163265306, 0.006122448979591836, 0.011224489795918368],
[10, 0.140436001, 10862.81382352255, 0.01020408163265306, 0.006122448979591836, 0.009183673469387756],
[11, 0.154484501, 10862.968377845265, 0.01020408163265306, 0.006122448979591836, 0.009183673469387756],
[12, 0.168411401, 10861.699136270348, 0.01020408163265306, 0.006122448979591836, 0.011224489795918368],
[13, 0.183249101, 10861.400319981205, 0.01020408163265306, 0.006122448979591836, 0.012244897959183673],
[14, 0.19733220099999998, 10861.738597502268, 0.01020408163265306, 0.006122448979591836, 0.01020408163265306],
[15, 0.21145490099999997, 10861.710890738588, 0.01020408163265306, 0.004081632653061225, 0.011224489795918368],
[16, 0.28149890199999994, 10860.546327862163, 0.01020408163265306, 0.004081632653061225, 0.011224489795918368],
[17, 0.2959602009999999, 10861.320172350135, 0.01020408163265306, 0.004081632653061225, 0.011224489795918368],
[18, 0.3101725999999999, 10861.95858190189, 0.01020408163265306, 0.004081632653061225, 0.011224489795918368],
[19, 0.3238229999999999, 10860.62869181788, 0.01020408163265306, 0.004081632653061225, 0.011224489795918368],
[20, 0.3379559009999999, 10859.954995017632, 0.01020408163265306, 0.004081632653061225, 0.011224489795918368],
[21, 0.3527981019999999, 10860.480218155972, 0.01020408163265306, 0.004081632653061225, 0.011224489795918368],
[22, 0.36711640299999987, 10860.772044324323, 0.01020408163265306, 0.004081632653061225, 0.011224489795918368],
[23, 0.38166600299999986, 10860.115843739455, 0.01020408163265306, 0.004081632653061225, 0.011224489795918368],
[24, 0.3953808029999999, 10860.826271559225, 0.01020408163265306, 0.004081632653061225, 0.011224489795918368],
[25, 0.4101636029999999, 10859.803821539432, 0.01020408163265306, 0.004081632653061225, 0.011224489795918368],
[26, 0.42433460299999987, 10858.890380684044, 0.01020408163265306, 0.004081632653061225, 0.011224489795918368],
[27, 0.43821870199999985, 10860.1970411083, 0.01020408163265306, 0.004081632653061225, 0.011224489795918368],
[28, 0.45268090199999983, 10859.54514213121, 0.01020408163265306, 0.004081632653061225, 0.011224489795918368],
[29, 0.4661688019999998, 10860.752242924076, 0.01020408163265306, 0.004081632653061225, 0.011224489795918368],
[30, 0.48002180199999983, 10860.269962035927, 0.01020408163265306, 0.004081632653061225, 0.011224489795918368],
[31, 0.4935960019999998, 10861.166850695536, 0.01020408163265306, 0.004081632653061225, 0.011224489795918368],
[32, 0.5077933019999998, 10859.973368523048, 0.01020408163265306, 0.006122448979591836, 0.011224489795918368],
[33, 0.5220038019999999, 10860.392605870433, 0.01020408163265306, 0.006122448979591836, 0.011224489795918368],
[34, 0.5358264009999999, 10860.482577100387, 0.01020408163265306, 0.006122448979591836, 0.011224489795918368],
[35, 0.5495467009999999, 10859.54724782091, 0.01020408163265306, 0.006122448979591836, 0.011224489795918368],
[36, 0.5636353009999999, 10859.658052079458, 0.01020408163265306, 0.006122448979591836, 0.011224489795918368],
[37, 0.5777389009999999, 10858.916472987237, 0.01020408163265306, 0.006122448979591836, 0.011224489795918368],
[38, 0.5922913009999999, 10859.585451413941, 0.01020408163265306, 0.006122448979591836, 0.011224489795918368],
[39, 0.606853801, 10859.619084153208, 0.01020408163265306, 0.006122448979591836, 0.011224489795918368],
[40, 0.621220801, 10859.38524896416, 0.01020408163265306, 0.006122448979591836, 0.011224489795918368],
[41, 0.635536001, 10859.338831479794, 0.01020408163265306, 0.00816326530612245, 0.011224489795918368],
[42, 0.6498866, 10859.505217871383, 0.01020408163265306, 0.00816326530612245, 0.011224489795918368],
[43, 0.6639105, 10859.148356919515, 0.01020408163265306, 0.00816326530612245, 0.011224489795918368],
[44, 0.6778827, 10859.0420499823, 0.01020408163265306, 0.00816326530612245, 0.011224489795918368],
[45, 0.6908527, 10860.026383645052, 0.01020408163265306, 0.00816326530612245, 0.011224489795918368],
[46, 0.7049333999999999, 10859.340295943433, 0.01020408163265306, 0.00816326530612245, 0.011224489795918368],
[47, 0.719062001, 10859.778912444983, 0.01020408163265306, 0.00816326530612245, 0.011224489795918368],
[48, 0.7326223009999999, 10859.225201808387, 0.01020408163265306, 0.00816326530612245, 0.011224489795918368],
[49, 0.746541901, 10861.02949783392, 0.01020408163265306, 0.00816326530612245, 0.011224489795918368],
[50, 0.7606314019999999, 10859.63641039907, 0.01020408163265306, 0.00816326530612245, 0.011224489795918368],
[51, 0.7746112019999999, 10860.43021428858, 0.01020408163265306, 0.00816326530612245, 0.011224489795918368],
[52, 0.7883648029999999, 10859.059772602139, 0.01020408163265306, 0.00816326530612245, 0.011224489795918368],
[53, 0.8025799029999999, 10859.821905722652, 0.01020408163265306, 0.00816326530612245, 0.011224489795918368],
[54, 0.8163728039999999, 10859.128738466927, 0.01020408163265306, 0.00816326530612245, 0.011224489795918368],
[55, 0.8297373039999999, 10860.558888173024, 0.01020408163265306, 0.00816326530612245, 0.011224489795918368],
[56, 0.8438558039999999, 10860.135002047515, 0.01020408163265306, 0.00816326530612245, 0.011224489795918368],
[57, 0.863669504, 10860.134691520374, 0.01020408163265306, 0.00816326530612245, 0.011224489795918368],
[58, 0.878426804, 10860.01828502736, 0.01020408163265306, 0.00816326530612245, 0.011224489795918368],
[59, 0.892582703, 10859.585716801175, 0.01020408163265306, 0.00816326530612245, 0.011224489795918368],
[60, 0.906862403, 10859.416622149312, 0.01020408163265306, 0.00816326530612245, 0.011224489795918368],
[61, 0.921146104, 10860.187775181934, 0.01020408163265306, 0.00816326530612245, 0.011224489795918368],
[62, 0.9359979039999999, 10858.741867421493, 0.01020408163265306, 0.00816326530612245, 0.011224489795918368],
[63, 0.950705704, 10860.365719768923, 0.01020408163265306, 0.00816326530612245, 0.011224489795918368],
[64, 0.964898104, 10859.286717522016, 0.01020408163265306, 0.00816326530612245, 0.011224489795918368],
[65, 0.979355103, 10860.318651269967, 0.01020408163265306, 0.00816326530612245, 0.011224489795918368],
[66, 0.9936621029999999, 10860.020181985741, 0.01020408163265306, 0.00816326530612245, 0.011224489795918368],
[67, 1.0080249019999998, 10860.743036407892, 0.01020408163265306, 0.00816326530612245, 0.011224489795918368],
[68, 1.022109102, 10859.004770964604, 0.01020408163265306, 0.00816326530612245, 0.011224489795918368],
[69, 1.0363751019999998, 10860.121810839444, 0.01020408163265306, 0.00816326530612245, 0.011224489795918368],
[70, 1.0498423019999998, 10859.440398606379, 0.01020408163265306, 0.00816326530612245, 0.011224489795918368],
[71, 1.0640363029999997, 10860.238636463564, 0.01020408163265306, 0.00816326530612245, 0.011224489795918368],
[72, 1.0780628019999998, 10859.762003428643, 0.01020408163265306, 0.00816326530612245, 0.011224489795918368],
[73, 1.0922292019999997, 10858.994483844854, 0.01020408163265306, 0.00816326530612245, 0.011224489795918368],
[74, 1.1059364019999998, 10859.936456990912, 0.01020408163265306, 0.00816326530612245, 0.011224489795918368],
[75, 1.1194025019999998, 10860.103812806132, 0.01020408163265306, 0.00816326530612245, 0.011224489795918368],
[76, 1.1325636019999998, 10859.775445225543, 0.01020408163265306, 0.00816326530612245, 0.011224489795918368],
[77, 1.1464212019999998, 10859.874602183489, 0.01020408163265306, 0.00816326530612245, 0.011224489795918368],
[78, 1.1601643019999996, 10860.22499559109, 0.01020408163265306, 0.00816326530612245, 0.011224489795918368],
[79, 1.1734810019999997, 10859.953862631357, 0.01020408163265306, 0.00816326530612245, 0.011224489795918368],
[80, 1.1872067009999998, 10860.269217673362, 0.01020408163265306, 0.00816326530612245, 0.011224489795918368],
[81, 1.2009544009999997, 10859.60054027559, 0.01020408163265306, 0.00816326530612245, 0.011224489795918368],
[82, 1.2147354009999998, 10860.09995942008, 0.01020408163265306, 0.00816326530612245, 0.011224489795918368],
[83, 1.2279282009999997, 10860.983755528012, 0.01020408163265306, 0.00816326530612245, 0.011224489795918368],
[84, 1.2420638009999996, 10860.71948522644, 0.01020408163265306, 0.00816326530612245, 0.011224489795918368],
[85, 1.2563570009999996, 10859.35046958276, 0.01020408163265306, 0.00816326530612245, 0.011224489795918368],
[86, 1.2705787019999997, 10859.7107787402, 0.01020408163265306, 0.00816326530612245, 0.011224489795918368],
[87, 1.2848075019999996, 10860.023349501445, 0.01020408163265306, 0.00816326530612245, 0.011224489795918368],
[88, 1.2988694019999996, 10859.470825363253, 0.01020408163265306, 0.00816326530612245, 0.011224489795918368],
[89, 1.3123144029999996, 10859.574246697448, 0.01020408163265306, 0.00816326530612245, 0.011224489795918368],
[90, 1.3259597029999997, 10860.264576936841, 0.01020408163265306, 0.00816326530612245, 0.011224489795918368],
[91, 1.3398424029999996, 10859.427734775283, 0.01020408163265306, 0.00816326530612245, 0.011224489795918368],
[92, 1.3536474029999996, 10859.6180425162, 0.01020408163265306, 0.00816326530612245, 0.011224489795918368],
[93, 1.3684103039999997, 10859.597436058782, 0.01020408163265306, 0.00816326530612245, 0.011224489795918368],
[94, 1.3820913039999998, 10860.371603519457, 0.01020408163265306, 0.00816326530612245, 0.011224489795918368],
[95, 1.395780004, 10859.163344808621, 0.01020408163265306, 0.00816326530612245, 0.011224489795918368],
[96, 1.410071004, 10859.380588266516, 0.01020408163265306, 0.00816326530612245, 0.011224489795918368],
[97, 1.424486204, 10859.020627476337, 0.01020408163265306, 0.00816326530612245, 0.011224489795918368],
[98, 1.451244805, 10860.27198993293, 0.01020408163265306, 0.00816326530612245, 0.011224489795918368],
[99, 1.466267905, 10859.689397438648, 0.01020408163265306, 0.00816326530612245, 0.011224489795918368],
[100, 1.480137905, 10858.781558674023, 0.01020408163265306, 0.00816326530612245, 0.011224489795918368],
[101, 1.4944443060000001, 10859.556572705298, 0.01020408163265306, 0.00816326530612245, 0.011224489795918368],
[102, 1.5092024060000002, 10859.917356007732, 0.01020408163265306, 0.00816326530612245, 0.011224489795918368],
[103, 1.5233007060000001, 10859.694033452532, 0.01020408163265306, 0.00816326530612245, 0.011224489795918368],
[104, 1.5362710050000001, 10860.034574047948, 0.01020408163265306, 0.00816326530612245, 0.011224489795918368],
[105, 1.5504626040000002, 10859.525490244656, 0.01020408163265306, 0.00816326530612245, 0.011224489795918368],
[106, 1.5644988040000003, 10859.471278788724, 0.01020408163265306, 0.00816326530612245, 0.011224489795918368],
[107, 1.5780954040000004, 10859.894223589148, 0.01020408163265306, 0.00816326530612245, 0.011224489795918368],
[108, 1.5920166040000003, 10859.852142286727, 0.01020408163265306, 0.00816326530612245, 0.011224489795918368],
[109, 1.6059118040000004, 10860.772276820559, 0.01020408163265306, 0.00816326530612245, 0.011224489795918368],
[110, 1.6198156050000005, 10860.336283688033, 0.01020408163265306, 0.00816326530612245, 0.011224489795918368],
[111, 1.6339594050000006, 10859.415604662347, 0.01020408163265306, 0.00816326530612245, 0.011224489795918368],
[112, 1.6479824050000005, 10860.040024412336, 0.01020408163265306, 0.00816326530612245, 0.011224489795918368],
[113, 1.6622215060000005, 10859.82672665785, 0.01020408163265306, 0.00816326530612245, 0.011224489795918368],
[114, 1.6761144070000005, 10860.246320921382, 0.01020408163265306, 0.00816326530612245, 0.011224489795918368],
[115, 1.6898629060000006, 10859.762657359364, 0.01020408163265306, 0.00816326530612245, 0.011224489795918368],
[116, 1.7038567060000005, 10859.496602673391, 0.01020408163265306, 0.00816326530612245, 0.011224489795918368],
[117, 1.7183945060000005, 10860.050088772945, 0.01020408163265306, 0.00816326530612245, 0.011224489795918368],
[118, 1.7319815070000006, 10858.75801724668, 0.01020408163265306, 0.00816326530612245, 0.011224489795918368],
[119, 1.7470663080000006, 10859.614404277127, 0.01020408163265306, 0.00816326530612245, 0.011224489795918368],
[120, 1.7614051080000006, 10858.891918103993, 0.01020408163265306, 0.00816326530612245, 0.011224489795918368],
[121, 1.7758621080000005, 10860.004014660028, 0.01020408163265306, 0.00816326530612245, 0.011224489795918368],
