rank: 30, ratio of 0 vs 1: 3, lambda:4, learning_rate: 0.1
iter time objective_function precision@K = 1, 5, 10
[0,11141.227801410048, 0.0 0.01020408163265306 0.009183673469387756],
[1, 0.013304501, 11099.764709827676, 0.0, 0.006122448979591836, 0.009183673469387756],
[2, 0.026734301000000002, 11071.328790458432, 0.0, 0.006122448979591836, 0.012244897959183673],
[3, 0.040567501000000006, 11049.542497542685, 0.01020408163265306, 0.004081632653061225, 0.01020408163265306],
[4, 0.053779901000000005, 11031.447536964815, 0.01020408163265306, 0.012244897959183673, 0.014285714285714285],
[5, 0.06628600100000001, 11016.30096299544, 0.01020408163265306, 0.012244897959183673, 0.01020408163265306],
[6, 0.08003910000000002, 11002.946617070971, 0.02040816326530612, 0.00816326530612245, 0.007142857142857143],
[7, 0.09292160000000002, 10991.636310753698, 0.0, 0.004081632653061225, 0.009183673469387756],
[8, 0.10685320000000002, 10981.164525191138, 0.0, 0.006122448979591836, 0.007142857142857143],
[9, 0.12028650000000002, 10971.965529092402, 0.0, 0.004081632653061225, 0.006122448979591836],
[10, 0.13173489900000002, 10963.502895480271, 0.0, 0.0020408163265306124, 0.003061224489795918],
[11, 0.14514979900000002, 10956.284020978546, 0.0, 0.0020408163265306124, 0.00510204081632653],
[12, 0.15915979900000002, 10949.558070750762, 0.0, 0.004081632653061225, 0.007142857142857143],
[13, 0.171832898, 10943.59414832797, 0.0, 0.0020408163265306124, 0.004081632653061225],
[14, 0.185324499, 10938.295866429202, 0.0, 0.0020408163265306124, 0.00510204081632653],
[15, 0.200008499, 10933.561433720843, 0.0, 0.0020408163265306124, 0.004081632653061225],
[16, 0.21379799900000002, 10929.085303569178, 0.0, 0.0020408163265306124, 0.006122448979591836],
[17, 0.22655079900000002, 10925.297994012359, 0.0, 0.0020408163265306124, 0.006122448979591836],
[18, 0.24040079800000003, 10921.83433239722, 0.0, 0.0020408163265306124, 0.006122448979591836],
[19, 0.253641298, 10918.514361529793, 0.0, 0.004081632653061225, 0.006122448979591836],
[20, 0.267136698, 10915.653729382251, 0.0, 0.004081632653061225, 0.006122448979591836],
[21, 0.281630699, 10913.244202053593, 0.0, 0.004081632653061225, 0.007142857142857143],
[22, 0.295294998, 10910.908662791893, 0.0, 0.006122448979591836, 0.00816326530612245],
[23, 0.30839829799999996, 10908.713624056574, 0.0, 0.006122448979591836, 0.009183673469387756],
[24, 0.32168909799999995, 10907.008168420753, 0.0, 0.006122448979591836, 0.007142857142857143],
[25, 0.3358277989999999, 10905.190893583007, 0.0, 0.006122448979591836, 0.00816326530612245],
[26, 0.3499251989999999, 10903.620622616038, 0.0, 0.00816326530612245, 0.00816326530612245],
[27, 0.3641636989999999, 10902.44903665504, 0.0, 0.004081632653061225, 0.00816326530612245],
[28, 0.3785978979999999, 10901.108004240254, 0.0, 0.004081632653061225, 0.00816326530612245],
[29, 0.3931931989999999, 10900.108885987476, 0.0, 0.004081632653061225, 0.009183673469387756],
[30, 0.4060936999999999, 10899.114602971798, 0.0, 0.004081632653061225, 0.009183673469387756],
[31, 0.4974049999999999, 10898.230334294212, 0.0, 0.004081632653061225, 0.009183673469387756],
[32, 0.5108606989999999, 10897.375594996618, 0.0, 0.004081632653061225, 0.009183673469387756],
[33, 0.5243058989999999, 10896.662375864937, 0.0, 0.0020408163265306124, 0.009183673469387756],
[34, 0.5368348989999999, 10896.049517015404, 0.0, 0.004081632653061225, 0.009183673469387756],
[35, 0.550142799, 10895.40231649594, 0.0, 0.004081632653061225, 0.011224489795918368],
[36, 0.563441898, 10894.83901717453, 0.0, 0.0020408163265306124, 0.009183673469387756],
[37, 0.576421498, 10894.334536271417, 0.0, 0.0020408163265306124, 0.011224489795918368],
[38, 0.589578298, 10893.926407475474, 0.0, 0.004081632653061225, 0.01020408163265306],
[39, 0.6029360979999999, 10893.57021586351, 0.0, 0.004081632653061225, 0.011224489795918368],
[40, 0.616523097, 10893.172445782871, 0.0, 0.004081632653061225, 0.011224489795918368],
[41, 0.6305083979999999, 10892.897864507097, 0.0, 0.006122448979591836, 0.011224489795918368],
[42, 0.6438596969999999, 10892.623548945074, 0.0, 0.006122448979591836, 0.01020408163265306],
[43, 0.6575495969999999, 10892.377639375525, 0.0, 0.006122448979591836, 0.01020408163265306],
[44, 0.6713595969999999, 10892.118489538343, 0.0, 0.006122448979591836, 0.009183673469387756],
[45, 0.6856977959999999, 10891.985538772075, 0.0, 0.006122448979591836, 0.009183673469387756],
[46, 0.6998459959999999, 10891.728923413792, 0.0, 0.006122448979591836, 0.01020408163265306],
[47, 0.7140936949999999, 10891.622840728596, 0.0, 0.006122448979591836, 0.009183673469387756],
[48, 0.7264972949999998, 10891.438526621492, 0.0, 0.006122448979591836, 0.009183673469387756],
[49, 0.7401015949999998, 10891.427779928023, 0.0, 0.006122448979591836, 0.009183673469387756],
[50, 0.7537312949999998, 10891.202546906208, 0.0, 0.006122448979591836, 0.009183673469387756],
[51, 0.7665832939999998, 10891.121453853715, 0.0, 0.006122448979591836, 0.009183673469387756],
[52, 0.7796090939999998, 10890.975888225446, 0.0, 0.006122448979591836, 0.009183673469387756],
[53, 0.7955755939999998, 10890.977626629834, 0.0, 0.006122448979591836, 0.009183673469387756],
[54, 0.8100555939999998, 10890.787626647929, 0.0, 0.006122448979591836, 0.009183673469387756],
[55, 0.8225777939999999, 10890.842134086583, 0.0, 0.006122448979591836, 0.009183673469387756],
[56, 0.8369069939999999, 10890.758881230107, 0.0, 0.006122448979591836, 0.009183673469387756],
[57, 0.8512646929999999, 10890.637392577293, 0.0, 0.006122448979591836, 0.009183673469387756],
[58, 0.8655473929999998, 10890.568681250126, 0.0, 0.006122448979591836, 0.009183673469387756],
[59, 0.8788665929999998, 10890.502963645813, 0.0, 0.006122448979591836, 0.009183673469387756],
[60, 0.8924531939999998, 10890.455657215472, 0.0, 0.006122448979591836, 0.009183673469387756],
[61, 0.9065983939999998, 10890.47960882173, 0.0, 0.006122448979591836, 0.009183673469387756],
[62, 0.9205244939999998, 10890.412874649423, 0.0, 0.006122448979591836, 0.009183673469387756],
[63, 0.9344519939999998, 10890.433127600978, 0.0, 0.006122448979591836, 0.01020408163265306],
[64, 0.9486288939999998, 10890.346652082317, 0.0, 0.006122448979591836, 0.01020408163265306],
[65, 0.9614727939999999, 10890.350943090418, 0.0, 0.006122448979591836, 0.009183673469387756],
[66, 0.9742727939999999, 10890.405101773835, 0.0, 0.006122448979591836, 0.009183673469387756],
[67, 0.9868709929999999, 10890.38984461255, 0.0, 0.006122448979591836, 0.009183673469387756],
[68, 1.0005791929999999, 10890.242309378742, 0.0, 0.006122448979591836, 0.009183673469387756],
[69, 1.0143793939999999, 10890.281406550417, 0.0, 0.006122448979591836, 0.009183673469387756],
[70, 1.0278893939999998, 10890.283246010515, 0.0, 0.006122448979591836, 0.01020408163265306],
[71, 1.0411536929999998, 10890.272778875986, 0.0, 0.006122448979591836, 0.01020408163265306],
[72, 1.0717925929999998, 10890.231541131021, 0.0, 0.006122448979591836, 0.01020408163265306],
[73, 1.085449092, 10890.186766268978, 0.0, 0.006122448979591836, 0.009183673469387756],
[74, 1.098420292, 10890.219900732696, 0.0, 0.006122448979591836, 0.01020408163265306],
[75, 1.1126167919999999, 10890.216533537461, 0.0, 0.006122448979591836, 0.01020408163265306],
[76, 1.125473292, 10890.165361676303, 0.0, 0.006122448979591836, 0.01020408163265306],
[77, 1.139377492, 10890.203385326366, 0.0, 0.006122448979591836, 0.01020408163265306],
[78, 1.153657092, 10890.177889117218, 0.0, 0.006122448979591836, 0.01020408163265306],
[79, 1.167157892, 10890.216144246846, 0.0, 0.006122448979591836, 0.01020408163265306],
[80, 1.179261592, 10890.198083292215, 0.0, 0.006122448979591836, 0.01020408163265306],
[81, 1.192949791, 10890.140112007175, 0.0, 0.006122448979591836, 0.01020408163265306],
[82, 1.206723792, 10890.151417098632, 0.0, 0.006122448979591836, 0.01020408163265306],
[83, 1.220921993, 10890.247944357448, 0.0, 0.006122448979591836, 0.01020408163265306],
[84, 1.234621093, 10890.198150574099, 0.0, 0.006122448979591836, 0.01020408163265306],
[85, 1.247597994, 10890.16449972771, 0.0, 0.006122448979591836, 0.01020408163265306],
[86, 1.2613977939999999, 10890.166014885905, 0.0, 0.006122448979591836, 0.01020408163265306],
[87, 1.276128993, 10890.153994905042, 0.0, 0.006122448979591836, 0.01020408163265306],
[88, 1.290917194, 10890.100088967392, 0.0, 0.006122448979591836, 0.01020408163265306],
[89, 1.304903594, 10890.171623861548, 0.0, 0.006122448979591836, 0.01020408163265306],
[90, 1.318124093, 10890.17648470127, 0.0, 0.006122448979591836, 0.01020408163265306],
[91, 1.331480693, 10890.17222691058, 0.0, 0.006122448979591836, 0.01020408163265306],
[92, 1.346024992, 10890.16203968912, 0.0, 0.006122448979591836, 0.01020408163265306],
[93, 1.359731492, 10890.145197034235, 0.0, 0.006122448979591836, 0.01020408163265306],
[94, 1.3741092910000001, 10890.1958918037, 0.0, 0.006122448979591836, 0.01020408163265306],
[95, 1.387387791, 10890.112401450648, 0.0, 0.006122448979591836, 0.01020408163265306],
[96, 1.4005502920000001, 10890.130200078622, 0.0, 0.006122448979591836, 0.01020408163265306],
[97, 1.414028392, 10890.11082315999, 0.0, 0.006122448979591836, 0.01020408163265306],
[98, 1.427270092, 10890.16488787908, 0.0, 0.006122448979591836, 0.01020408163265306],
[99, 1.440791691, 10890.165908925457, 0.0, 0.006122448979591836, 0.01020408163265306],
[100, 1.4547290910000001, 10890.045673277893, 0.0, 0.006122448979591836, 0.01020408163265306],
[101, 1.4684411910000001, 10890.109874366959, 0.0, 0.006122448979591836, 0.01020408163265306],
[102, 1.4816630910000002, 10890.137680766537, 0.0, 0.006122448979591836, 0.01020408163265306],
[103, 1.4972024910000001, 10890.087546782663, 0.0, 0.006122448979591836, 0.01020408163265306],
[104, 1.51101809, 10890.160097080305, 0.0, 0.006122448979591836, 0.01020408163265306],
[105, 1.5247009900000001, 10890.130008396349, 0.0, 0.006122448979591836, 0.01020408163265306],
[106, 1.5391390900000002, 10890.128355133049, 0.0, 0.006122448979591836, 0.01020408163265306],
[107, 1.5531265890000001, 10890.149600961486, 0.0, 0.006122448979591836, 0.01020408163265306],
[108, 1.566295089, 10890.185207332494, 0.0, 0.006122448979591836, 0.01020408163265306],
[109, 1.580353088, 10890.187928585403, 0.0, 0.006122448979591836, 0.01020408163265306],
[110, 1.594348088, 10890.212966998284, 0.0, 0.006122448979591836, 0.01020408163265306],
[111, 1.608218688, 10890.114743401484, 0.0, 0.006122448979591836, 0.01020408163265306],
[112, 1.623076488, 10890.123649110654, 0.0, 0.006122448979591836, 0.01020408163265306],
[113, 1.649858287, 10890.120774800647, 0.0, 0.006122448979591836, 0.01020408163265306],
[114, 1.6635195870000001, 10890.195794074225, 0.0, 0.006122448979591836, 0.01020408163265306],
[115, 1.676742487, 10890.142568270576, 0.0, 0.006122448979591836, 0.01020408163265306],
[116, 1.6903078870000001, 10890.12217433797, 0.0, 0.006122448979591836, 0.01020408163265306],
[117, 1.704284888, 10890.178314659392, 0.0, 0.006122448979591836, 0.01020408163265306],
[118, 1.717531488, 10890.03031605091, 0.0, 0.006122448979591836, 0.01020408163265306],
[119, 1.7294724890000002, 10890.121202205215, 0.0, 0.006122448979591836, 0.01020408163265306],
[120, 1.742818989, 10890.090733682004, 0.0, 0.006122448979591836, 0.01020408163265306],
[121, 1.7565678880000002, 10890.13183976548, 0.0, 0.006122448979591836, 0.01020408163265306],
