rank: 30, ratio of 0 vs 1: 3, lambda:8, learning_rate: 0.1
iter time objective_function precision@K = 1, 5, 10
[0,11484.180970494817, 0.0 0.01020408163265306 0.009183673469387756],
[1, 0.0136814, 11335.467839481787, 0.0, 0.00816326530612245, 0.011224489795918368],
[2, 0.026874701, 11237.46626281821, 0.01020408163265306, 0.014285714285714285, 0.014285714285714285],
[3, 0.040942301, 11149.953634987292, 0.01020408163265306, 0.01020408163265306, 0.009183673469387756],
[4, 0.0540311, 11064.455976758256, 0.02040816326530612, 0.00816326530612245, 0.00816326530612245],
[5, 0.068279701, 10979.56072053515, 0.02040816326530612, 0.006122448979591836, 0.012244897959183673],
[6, 0.10095109999999999, 10894.500107283391, 0.02040816326530612, 0.004081632653061225, 0.006122448979591836],
[7, 0.11407699999999998, 10835.607726390466, 0.0, 0.0020408163265306124, 0.006122448979591836],
[8, 0.12792269999999997, 10844.538068121246, 0.01020408163265306, 0.012244897959183673, 0.009183673469387756],
[9, 0.13983639999999997, 10834.49022495807, 0.0, 0.00816326530612245, 0.007142857142857143],
[10, 0.15288449999999998, 10844.47807188287, 0.0, 0.0020408163265306124, 0.00510204081632653],
[11, 0.16601040099999997, 10834.476104113706, 0.02040816326530612, 0.01020408163265306, 0.012244897959183673],
[12, 0.17884950199999997, 10844.482705861068, 0.0, 0.00816326530612245, 0.007142857142857143],
[13, 0.19131330199999996, 10834.464323889453, 0.0, 0.006122448979591836, 0.006122448979591836],
[14, 0.20340670199999997, 10844.49245221468, 0.02040816326530612, 0.0163265306122449, 0.0163265306122449],
[15, 0.21626940099999997, 10834.45289114641, 0.01020408163265306, 0.01020408163265306, 0.00816326530612245],
[16, 0.22919360099999997, 10844.507966039346, 0.01020408163265306, 0.01020408163265306, 0.011224489795918368],
[17, 0.24203980199999997, 10834.438037440523, 0.02040816326530612, 0.018367346938775512, 0.01326530612244898],
[18, 0.25592070199999994, 10844.522203529023, 0.030612244897959183, 0.018367346938775512, 0.014285714285714285],
[19, 0.26837210199999995, 10834.427705814598, 0.01020408163265306, 0.014285714285714285, 0.014285714285714285],
[20, 0.28179880199999996, 10844.53298383882, 0.04081632653061224, 0.00816326530612245, 0.006122448979591836],
[21, 0.29605430199999994, 10834.414955735467, 0.0, 0.004081632653061225, 0.007142857142857143],
[22, 0.3094086019999999, 10844.541105576614, 0.01020408163265306, 0.012244897959183673, 0.006122448979591836],
[23, 0.32270690299999993, 10834.406064079063, 0.01020408163265306, 0.006122448979591836, 0.00510204081632653],
[24, 0.3361923029999999, 10844.5530057165, 0.01020408163265306, 0.01020408163265306, 0.01326530612244898],
[25, 0.3489998019999999, 10834.397457743647, 0.01020408163265306, 0.012244897959183673, 0.01020408163265306],
[26, 0.36167690099999994, 10844.556065622493, 0.01020408163265306, 0.012244897959183673, 0.012244897959183673],
[27, 0.37490220099999993, 10834.395121706715, 0.01020408163265306, 0.00816326530612245, 0.00816326530612245],
[28, 0.38787140099999995, 10844.564419585626, 0.01020408163265306, 0.0020408163265306124, 0.007142857142857143],
[29, 0.40160870099999996, 10834.384872962373, 0.0, 0.01020408163265306, 0.009183673469387756],
[30, 0.41475310099999996, 10844.572911903086, 0.01020408163265306, 0.006122448979591836, 0.006122448979591836],
[31, 0.427290201, 10834.378377106043, 0.01020408163265306, 0.00816326530612245, 0.011224489795918368],
[32, 0.440009901, 10844.580126463103, 0.01020408163265306, 0.00816326530612245, 0.006122448979591836],
[33, 0.45334060099999995, 10834.369617090126, 0.02040816326530612, 0.012244897959183673, 0.015306122448979591],
[34, 0.466747302, 10844.590992747768, 0.030612244897959183, 0.012244897959183673, 0.01020408163265306],
[35, 0.479607701, 10834.361655083196, 0.0, 0.00816326530612245, 0.00510204081632653],
[36, 0.493091801, 10844.59817099314, 0.0, 0.00816326530612245, 0.015306122448979591],
[37, 0.5058444, 10834.352554645237, 0.0, 0.0020408163265306124, 0.00816326530612245],
[38, 0.519144901, 10844.604343670959, 0.01020408163265306, 0.00816326530612245, 0.011224489795918368],
[39, 0.531460301, 10834.343708453838, 0.01020408163265306, 0.0163265306122449, 0.01326530612244898],
[40, 0.544816801, 10844.613977733079, 0.0, 0.004081632653061225, 0.007142857142857143],
[41, 0.557943501, 10834.33451636661, 0.01020408163265306, 0.00816326530612245, 0.012244897959183673],
[42, 0.571056801, 10844.626970675241, 0.01020408163265306, 0.018367346938775512, 0.0163265306122449],
[43, 0.583490801, 10834.323203440308, 0.02040816326530612, 0.018367346938775512, 0.01326530612244898],
[44, 0.596475102, 10844.637032719924, 0.0, 0.006122448979591836, 0.00816326530612245],
[45, 0.610429302, 10834.314522059201, 0.01020408163265306, 0.012244897959183673, 0.01020408163265306],
[46, 0.623514702, 10844.64834649716, 0.0, 0.00816326530612245, 0.012244897959183673],
[47, 0.724080202, 10834.301014938928, 0.01020408163265306, 0.006122448979591836, 0.00816326530612245],
[48, 0.737785502, 10844.657449654003, 0.01020408163265306, 0.004081632653061225, 0.01326530612244898],
[49, 0.7499508020000001, 10834.293163740262, 0.0, 0.00816326530612245, 0.01020408163265306],
[50, 0.7627131020000001, 10844.668157887914, 0.0, 0.0163265306122449, 0.011224489795918368],
[51, 0.7756404020000001, 10834.284536257399, 0.02040816326530612, 0.01020408163265306, 0.007142857142857143],
[52, 0.7897363020000001, 10844.677527899816, 0.01020408163265306, 0.012244897959183673, 0.01326530612244898],
[53, 0.8020910030000001, 10834.27515670168, 0.01020408163265306, 0.014285714285714285, 0.009183673469387756],
[54, 0.8152235030000001, 10844.681594359836, 0.01020408163265306, 0.01020408163265306, 0.01020408163265306],
[55, 0.8282788030000001, 10834.269448148141, 0.0, 0.006122448979591836, 0.00816326530612245],
[56, 0.8417525020000001, 10844.692145476965, 0.0, 0.004081632653061225, 0.007142857142857143],
[57, 0.854532802, 10834.258111920237, 0.030612244897959183, 0.0163265306122449, 0.011224489795918368],
[58, 0.867575701, 10844.700698701314, 0.01020408163265306, 0.012244897959183673, 0.009183673469387756],
[59, 0.881102401, 10834.251985913877, 0.01020408163265306, 0.0163265306122449, 0.01326530612244898],
[60, 0.893302001, 10844.70657104125, 0.01020408163265306, 0.024489795918367346, 0.019387755102040816],
[61, 0.9061306, 10834.25033389922, 0.0, 0.01020408163265306, 0.009183673469387756],
[62, 0.919119, 10844.708942698557, 0.0, 0.012244897959183673, 0.009183673469387756],
[63, 0.932916101, 10834.24312308648, 0.01020408163265306, 0.012244897959183673, 0.01020408163265306],
[64, 0.945534002, 10844.716123838612, 0.01020408163265306, 0.006122448979591836, 0.01020408163265306],
[65, 0.9586082020000001, 10834.235612135923, 0.0, 0.01020408163265306, 0.011224489795918368],
[66, 0.972018201, 10844.723106600019, 0.01020408163265306, 0.014285714285714285, 0.01326530612244898],
[67, 0.984509001, 10834.231119270502, 0.0, 0.01020408163265306, 0.00816326530612245],
[68, 0.9975374010000001, 10844.730662104908, 0.01020408163265306, 0.006122448979591836, 0.004081632653061225],
[69, 1.010508302, 10834.221596594596, 0.0, 0.00816326530612245, 0.00816326530612245],
[70, 1.0234495030000001, 10844.740562577188, 0.01020408163265306, 0.018367346938775512, 0.018367346938775512],
[71, 1.0369274030000002, 10834.212952904203, 0.02040816326530612, 0.012244897959183673, 0.012244897959183673],
[72, 1.0521054020000002, 10844.748993010871, 0.01020408163265306, 0.004081632653061225, 0.006122448979591836],
[73, 1.0648845020000002, 10834.20632232538, 0.02040816326530612, 0.012244897959183673, 0.018367346938775512],
[74, 1.076835302, 10844.757463893266, 0.02040816326530612, 0.012244897959183673, 0.011224489795918368],
[75, 1.0905218010000002, 10834.198252548842, 0.01020408163265306, 0.014285714285714285, 0.011224489795918368],
[76, 1.1048751010000002, 10844.763952809102, 0.01020408163265306, 0.01020408163265306, 0.014285714285714285],
[77, 1.118733302, 10834.190040880914, 0.0, 0.006122448979591836, 0.006122448979591836],
[78, 1.131551302, 10844.774251521907, 0.01020408163265306, 0.00816326530612245, 0.01020408163265306],
[79, 1.144730902, 10834.183159891396, 0.01020408163265306, 0.004081632653061225, 0.003061224489795918],
[80, 1.157897902, 10844.776981349158, 0.0, 0.014285714285714285, 0.01020408163265306],
[81, 1.170910103, 10834.176957972222, 0.0, 0.01020408163265306, 0.01020408163265306],
[82, 1.183733103, 10844.78810782281, 0.01020408163265306, 0.006122448979591836, 0.01020408163265306],
[83, 1.197310403, 10834.165834800127, 0.01020408163265306, 0.006122448979591836, 0.01020408163265306],
[84, 1.2110483029999999, 10844.795204506823, 0.0, 0.01020408163265306, 0.009183673469387756],
[85, 1.225817402, 10834.15967773703, 0.01020408163265306, 0.0163265306122449, 0.012244897959183673],
[86, 1.239104502, 10844.80271456958, 0.0, 0.006122448979591836, 0.00816326530612245],
[87, 1.252774201, 10834.153817700235, 0.0, 0.01020408163265306, 0.012244897959183673],
[88, 1.272366801, 10844.807246518629, 0.01020408163265306, 0.012244897959183673, 0.00816326530612245],
[89, 1.285681302, 10834.149648605251, 0.0, 0.006122448979591836, 0.007142857142857143],
[90, 1.298803503, 10844.812273815882, 0.0, 0.004081632653061225, 0.00816326530612245],
[91, 1.311413403, 10834.143182107082, 0.01020408163265306, 0.012244897959183673, 0.011224489795918368],
[92, 1.3240156029999999, 10844.818416092787, 0.01020408163265306, 0.012244897959183673, 0.012244897959183673],
[93, 1.3366311029999998, 10834.14158879191, 0.0, 0.00816326530612245, 0.00816326530612245],
[94, 1.3495818039999998, 10844.818429774752, 0.0, 0.01020408163265306, 0.012244897959183673],
[95, 1.3624172039999998, 10834.138106664694, 0.01020408163265306, 0.01020408163265306, 0.014285714285714285],
[96, 1.3767374039999998, 10844.82418365574, 0.01020408163265306, 0.006122448979591836, 0.011224489795918368],
[97, 1.3915298039999997, 10834.131502501976, 0.01020408163265306, 0.004081632653061225, 0.007142857142857143],
[98, 1.4048844039999997, 10844.831316111646, 0.01020408163265306, 0.01020408163265306, 0.009183673469387756],
[99, 1.4176403039999996, 10834.12593166786, 0.01020408163265306, 0.01020408163265306, 0.011224489795918368],
[100, 1.4305441039999995, 10844.835197826074, 0.02040816326530612, 0.012244897959183673, 0.01326530612244898],
[101, 1.4436762039999995, 10834.118818664905, 0.0, 0.006122448979591836, 0.01020408163265306],
[102, 1.4561797039999995, 10844.84512596781, 0.0, 0.012244897959183673, 0.009183673469387756],
[103, 1.4687899039999994, 10834.11212272486, 0.02040816326530612, 0.014285714285714285, 0.012244897959183673],
[104, 1.4816928039999995, 10844.850026720886, 0.0, 0.00816326530612245, 0.009183673469387756],
[105, 1.4949674039999994, 10834.10738404124, 0.02040816326530612, 0.012244897959183673, 0.01020408163265306],
[106, 1.5075438039999993, 10844.85553610663, 0.0, 0.006122448979591836, 0.01326530612244898],
[107, 1.5213456039999993, 10834.102840305717, 0.01020408163265306, 0.01020408163265306, 0.011224489795918368],
[108, 1.5343856039999992, 10844.860208786777, 0.0, 0.012244897959183673, 0.009183673469387756],
[109, 1.5476138049999992, 10834.097986618588, 0.01020408163265306, 0.018367346938775512, 0.018367346938775512],
[110, 1.5615419049999992, 10844.866039973624, 0.0, 0.004081632653061225, 0.011224489795918368],
[111, 1.5746820049999992, 10834.091272543472, 0.0, 0.00816326530612245, 0.00816326530612245],
[112, 1.5874352039999993, 10844.87120173628, 0.0, 0.0163265306122449, 0.01326530612244898],
[113, 1.6006102039999992, 10834.0845847801, 0.02040816326530612, 0.014285714285714285, 0.014285714285714285],
[114, 1.6142994039999992, 10844.880101064617, 0.030612244897959183, 0.014285714285714285, 0.012244897959183673],
[115, 1.6280051039999992, 10834.079727710432, 0.0, 0.0163265306122449, 0.014285714285714285],
[116, 1.640748003999999, 10844.883129873251, 0.01020408163265306, 0.01020408163265306, 0.01326530612244898],
[117, 1.6538707039999991, 10834.073406741649, 0.01020408163265306, 0.00816326530612245, 0.011224489795918368],
[118, 1.6674435049999992, 10844.887713665668, 0.0, 0.006122448979591836, 0.00816326530612245],
[119, 1.6799337049999992, 10834.07029882716, 0.01020408163265306, 0.01020408163265306, 0.009183673469387756],
[120, 1.6932114049999991, 10844.89564374258, 0.01020408163265306, 0.006122448979591836, 0.01020408163265306],
[121, 1.705783105999999, 10834.063385327565, 0.0, 0.00816326530612245, 0.012244897959183673],
