rank: 30, ratio of 0 vs 1: 3, lambda:9, learning_rate: 0.1
iter time objective_function precision@K = 1, 5, 10
[0,11569.91926276601, 0.0 0.01020408163265306 0.009183673469387756],
[1, 0.013802301, 11385.72789407186, 0.0, 0.01020408163265306, 0.011224489795918368],
[2, 0.026882502, 11266.65368217786, 0.01020408163265306, 0.0163265306122449, 0.015306122448979591],
[3, 0.039680101999999995, 11157.426096638193, 0.01020408163265306, 0.014285714285714285, 0.01020408163265306],
[4, 0.05400480099999999, 11049.536154414905, 0.01020408163265306, 0.01020408163265306, 0.007142857142857143],
[5, 0.08278180199999999, 10941.948969013072, 0.0, 0.00816326530612245, 0.01020408163265306],
[6, 0.09580740299999999, 10848.206852583118, 0.01020408163265306, 0.00816326530612245, 0.007142857142857143],
[7, 0.10955130299999999, 10856.178528579501, 0.02040816326530612, 0.0163265306122449, 0.012244897959183673],
[8, 0.123524503, 10845.50992482122, 0.01020408163265306, 0.014285714285714285, 0.01326530612244898],
[9, 0.137401703, 10856.117752433776, 0.01020408163265306, 0.014285714285714285, 0.014285714285714285],
[10, 0.152062703, 10845.48641531263, 0.0, 0.01020408163265306, 0.01326530612244898],
[11, 0.165499803, 10856.139541802764, 0.0, 0.00816326530612245, 0.011224489795918368],
[12, 0.178946003, 10845.46891567366, 0.0, 0.0163265306122449, 0.014285714285714285],
[13, 0.191522904, 10856.151779384385, 0.01020408163265306, 0.012244897959183673, 0.01020408163265306],
[14, 0.205121305, 10845.457737184377, 0.01020408163265306, 0.014285714285714285, 0.009183673469387756],
[15, 0.218731905, 10856.1661560782, 0.0, 0.00816326530612245, 0.01326530612244898],
[16, 0.232879804, 10845.441166543402, 0.01020408163265306, 0.01020408163265306, 0.00816326530612245],
[17, 0.24625350399999998, 10856.179740783358, 0.04081632653061224, 0.02040816326530612, 0.0163265306122449],
[18, 0.259586703, 10845.42555725592, 0.0, 0.014285714285714285, 0.012244897959183673],
[19, 0.273309702, 10856.199670025115, 0.0, 0.012244897959183673, 0.014285714285714285],
[20, 0.28642610199999996, 10845.407397905157, 0.01020408163265306, 0.01020408163265306, 0.012244897959183673],
[21, 0.29832120199999995, 10856.216370193151, 0.01020408163265306, 0.00816326530612245, 0.007142857142857143],
[22, 0.31121310099999994, 10845.388728199583, 0.01020408163265306, 0.0163265306122449, 0.011224489795918368],
[23, 0.32504830099999993, 10856.236539191535, 0.0, 0.01020408163265306, 0.00816326530612245],
[24, 0.3382283019999999, 10845.371993434701, 0.0, 0.00816326530612245, 0.009183673469387756],
[25, 0.35184230199999994, 10856.250916365532, 0.01020408163265306, 0.014285714285714285, 0.012244897959183673],
[26, 0.36533260199999995, 10845.355353911942, 0.01020408163265306, 0.006122448979591836, 0.00510204081632653],
[27, 0.37785890299999997, 10856.27066232081, 0.02040816326530612, 0.02040816326530612, 0.012244897959183673],
[28, 0.391129403, 10845.338390133507, 0.0, 0.00816326530612245, 0.009183673469387756],
[29, 0.40435410299999996, 10856.282901982759, 0.01020408163265306, 0.012244897959183673, 0.015306122448979591],
[30, 0.41714350299999997, 10845.322550822922, 0.0, 0.01020408163265306, 0.007142857142857143],
[31, 0.42946100299999995, 10856.305236327651, 0.0, 0.014285714285714285, 0.012244897959183673],
[32, 0.44301230299999994, 10845.304242654156, 0.0, 0.004081632653061225, 0.00510204081632653],
[33, 0.45644500399999993, 10856.320298798239, 0.0, 0.01020408163265306, 0.014285714285714285],
[34, 0.46943690399999993, 10845.290824604426, 0.02040816326530612, 0.024489795918367346, 0.015306122448979591],
[35, 0.48373740299999995, 10856.331652161236, 0.0, 0.004081632653061225, 0.007142857142857143],
[36, 0.49821030299999997, 10845.282173164425, 0.02040816326530612, 0.014285714285714285, 0.01326530612244898],
[37, 0.511562403, 10856.341518126948, 0.01020408163265306, 0.01020408163265306, 0.00816326530612245],
[38, 0.524180504, 10845.268905165472, 0.0, 0.014285714285714285, 0.012244897959183673],
[39, 0.537051904, 10856.358619726097, 0.02040816326530612, 0.012244897959183673, 0.012244897959183673],
[40, 0.550248603, 10845.251541998678, 0.01020408163265306, 0.0163265306122449, 0.011224489795918368],
[41, 0.563428003, 10856.369757288074, 0.0, 0.006122448979591836, 0.006122448979591836],
[42, 0.577447603, 10845.243403701428, 0.0, 0.012244897959183673, 0.01326530612244898],
[43, 0.590282103, 10856.379847040183, 0.0, 0.006122448979591836, 0.009183673469387756],
[44, 0.604763003, 10845.231153588338, 0.01020408163265306, 0.00816326530612245, 0.007142857142857143],
[45, 0.618267903, 10856.390935263056, 0.01020408163265306, 0.00816326530612245, 0.012244897959183673],
[46, 0.770385003, 10845.223289132478, 0.0, 0.00816326530612245, 0.007142857142857143],
[47, 0.784681103, 10856.40242489278, 0.01020408163265306, 0.012244897959183673, 0.014285714285714285],
[48, 0.797782603, 10845.206284158021, 0.02040816326530612, 0.014285714285714285, 0.01326530612244898],
[49, 0.8118968040000001, 10856.41730312385, 0.0, 0.006122448979591836, 0.004081632653061225],
[50, 0.8271756050000001, 10845.200890781933, 0.02040816326530612, 0.0163265306122449, 0.01020408163265306],
[51, 0.8385864050000001, 10856.424563197825, 0.0, 0.00816326530612245, 0.00816326530612245],
[52, 0.8507954060000001, 10845.19159722585, 0.02040816326530612, 0.006122448979591836, 0.012244897959183673],
[53, 0.8643500060000001, 10856.434213093899, 0.0, 0.012244897959183673, 0.009183673469387756],
[54, 0.8782467060000001, 10845.173676752078, 0.01020408163265306, 0.01020408163265306, 0.009183673469387756],
[55, 0.891969305, 10856.453135517224, 0.01020408163265306, 0.0163265306122449, 0.015306122448979591],
[56, 0.905542505, 10845.161226470698, 0.02040816326530612, 0.00816326530612245, 0.009183673469387756],
[57, 0.919456505, 10856.462636775845, 0.04081632653061224, 0.022448979591836737, 0.017346938775510204],
[58, 0.9323733049999999, 10845.150817602791, 0.01020408163265306, 0.00816326530612245, 0.006122448979591836],
[59, 0.945873404, 10856.47463827808, 0.0, 0.0163265306122449, 0.01020408163265306],
[60, 0.959243204, 10845.134964676894, 0.02040816326530612, 0.018367346938775512, 0.015306122448979591],
[61, 0.971733804, 10856.493638811202, 0.01020408163265306, 0.00816326530612245, 0.004081632653061225],
[62, 0.985245205, 10845.119036795224, 0.01020408163265306, 0.022448979591836737, 0.017346938775510204],
[63, 0.998821205, 10856.509292069606, 0.0, 0.01020408163265306, 0.009183673469387756],
[64, 1.011740405, 10845.103820881437, 0.0, 0.01020408163265306, 0.007142857142857143],
[65, 1.024839906, 10856.521290829356, 0.02040816326530612, 0.014285714285714285, 0.011224489795918368],
[66, 1.037932705, 10845.090902583166, 0.0, 0.01020408163265306, 0.009183673469387756],
[67, 1.051732205, 10856.534301485663, 0.0, 0.01020408163265306, 0.009183673469387756],
[68, 1.065451205, 10845.080279864695, 0.01020408163265306, 0.014285714285714285, 0.015306122448979591],
[69, 1.079074205, 10856.547028553672, 0.01020408163265306, 0.01020408163265306, 0.01020408163265306],
[70, 1.092512905, 10845.067425619924, 0.0, 0.014285714285714285, 0.0163265306122449],
[71, 1.105383305, 10856.561907441055, 0.0, 0.01020408163265306, 0.006122448979591836],
[72, 1.1185126049999998, 10845.05229016264, 0.0, 0.018367346938775512, 0.0163265306122449],
[73, 1.1318485049999998, 10856.575064922095, 0.0, 0.006122448979591836, 0.007142857142857143],
[74, 1.1448605059999999, 10845.040701227983, 0.01020408163265306, 0.006122448979591836, 0.01020408163265306],
[75, 1.158732406, 10856.58777483263, 0.030612244897959183, 0.01020408163265306, 0.012244897959183673],
[76, 1.172581105, 10845.030526278922, 0.01020408163265306, 0.012244897959183673, 0.019387755102040816],
[77, 1.184928705, 10856.593911198537, 0.01020408163265306, 0.01020408163265306, 0.007142857142857143],
[78, 1.1979215049999998, 10845.024930825479, 0.0, 0.00816326530612245, 0.009183673469387756],
[79, 1.211090404, 10856.603029976484, 0.0, 0.004081632653061225, 0.009183673469387756],
[80, 1.223610404, 10845.012220479248, 0.01020408163265306, 0.012244897959183673, 0.01326530612244898],
[81, 1.237250003, 10856.617059000966, 0.01020408163265306, 0.006122448979591836, 0.009183673469387756],
[82, 1.250353804, 10844.998931930015, 0.01020408163265306, 0.00816326530612245, 0.00816326530612245],
[83, 1.263969304, 10856.63037766907, 0.01020408163265306, 0.00816326530612245, 0.011224489795918368],
[84, 1.276066604, 10844.989244348604, 0.02040816326530612, 0.004081632653061225, 0.00510204081632653],
[85, 1.288119904, 10856.639301408653, 0.0, 0.004081632653061225, 0.009183673469387756],
[86, 1.301763203, 10844.977787617168, 0.02040816326530612, 0.014285714285714285, 0.011224489795918368],
[87, 1.322317904, 10856.651838884076, 0.01020408163265306, 0.014285714285714285, 0.011224489795918368],
[88, 1.336535405, 10844.964128855117, 0.01020408163265306, 0.006122448979591836, 0.00816326530612245],
[89, 1.350609105, 10856.666985152158, 0.01020408163265306, 0.00816326530612245, 0.01020408163265306],
[90, 1.363445805, 10844.95040961551, 0.01020408163265306, 0.014285714285714285, 0.01326530612244898],
[91, 1.377013405, 10856.677631111545, 0.0, 0.01020408163265306, 0.009183673469387756],
[92, 1.390839605, 10844.942202941891, 0.01020408163265306, 0.01020408163265306, 0.00816326530612245],
[93, 1.404702906, 10856.69013751456, 0.02040816326530612, 0.0163265306122449, 0.014285714285714285],
[94, 1.4220673050000001, 10844.926832221534, 0.01020408163265306, 0.014285714285714285, 0.01020408163265306],
[95, 1.439607005, 10856.69990679175, 0.0, 0.012244897959183673, 0.00816326530612245],
[96, 1.452310905, 10844.917616125125, 0.0, 0.0163265306122449, 0.015306122448979591],
[97, 1.465534205, 10856.709338245926, 0.02040816326530612, 0.006122448979591836, 0.00816326530612245],
[98, 1.478077206, 10844.908606627618, 0.0, 0.006122448979591836, 0.01326530612244898],
[99, 1.491296406, 10856.72370022728, 0.01020408163265306, 0.00816326530612245, 0.007142857142857143],
[100, 1.504014107, 10844.894872849554, 0.01020408163265306, 0.006122448979591836, 0.004081632653061225],
[101, 1.517367207, 10856.732080575119, 0.02040816326530612, 0.0163265306122449, 0.011224489795918368],
[102, 1.5300744069999999, 10844.8854726317, 0.01020408163265306, 0.012244897959183673, 0.009183673469387756],
[103, 1.5439529069999998, 10856.743511923934, 0.01020408163265306, 0.00816326530612245, 0.009183673469387756],
[104, 1.5581423069999998, 10844.877759426088, 0.030612244897959183, 0.014285714285714285, 0.014285714285714285],
[105, 1.5710056069999998, 10856.752781940551, 0.030612244897959183, 0.018367346938775512, 0.014285714285714285],
[106, 1.5851304069999999, 10844.86475833676, 0.01020408163265306, 0.014285714285714285, 0.009183673469387756],
[107, 1.598598507, 10856.765718044502, 0.01020408163265306, 0.014285714285714285, 0.015306122448979591],
[108, 1.6124519069999999, 10844.854027490286, 0.01020408163265306, 0.0163265306122449, 0.018367346938775512],
[109, 1.6254561069999998, 10856.77565442795, 0.01020408163265306, 0.0163265306122449, 0.011224489795918368],
[110, 1.6398294059999998, 10844.844077593125, 0.01020408163265306, 0.00816326530612245, 0.006122448979591836],
[111, 1.6537396059999998, 10856.785648689302, 0.02040816326530612, 0.01020408163265306, 0.011224489795918368],
[112, 1.6658278059999998, 10844.833303756537, 0.0, 0.01020408163265306, 0.00816326530612245],
[113, 1.6795710069999998, 10856.79736867575, 0.0, 0.00816326530612245, 0.012244897959183673],
[114, 1.6934073069999998, 10844.82426485429, 0.0, 0.01020408163265306, 0.01020408163265306],
[115, 1.7076369069999997, 10856.805825302301, 0.01020408163265306, 0.012244897959183673, 0.01020408163265306],
[116, 1.7211061069999998, 10844.817589243688, 0.01020408163265306, 0.014285714285714285, 0.01326530612244898],
[117, 1.7349615079999998, 10856.813165508267, 0.05102040816326531, 0.012244897959183673, 0.012244897959183673],
[118, 1.7491061089999997, 10844.80826084194, 0.0, 0.01020408163265306, 0.00816326530612245],
[119, 1.7615517089999997, 10856.820726940665, 0.0, 0.00816326530612245, 0.009183673469387756],
[120, 1.7750852079999997, 10844.802596981523, 0.0, 0.0020408163265306124, 0.006122448979591836],
[121, 1.7889551079999997, 10856.83013179826, 0.0, 0.0163265306122449, 0.01326530612244898],
