rank: 30, ratio of 0 vs 1: 3, lambda:2, learning_rate: 0.1
iter time objective_function precision@K = 1, 5, 10
[0,10969.751216867662, 0.0 0.01020408163265306 0.009183673469387756],
[1, 0.0165101, 10957.33554228572, 0.0, 0.00816326530612245, 0.00816326530612245],
[2, 0.029873099, 10948.54824217841, 0.0, 0.01020408163265306, 0.01020408163265306],
[3, 0.046728299, 10942.013377992527, 0.01020408163265306, 0.01020408163265306, 0.01020408163265306],
[4, 0.065347298, 10936.681005179275, 0.01020408163265306, 0.012244897959183673, 0.01326530612244898],
[5, 0.081460398, 10932.624823769984, 0.01020408163265306, 0.01020408163265306, 0.012244897959183673],
[6, 0.097512298, 10928.92887726726, 0.01020408163265306, 0.006122448979591836, 0.01020408163265306],
[7, 0.111013998, 10927.188951778999, 0.01020408163265306, 0.006122448979591836, 0.012244897959183673],
[8, 0.12688649800000001, 10924.729131799046, 0.01020408163265306, 0.00816326530612245, 0.011224489795918368],
[9, 0.14083009800000001, 10923.003357596945, 0.01020408163265306, 0.006122448979591836, 0.009183673469387756],
[10, 0.158031999, 10921.148301992216, 0.01020408163265306, 0.006122448979591836, 0.007142857142857143],
[11, 0.17248279900000002, 10920.383319027485, 0.01020408163265306, 0.006122448979591836, 0.00816326530612245],
[12, 0.188043599, 10918.854469650681, 0.01020408163265306, 0.004081632653061225, 0.009183673469387756],
[13, 0.204048099, 10918.025725462945, 0.01020408163265306, 0.006122448979591836, 0.01020408163265306],
[14, 0.21705089900000002, 10917.672040751619, 0.01020408163265306, 0.006122448979591836, 0.01020408163265306],
[15, 0.230808899, 10917.244495217608, 0.01020408163265306, 0.006122448979591836, 0.012244897959183673],
[16, 0.244845899, 10916.135127419835, 0.01020408163265306, 0.004081632653061225, 0.011224489795918368],
[17, 0.2593254, 10916.27082961846, 0.01020408163265306, 0.004081632653061225, 0.011224489795918368],
[18, 0.2734424, 10916.332742941271, 0.01020408163265306, 0.004081632653061225, 0.011224489795918368],
[19, 0.2873631, 10915.273170624418, 0.01020408163265306, 0.004081632653061225, 0.01020408163265306],
[20, 0.30162469999999997, 10914.709263480987, 0.01020408163265306, 0.004081632653061225, 0.01020408163265306],
[21, 0.3157465, 10914.909749522376, 0.01020408163265306, 0.004081632653061225, 0.01020408163265306],
[22, 0.3299648, 10914.879506731892, 0.01020408163265306, 0.004081632653061225, 0.01020408163265306],
[23, 0.3443769, 10914.313764819053, 0.01020408163265306, 0.004081632653061225, 0.01020408163265306],
[24, 0.35880819999999997, 10914.724580483371, 0.01020408163265306, 0.004081632653061225, 0.01020408163265306],
[25, 0.37377429999999995, 10913.959539835798, 0.01020408163265306, 0.004081632653061225, 0.01020408163265306],
[26, 0.38845149999999995, 10913.35227148856, 0.01020408163265306, 0.004081632653061225, 0.01020408163265306],
[27, 0.40159189999999995, 10914.138096820467, 0.01020408163265306, 0.004081632653061225, 0.011224489795918368],
[28, 0.41483400099999995, 10913.622792099124, 0.01020408163265306, 0.004081632653061225, 0.012244897959183673],
[29, 0.428739901, 10914.308662468608, 0.01020408163265306, 0.004081632653061225, 0.012244897959183673],
[30, 0.44326550099999995, 10914.013173595898, 0.01020408163265306, 0.004081632653061225, 0.012244897959183673],
[31, 0.45698579999999994, 10914.44626955246, 0.01020408163265306, 0.004081632653061225, 0.012244897959183673],
[32, 0.47041069999999996, 10913.73457531604, 0.01020408163265306, 0.004081632653061225, 0.012244897959183673],
[33, 0.48431290099999996, 10913.937359277255, 0.01020408163265306, 0.004081632653061225, 0.011224489795918368],
[34, 0.504093, 10914.01388672594, 0.01020408163265306, 0.004081632653061225, 0.011224489795918368],
[35, 0.5176833000000001, 10913.43756306697, 0.01020408163265306, 0.004081632653061225, 0.011224489795918368],
[36, 0.5311746, 10913.44601928073, 0.01020408163265306, 0.004081632653061225, 0.011224489795918368],
[37, 0.544867999, 10913.032058956263, 0.01020408163265306, 0.004081632653061225, 0.011224489795918368],
[38, 0.5582089990000001, 10913.37490550126, 0.01020408163265306, 0.004081632653061225, 0.011224489795918368],
[39, 0.5719139980000001, 10913.420315821077, 0.01020408163265306, 0.004081632653061225, 0.011224489795918368],
[40, 0.5852888980000001, 10913.2120235663, 0.01020408163265306, 0.004081632653061225, 0.011224489795918368],
[41, 0.5988882980000001, 10913.22793615269, 0.01020408163265306, 0.004081632653061225, 0.011224489795918368],
[42, 0.6126020980000001, 10913.300428214448, 0.01020408163265306, 0.004081632653061225, 0.011224489795918368],
[43, 0.6269004990000001, 10913.146929633918, 0.01020408163265306, 0.004081632653061225, 0.011224489795918368],
[44, 0.6406944000000001, 10913.0584530869, 0.01020408163265306, 0.004081632653061225, 0.011224489795918368],
[45, 0.6540579000000001, 10913.61698340454, 0.01020408163265306, 0.004081632653061225, 0.011224489795918368],
[46, 0.6684743000000001, 10913.194290635893, 0.01020408163265306, 0.004081632653061225, 0.011224489795918368],
[47, 0.6828738000000001, 10913.468357564036, 0.01020408163265306, 0.004081632653061225, 0.011224489795918368],
[48, 0.696081699, 10913.14120526032, 0.01020408163265306, 0.004081632653061225, 0.011224489795918368],
[49, 0.7099216, 10914.181994103736, 0.01020408163265306, 0.004081632653061225, 0.011224489795918368],
[50, 0.723645101, 10913.382499823305, 0.01020408163265306, 0.004081632653061225, 0.011224489795918368],
[51, 0.737436401, 10913.797738057861, 0.01020408163265306, 0.004081632653061225, 0.011224489795918368],
[52, 0.751660201, 10913.046544174018, 0.01020408163265306, 0.004081632653061225, 0.011224489795918368],
[53, 0.7652977999999999, 10913.552996608656, 0.01020408163265306, 0.004081632653061225, 0.011224489795918368],
[54, 0.7792452, 10913.060466149356, 0.01020408163265306, 0.004081632653061225, 0.011224489795918368],
[55, 0.7932677, 10913.943175485438, 0.01020408163265306, 0.004081632653061225, 0.011224489795918368],
[56, 0.8077621, 10913.695596094873, 0.01020408163265306, 0.004081632653061225, 0.011224489795918368],
[57, 0.822132901, 10913.6191536664, 0.01020408163265306, 0.004081632653061225, 0.011224489795918368],
[58, 0.835486301, 10913.529610982916, 0.01020408163265306, 0.004081632653061225, 0.011224489795918368],
[59, 0.8501807, 10913.299347054424, 0.01020408163265306, 0.004081632653061225, 0.011224489795918368],
[60, 0.8639448, 10913.237899878312, 0.01020408163265306, 0.004081632653061225, 0.011224489795918368],
[61, 0.8781498999999999, 10913.649759160418, 0.01020408163265306, 0.004081632653061225, 0.011224489795918368],
[62, 0.8935268999999999, 10912.880668880867, 0.01020408163265306, 0.004081632653061225, 0.011224489795918368],
[63, 0.9081977999999999, 10913.783841852273, 0.01020408163265306, 0.004081632653061225, 0.011224489795918368],
[64, 0.9223288999999999, 10913.159679385393, 0.01020408163265306, 0.004081632653061225, 0.011224489795918368],
[65, 0.9360301999999999, 10913.721203932068, 0.01020408163265306, 0.004081632653061225, 0.011224489795918368],
[66, 0.9500228, 10913.648443624521, 0.01020408163265306, 0.004081632653061225, 0.011224489795918368],
[67, 0.963523999, 10914.028350211496, 0.01020408163265306, 0.004081632653061225, 0.011224489795918368],
[68, 0.9773177989999999, 10913.008894178478, 0.01020408163265306, 0.004081632653061225, 0.011224489795918368],
[69, 0.991330799, 10913.632873943248, 0.01020408163265306, 0.004081632653061225, 0.011224489795918368],
[70, 1.005118599, 10913.312435548936, 0.01020408163265306, 0.004081632653061225, 0.011224489795918368],
[71, 1.019000799, 10913.704326923915, 0.01020408163265306, 0.004081632653061225, 0.011224489795918368],
[72, 1.0323373980000001, 10913.439951794455, 0.01020408163265306, 0.004081632653061225, 0.011224489795918368],
[73, 1.046156698, 10912.998519645513, 0.01020408163265306, 0.004081632653061225, 0.011224489795918368],
[74, 1.059316598, 10913.547279117118, 0.01020408163265306, 0.004081632653061225, 0.011224489795918368],
[75, 1.085912497, 10913.634461826248, 0.01020408163265306, 0.004081632653061225, 0.011224489795918368],
[76, 1.0996419960000001, 10913.401497057814, 0.01020408163265306, 0.004081632653061225, 0.011224489795918368],
[77, 1.1138615960000002, 10913.505116218916, 0.01020408163265306, 0.004081632653061225, 0.011224489795918368],
[78, 1.1277948970000002, 10913.658175804385, 0.01020408163265306, 0.004081632653061225, 0.011224489795918368],
[79, 1.1424134970000002, 10913.579676165242, 0.01020408163265306, 0.004081632653061225, 0.011224489795918368],
[80, 1.156727298, 10913.73386962714, 0.01020408163265306, 0.004081632653061225, 0.011224489795918368],
[81, 1.1713924980000001, 10913.326561401402, 0.01020408163265306, 0.004081632653061225, 0.011224489795918368],
[82, 1.1864011970000001, 10913.592028983832, 0.01020408163265306, 0.004081632653061225, 0.011224489795918368],
[83, 1.200229497, 10914.1575347716, 0.01020408163265306, 0.004081632653061225, 0.011224489795918368],
[84, 1.214920097, 10913.970377104752, 0.01020408163265306, 0.004081632653061225, 0.011224489795918368],
[85, 1.228730898, 10913.242530495225, 0.01020408163265306, 0.004081632653061225, 0.011224489795918368],
[86, 1.242700799, 10913.433024342628, 0.01020408163265306, 0.004081632653061225, 0.011224489795918368],
[87, 1.2563764990000001, 10913.565362793232, 0.01020408163265306, 0.004081632653061225, 0.011224489795918368],
[88, 1.2696269980000001, 10913.24997308817, 0.01020408163265306, 0.004081632653061225, 0.011224489795918368],
[89, 1.2842754980000002, 10913.366615019231, 0.01020408163265306, 0.004081632653061225, 0.011224489795918368],
[90, 1.298825598, 10913.737820977143, 0.01020408163265306, 0.004081632653061225, 0.011224489795918368],
[91, 1.313584498, 10913.307648097427, 0.01020408163265306, 0.004081632653061225, 0.011224489795918368],
[92, 1.328128697, 10913.397792997444, 0.01020408163265306, 0.004081632653061225, 0.011224489795918368],
[93, 1.342246296, 10913.349577768226, 0.01020408163265306, 0.004081632653061225, 0.011224489795918368],
[94, 1.356002397, 10913.81225013544, 0.01020408163265306, 0.004081632653061225, 0.011224489795918368],
[95, 1.369627397, 10913.10064795648, 0.01020408163265306, 0.004081632653061225, 0.011224489795918368],
[96, 1.3836005969999998, 10913.223030316994, 0.01020408163265306, 0.004081632653061225, 0.011224489795918368],
[97, 1.3979908959999998, 10913.041395897904, 0.01020408163265306, 0.004081632653061225, 0.011224489795918368],
[98, 1.4121536959999998, 10913.731382997157, 0.01020408163265306, 0.004081632653061225, 0.011224489795918368],
[99, 1.4261711959999999, 10913.438477954462, 0.01020408163265306, 0.004081632653061225, 0.011224489795918368],
[100, 1.4404874959999998, 10912.819454378126, 0.01020408163265306, 0.004081632653061225, 0.011224489795918368],
[101, 1.4554411959999998, 10913.31571914205, 0.01020408163265306, 0.004081632653061225, 0.011224489795918368],
[102, 1.4697030959999997, 10913.52556784494, 0.01020408163265306, 0.004081632653061225, 0.011224489795918368],
[103, 1.4835114959999998, 10913.351074336455, 0.01020408163265306, 0.004081632653061225, 0.011224489795918368],
[104, 1.4975367959999997, 10913.593334700248, 0.01020408163265306, 0.004081632653061225, 0.011224489795918368],
[105, 1.5117980949999996, 10913.324769543604, 0.01020408163265306, 0.004081632653061225, 0.011224489795918368],
[106, 1.5253518949999996, 10913.281292892327, 0.01020408163265306, 0.004081632653061225, 0.011224489795918368],
[107, 1.5394543949999995, 10913.543521531277, 0.01020408163265306, 0.004081632653061225, 0.011224489795918368],
[108, 1.5540071959999995, 10913.543968626976, 0.01020408163265306, 0.004081632653061225, 0.011224489795918368],
[109, 1.5686831969999995, 10914.021985827032, 0.01020408163265306, 0.004081632653061225, 0.011224489795918368],
[110, 1.5830317969999994, 10913.825152802065, 0.01020408163265306, 0.004081632653061225, 0.011224489795918368],
[111, 1.5973604969999995, 10913.231478362797, 0.01020408163265306, 0.004081632653061225, 0.011224489795918368],
[112, 1.6108348969999995, 10913.584464732472, 0.01020408163265306, 0.004081632653061225, 0.011224489795918368],
[113, 1.6239307959999996, 10913.477668016516, 0.01020408163265306, 0.004081632653061225, 0.011224489795918368],
[114, 1.6382716959999997, 10913.770763977276, 0.01020408163265306, 0.004081632653061225, 0.011224489795918368],
[115, 1.6521906959999997, 10913.463804102515, 0.01020408163265306, 0.004081632653061225, 0.011224489795918368],
[116, 1.7232485969999998, 10913.311067336437, 0.01020408163265306, 0.004081632653061225, 0.011224489795918368],
[117, 1.7370134969999997, 10913.653582624213, 0.01020408163265306, 0.004081632653061225, 0.011224489795918368],
[118, 1.7507815979999997, 10912.822082428018, 0.01020408163265306, 0.004081632653061225, 0.011224489795918368],
[119, 1.7642505979999996, 10913.371655362198, 0.01020408163265306, 0.004081632653061225, 0.011224489795918368],
[120, 1.7785322979999996, 10912.956384605064, 0.01020408163265306, 0.004081632653061225, 0.011224489795918368],
[121, 1.7930289969999995, 10913.556073970345, 0.01020408163265306, 0.004081632653061225, 0.011224489795918368],
