rank: 30, ratio of 0 vs 1: 3, lambda:11, learning_rate: 0.1
iter time objective_function precision@K = 1, 5, 10
[0,11741.395847308395, 0.0 0.01020408163265306 0.009183673469387756],
[1, 0.0131392, 11477.74106287375, 0.01020408163265306, 0.00816326530612245, 0.011224489795918368],
[2, 0.0263102, 11310.127224642922, 0.030612244897959183, 0.02040816326530612, 0.014285714285714285],
[3, 0.0402449, 11148.792644632418, 0.02040816326530612, 0.01020408163265306, 0.01020408163265306],
[4, 0.0538998, 10987.707891829465, 0.0, 0.00816326530612245, 0.00816326530612245],
[5, 0.0674747, 10853.190741827393, 0.01020408163265306, 0.00816326530612245, 0.009183673469387756],
[6, 0.0801735, 10901.9543975518, 0.0, 0.012244897959183673, 0.01020408163265306],
[7, 0.0937643, 10852.990997445948, 0.0, 0.006122448979591836, 0.009183673469387756],
[8, 0.10631769899999999, 10901.97597091472, 0.0, 0.006122448979591836, 0.011224489795918368],
[9, 0.119710399, 10852.924012451751, 0.01020408163265306, 0.012244897959183673, 0.011224489795918368],
[10, 0.133895999, 10902.047552675296, 0.0, 0.0020408163265306124, 0.00510204081632653],
[11, 0.14620339899999998, 10852.86136010123, 0.01020408163265306, 0.00816326530612245, 0.011224489795918368],
[12, 0.16005899899999998, 10902.111102368239, 0.0, 0.012244897959183673, 0.006122448979591836],
[13, 0.173398599, 10852.792230684849, 0.01020408163265306, 0.004081632653061225, 0.00816326530612245],
[14, 0.186430999, 10902.179057637, 0.0, 0.012244897959183673, 0.011224489795918368],
[15, 0.200024299, 10852.726387982106, 0.01020408163265306, 0.012244897959183673, 0.011224489795918368],
[16, 0.21319239999999998, 10902.24747816631, 0.0, 0.012244897959183673, 0.014285714285714285],
[17, 0.22661479999999998, 10852.657773143512, 0.02040816326530612, 0.014285714285714285, 0.012244897959183673],
[18, 0.239362901, 10902.315493808932, 0.01020408163265306, 0.01020408163265306, 0.01020408163265306],
[19, 0.25259699999999996, 10852.594777133763, 0.01020408163265306, 0.012244897959183673, 0.014285714285714285],
[20, 0.26620320099999994, 10902.378640010424, 0.0, 0.01020408163265306, 0.007142857142857143],
[21, 0.28026030199999996, 10852.528185598108, 0.01020408163265306, 0.012244897959183673, 0.01020408163265306],
[22, 0.29359060099999995, 10902.439966294278, 0.01020408163265306, 0.014285714285714285, 0.009183673469387756],
[23, 0.451482501, 10852.469572667398, 0.01020408163265306, 0.004081632653061225, 0.006122448979591836],
[24, 0.46423740199999997, 10902.50142387432, 0.01020408163265306, 0.012244897959183673, 0.01020408163265306],
[25, 0.47876940199999996, 10852.413693978107, 0.01020408163265306, 0.018367346938775512, 0.0163265306122449],
[26, 0.49082800299999996, 10902.550183975956, 0.01020408163265306, 0.014285714285714285, 0.015306122448979591],
[27, 0.504242403, 10852.360339015338, 0.0, 0.01020408163265306, 0.00816326530612245],
[28, 0.516993704, 10902.613511067577, 0.02040816326530612, 0.01020408163265306, 0.009183673469387756],
[29, 0.530460903, 10852.295970908357, 0.0, 0.01020408163265306, 0.009183673469387756],
[30, 0.544210603, 10902.673419022634, 0.0, 0.006122448979591836, 0.00510204081632653],
[31, 0.557098003, 10852.242400155446, 0.01020408163265306, 0.0163265306122449, 0.014285714285714285],
[32, 0.570116303, 10902.7246892282, 0.02040816326530612, 0.01020408163265306, 0.01020408163265306],
[33, 0.5832812030000001, 10852.187298200848, 0.01020408163265306, 0.004081632653061225, 0.01020408163265306],
[34, 0.5973230030000001, 10902.784892976877, 0.01020408163265306, 0.02040816326530612, 0.018367346938775512],
[35, 0.6103186030000001, 10852.132482974375, 0.02040816326530612, 0.012244897959183673, 0.011224489795918368],
[36, 0.6231654030000001, 10902.837815304956, 0.0, 0.01020408163265306, 0.009183673469387756],
[37, 0.6359989020000001, 10852.075814112783, 0.0, 0.01020408163265306, 0.009183673469387756],
[38, 0.6494090010000001, 10902.891795611398, 0.0, 0.006122448979591836, 0.007142857142857143],
[39, 0.6626266010000001, 10852.016835645945, 0.02040816326530612, 0.018367346938775512, 0.01326530612244898],
[40, 0.6751380000000001, 10902.952569816938, 0.01020408163265306, 0.00816326530612245, 0.00510204081632653],
[41, 0.6889403000000002, 10851.95604260374, 0.01020408163265306, 0.012244897959183673, 0.012244897959183673],
[42, 0.7018086990000002, 10903.01890589644, 0.01020408163265306, 0.00816326530612245, 0.009183673469387756],
[43, 0.7141956990000002, 10851.895312419321, 0.030612244897959183, 0.014285714285714285, 0.012244897959183673],
[44, 0.7280459990000002, 10903.07533867817, 0.0, 0.006122448979591836, 0.007142857142857143],
[45, 0.7395895990000002, 10851.841386862492, 0.01020408163265306, 0.012244897959183673, 0.007142857142857143],
[46, 0.7535486990000002, 10903.131444379793, 0.0, 0.004081632653061225, 0.00816326530612245],
[47, 0.7669212990000002, 10851.780625580242, 0.01020408163265306, 0.014285714285714285, 0.011224489795918368],
[48, 0.7801558980000002, 10903.187603938411, 0.01020408163265306, 0.014285714285714285, 0.014285714285714285],
[49, 0.7932671980000002, 10851.72686071466, 0.01020408163265306, 0.0020408163265306124, 0.00816326530612245],
[50, 0.8058694990000003, 10903.246640423546, 0.01020408163265306, 0.01020408163265306, 0.009183673469387756],
[51, 0.8192759980000003, 10851.668506724236, 0.02040816326530612, 0.01020408163265306, 0.00510204081632653],
[52, 0.8325446980000003, 10903.303622071793, 0.01020408163265306, 0.02040816326530612, 0.014285714285714285],
[53, 0.8464336980000003, 10851.614132946283, 0.02040816326530612, 0.012244897959183673, 0.012244897959183673],
[54, 0.8597281990000003, 10903.351548376391, 0.01020408163265306, 0.012244897959183673, 0.007142857142857143],
[55, 0.8728392990000003, 10851.565633829987, 0.04081632653061224, 0.0163265306122449, 0.011224489795918368],
[56, 0.8864601980000003, 10903.40373687749, 0.01020408163265306, 0.006122448979591836, 0.011224489795918368],
[57, 0.8989194990000003, 10851.510690021314, 0.02040816326530612, 0.0163265306122449, 0.015306122448979591],
[58, 0.9139719000000004, 10903.457558657836, 0.030612244897959183, 0.0163265306122449, 0.014285714285714285],
[59, 0.9270509000000003, 10851.46032899769, 0.0, 0.00816326530612245, 0.011224489795918368],
[60, 0.9399789000000004, 10903.506879551462, 0.030612244897959183, 0.01020408163265306, 0.01020408163265306],
[61, 0.9531028990000004, 10851.415146494648, 0.0, 0.0163265306122449, 0.01020408163265306],
[62, 0.9662517990000005, 10903.551882604539, 0.0, 0.012244897959183673, 0.012244897959183673],
[63, 0.9801988990000005, 10851.368446603346, 0.01020408163265306, 0.01020408163265306, 0.015306122448979591],
[64, 1.0007679000000005, 10903.601757673621, 0.01020408163265306, 0.0020408163265306124, 0.011224489795918368],
[65, 1.0140872000000005, 10851.3150585728, 0.01020408163265306, 0.006122448979591836, 0.011224489795918368],
[66, 1.0315601000000005, 10903.650476711842, 0.01020408163265306, 0.00816326530612245, 0.00816326530612245],
[67, 1.0450162990000005, 10851.268799237972, 0.01020408163265306, 0.00816326530612245, 0.012244897959183673],
[68, 1.0592848990000006, 10903.700151480049, 0.0, 0.01020408163265306, 0.014285714285714285],
[69, 1.0724517990000006, 10851.216998913855, 0.01020408163265306, 0.01020408163265306, 0.00816326530612245],
[70, 1.0853441980000007, 10903.75479117507, 0.02040816326530612, 0.024489795918367346, 0.02040816326530612],
[71, 1.0988094990000008, 10851.165221357302, 0.0, 0.006122448979591836, 0.011224489795918368],
[72, 1.1120638990000007, 10903.805185302603, 0.01020408163265306, 0.0020408163265306124, 0.00816326530612245],
[73, 1.1256735990000006, 10851.113623467805, 0.0, 0.00816326530612245, 0.009183673469387756],
[74, 1.1394085980000006, 10903.859104224895, 0.0, 0.00816326530612245, 0.00816326530612245],
[75, 1.1526002980000005, 10851.06217324118, 0.0, 0.0163265306122449, 0.019387755102040816],
[76, 1.1659559980000005, 10903.909600848103, 0.0, 0.012244897959183673, 0.011224489795918368],
[77, 1.1794018980000005, 10851.00915726965, 0.02040816326530612, 0.006122448979591836, 0.007142857142857143],
[78, 1.1917293980000006, 10903.965850535473, 0.01020408163265306, 0.012244897959183673, 0.01326530612244898],
[79, 1.2078109970000006, 10850.960464165088, 0.0, 0.0, 0.006122448979591836],
[80, 1.2199628970000007, 10904.00724503003, 0.0, 0.00816326530612245, 0.00816326530612245],
[81, 1.2326313970000007, 10850.91669951775, 0.01020408163265306, 0.00816326530612245, 0.011224489795918368],
[82, 1.2452195970000006, 10904.057830010206, 0.01020408163265306, 0.01020408163265306, 0.011224489795918368],
[83, 1.2579132970000007, 10850.864088274308, 0.01020408163265306, 0.01020408163265306, 0.01020408163265306],
[84, 1.2709744970000008, 10904.105473134876, 0.01020408163265306, 0.006122448979591836, 0.007142857142857143],
[85, 1.2838430970000008, 10850.81908385985, 0.02040816326530612, 0.0163265306122449, 0.012244897959183673],
[86, 1.2963447970000008, 10904.153177471138, 0.02040816326530612, 0.004081632653061225, 0.007142857142857143],
[87, 1.3098254960000009, 10850.769323025253, 0.02040816326530612, 0.012244897959183673, 0.01326530612244898],
[88, 1.3242363960000008, 10904.200081118053, 0.02040816326530612, 0.014285714285714285, 0.011224489795918368],
[89, 1.3368644960000007, 10850.726105439462, 0.01020408163265306, 0.0163265306122449, 0.011224489795918368],
[90, 1.3495982960000006, 10904.243381815806, 0.02040816326530612, 0.0163265306122449, 0.009183673469387756],
[91, 1.3630683960000005, 10850.681992898704, 0.0, 0.0020408163265306124, 0.00510204081632653],
[92, 1.3781772970000006, 10904.288530922071, 0.030612244897959183, 0.02040816326530612, 0.0163265306122449],
[93, 1.3914043960000007, 10850.641499377089, 0.04081632653061224, 0.012244897959183673, 0.00816326530612245],
[94, 1.4044278970000006, 10904.325679007028, 0.0, 0.00816326530612245, 0.009183673469387756],
[95, 1.4172699970000007, 10850.597534802977, 0.02040816326530612, 0.01020408163265306, 0.01020408163265306],
[96, 1.4298427970000007, 10904.376508584648, 0.0, 0.00816326530612245, 0.011224489795918368],
[97, 1.4447225970000008, 10850.549785350244, 0.02040816326530612, 0.006122448979591836, 0.01020408163265306],
[98, 1.458892998000001, 10904.421614912959, 0.0, 0.01020408163265306, 0.00816326530612245],
[99, 1.4715265970000009, 10850.508721266182, 0.0, 0.006122448979591836, 0.00510204081632653],
[100, 1.484078897000001, 10904.463205057727, 0.0, 0.018367346938775512, 0.01020408163265306],
[101, 1.4969120960000009, 10850.460028668174, 0.0, 0.006122448979591836, 0.00510204081632653],
[102, 1.509757795000001, 10904.51401624695, 0.0, 0.00816326530612245, 0.00510204081632653],
[103, 1.523395295000001, 10850.413514776661, 0.0, 0.00816326530612245, 0.00816326530612245],
[104, 1.5361028950000009, 10904.56017865181, 0.01020408163265306, 0.006122448979591836, 0.006122448979591836],
[105, 1.5626051950000008, 10850.370228543265, 0.0, 0.00816326530612245, 0.00816326530612245],
[106, 1.5753870950000008, 10904.600478696218, 0.02040816326530612, 0.012244897959183673, 0.011224489795918368],
[107, 1.5885572950000009, 10850.32947184044, 0.0, 0.006122448979591836, 0.009183673469387756],
[108, 1.601703295000001, 10904.642581641196, 0.0, 0.00816326530612245, 0.006122448979591836],
[109, 1.614606095000001, 10850.2882503521, 0.01020408163265306, 0.012244897959183673, 0.014285714285714285],
[110, 1.627965595000001, 10904.682590423863, 0.0, 0.006122448979591836, 0.00510204081632653],
[111, 1.641646895000001, 10850.246956475941, 0.030612244897959183, 0.012244897959183673, 0.012244897959183673],
[112, 1.654314094000001, 10904.72357698425, 0.02040816326530612, 0.0163265306122449, 0.012244897959183673],
[113, 1.667397395000001, 10850.205008923505, 0.030612244897959183, 0.014285714285714285, 0.01326530612244898],
[114, 1.681349995000001, 10904.774271018783, 0.02040816326530612, 0.02040816326530612, 0.018367346938775512],
[115, 1.695440095000001, 10850.15902317644, 0.0, 0.00816326530612245, 0.009183673469387756],
[116, 1.7082639950000011, 10904.816539118408, 0.02040816326530612, 0.01020408163265306, 0.011224489795918368],
[117, 1.7205470950000012, 10850.112849907393, 0.02040816326530612, 0.014285714285714285, 0.01326530612244898],
[118, 1.7336445940000011, 10904.857500366657, 0.0, 0.00816326530612245, 0.007142857142857143],
[119, 1.7476716940000012, 10850.069535736537, 0.0, 0.0020408163265306124, 0.006122448979591836],
[120, 1.7612326940000012, 10904.902382840377, 0.01020408163265306, 0.00816326530612245, 0.01326530612244898],
[121, 1.7741200930000012, 10850.02979145384, 0.030612244897959183, 0.02040816326530612, 0.02040816326530612],
