rank: 30, ratio of 0 vs 1: 3, lambda:1, learning_rate: 0.1
iter time objective_function precision@K = 1, 5, 10
[0,10884.01292459647, 0.0 0.01020408163265306 0.009183673469387756],
[1, 0.013748199, 10879.032337411534, 0.0, 0.00816326530612245, 0.00816326530612245],
[2, 0.028219199, 10875.134166883687, 0.0, 0.01020408163265306, 0.009183673469387756],
[3, 0.042280899, 10872.020254120602, 0.01020408163265306, 0.01020408163265306, 0.01020408163265306],
[4, 0.0558588, 10869.13381247382, 0.01020408163265306, 0.012244897959183673, 0.012244897959183673],
[5, 0.070471801, 10866.91471389842, 0.01020408163265306, 0.01020408163265306, 0.01020408163265306],
[6, 0.083426501, 10864.42977222884, 0.01020408163265306, 0.00816326530612245, 0.00816326530612245],
[7, 0.097916301, 10864.13843159845, 0.01020408163265306, 0.006122448979591836, 0.012244897959183673],
[8, 0.1128044, 10862.41541221312, 0.01020408163265306, 0.00816326530612245, 0.011224489795918368],
[9, 0.126521699, 10861.361738476255, 0.01020408163265306, 0.006122448979591836, 0.009183673469387756],
[10, 0.14086759899999998, 10859.806601855387, 0.01020408163265306, 0.004081632653061225, 0.007142857142857143],
[11, 0.154626299, 10859.674095263885, 0.01020408163265306, 0.006122448979591836, 0.007142857142857143],
[12, 0.167279599, 10858.197088485731, 0.01020408163265306, 0.004081632653061225, 0.00816326530612245],
[13, 0.181176199, 10857.574575240065, 0.01020408163265306, 0.004081632653061225, 0.01020408163265306],
[14, 0.195179199, 10857.586218016762, 0.01020408163265306, 0.004081632653061225, 0.009183673469387756],
[15, 0.209327398, 10857.459635097657, 0.01020408163265306, 0.00816326530612245, 0.01020408163265306],
[16, 0.224430898, 10855.993432421632, 0.01020408163265306, 0.004081632653061225, 0.009183673469387756],
[17, 0.293087199, 10856.525887172655, 0.01020408163265306, 0.004081632653061225, 0.01020408163265306],
[18, 0.3085723, 10856.84043348843, 0.0, 0.006122448979591836, 0.01020408163265306],
[19, 0.3227601, 10855.310307017648, 0.0, 0.006122448979591836, 0.00816326530612245],
[20, 0.336157699, 10854.50300077438, 0.0, 0.006122448979591836, 0.00816326530612245],
[21, 0.350354099, 10855.08043866931, 0.0, 0.006122448979591836, 0.00816326530612245],
[22, 0.36470419899999995, 10855.058031431385, 0.0, 0.006122448979591836, 0.00816326530612245],
[23, 0.37899529899999995, 10854.044649569223, 0.0, 0.006122448979591836, 0.009183673469387756],
[24, 0.39254459899999994, 10854.93079451941, 0.0, 0.006122448979591836, 0.009183673469387756],
[25, 0.40638299999999994, 10853.621257008026, 0.0, 0.006122448979591836, 0.00816326530612245],
[26, 0.4201655999999999, 10852.697991542289, 0.0, 0.006122448979591836, 0.00816326530612245],
[27, 0.4343478999999999, 10854.062433369272, 0.0, 0.006122448979591836, 0.007142857142857143],
[28, 0.4480075989999999, 10853.180374990689, 0.0, 0.006122448979591836, 0.007142857142857143],
[29, 0.4625344979999999, 10854.177023776156, 0.0, 0.006122448979591836, 0.007142857142857143],
[30, 0.4763627979999999, 10853.82114730533, 0.0, 0.006122448979591836, 0.007142857142857143],
[31, 0.4900015979999999, 10854.456416774417, 0.0, 0.006122448979591836, 0.007142857142857143],
[32, 0.5042004979999999, 10853.321529599445, 0.0, 0.006122448979591836, 0.007142857142857143],
[33, 0.5182175979999999, 10853.498192807383, 0.0, 0.006122448979591836, 0.007142857142857143],
[34, 0.5314833989999999, 10853.721877959966, 0.0, 0.006122448979591836, 0.007142857142857143],
[35, 0.5459594979999999, 10852.841620597457, 0.0, 0.006122448979591836, 0.007142857142857143],
[36, 0.5601246979999999, 10852.662492832287, 0.0, 0.006122448979591836, 0.007142857142857143],
[37, 0.5742802979999999, 10851.993710835357, 0.0, 0.006122448979591836, 0.007142857142857143],
[38, 0.5877561979999999, 10852.414830474932, 0.0, 0.006122448979591836, 0.00816326530612245],
[39, 0.6019392979999999, 10852.528717780933, 0.0, 0.006122448979591836, 0.007142857142857143],
[40, 0.6158928989999999, 10852.113501405835, 0.0, 0.006122448979591836, 0.00816326530612245],
[41, 0.6292711989999998, 10852.276946883787, 0.0, 0.006122448979591836, 0.007142857142857143],
[42, 0.6432661999999998, 10852.36224239177, 0.0, 0.006122448979591836, 0.007142857142857143],
[43, 0.6575812999999998, 10852.06100901238, 0.0, 0.006122448979591836, 0.007142857142857143],
[44, 0.6711530999999998, 10851.920649809535, 0.0, 0.006122448979591836, 0.007142857142857143],
[45, 0.6852095999999999, 10852.847050046299, 0.0, 0.006122448979591836, 0.007142857142857143],
[46, 0.6992556999999998, 10852.057364678232, 0.0, 0.006122448979591836, 0.00816326530612245],
[47, 0.7136655999999998, 10852.636676515172, 0.0, 0.006122448979591836, 0.00816326530612245],
[48, 0.7274010999999998, 10852.01513717556, 0.0, 0.006122448979591836, 0.007142857142857143],
[49, 0.7424969009999998, 10853.82907024572, 0.0, 0.006122448979591836, 0.007142857142857143],
[50, 0.7571028999999998, 10852.373499709083, 0.0, 0.006122448979591836, 0.007142857142857143],
[51, 0.7730102989999998, 10853.024259103731, 0.0, 0.006122448979591836, 0.007142857142857143],
[52, 0.7866784989999999, 10851.84888522989, 0.0, 0.006122448979591836, 0.007142857142857143],
[53, 0.8019453989999998, 10852.670091906806, 0.0, 0.006122448979591836, 0.007142857142857143],
[54, 0.8156746989999999, 10851.90511369246, 0.0, 0.006122448979591836, 0.007142857142857143],
[55, 0.8295764989999999, 10853.332068302167, 0.0, 0.006122448979591836, 0.007142857142857143],
[56, 0.8436229989999998, 10852.93636911077, 0.0, 0.006122448979591836, 0.007142857142857143],
[57, 0.8566546989999998, 10852.65427802563, 0.0, 0.006122448979591836, 0.007142857142857143],
[58, 0.8756998979999998, 10852.517709913796, 0.0, 0.006122448979591836, 0.007142857142857143],
[59, 0.8901023979999998, 10852.087332150992, 0.0, 0.006122448979591836, 0.007142857142857143],
[60, 0.9044293979999998, 10852.016222071887, 0.0, 0.006122448979591836, 0.007142857142857143],
[61, 0.9185564979999997, 10852.78311118855, 0.0, 0.006122448979591836, 0.007142857142857143],
[62, 0.9327584979999998, 10851.616904153203, 0.0, 0.006122448979591836, 0.007142857142857143],
[63, 0.9469308979999997, 10853.014005528068, 0.0, 0.006122448979591836, 0.007142857142857143],
[64, 0.9608498979999998, 10851.944687203846, 0.0, 0.006122448979591836, 0.007142857142857143],
[65, 0.9747873979999998, 10852.79464261208, 0.0, 0.006122448979591836, 0.007142857142857143],
[66, 0.9881529989999998, 10852.910971378573, 0.0, 0.006122448979591836, 0.007142857142857143],
[67, 1.0019598979999997, 10853.446661316486, 0.0, 0.006122448979591836, 0.007142857142857143],
[68, 1.0160719979999997, 10851.634666090333, 0.0, 0.006122448979591836, 0.007142857142857143],
[69, 1.0301949969999997, 10852.696157731996, 0.0, 0.006122448979591836, 0.007142857142857143],
[70, 1.0446225979999997, 10852.248854390622, 0.0, 0.006122448979591836, 0.007142857142857143],
[71, 1.0596588979999997, 10852.819402026264, 0.0, 0.006122448979591836, 0.007142857142857143],
[72, 1.0743226989999997, 10852.44254026371, 0.0, 0.006122448979591836, 0.007142857142857143],
[73, 1.0883462989999997, 10851.764412333006, 0.0, 0.006122448979591836, 0.007142857142857143],
[74, 1.1039882989999996, 10852.528451981927, 0.0, 0.006122448979591836, 0.007142857142857143],
[75, 1.1183734989999996, 10852.671107528906, 0.0, 0.006122448979591836, 0.007142857142857143],
[76, 1.1330358989999996, 10852.332770871471, 0.0, 0.006122448979591836, 0.007142857142857143],
[77, 1.1469532989999995, 10852.52927328788, 0.0, 0.006122448979591836, 0.007142857142857143],
[78, 1.1608415989999996, 10852.656658369118, 0.0, 0.006122448979591836, 0.007142857142857143],
[79, 1.1753345989999997, 10852.723780692117, 0.0, 0.006122448979591836, 0.007142857142857143],
[80, 1.1890608999999996, 10852.813849199616, 0.0, 0.006122448979591836, 0.007142857142857143],
[81, 1.2032319009999997, 10852.14169551408, 0.0, 0.006122448979591836, 0.007142857142857143],
[82, 1.2173885009999996, 10852.51227808958, 0.0, 0.006122448979591836, 0.007142857142857143],
[83, 1.2312493009999996, 10853.607246516702, 0.0, 0.006122448979591836, 0.007142857142857143],
[84, 1.2445115009999996, 10853.169954489722, 0.0, 0.006122448979591836, 0.007142857142857143],
[85, 1.2585184009999997, 10852.12419114034, 0.0, 0.006122448979591836, 0.007142857142857143],
[86, 1.2720958019999997, 10852.397377377984, 0.0, 0.006122448979591836, 0.007142857142857143],
[87, 1.2856688009999997, 10852.534138963187, 0.0, 0.006122448979591836, 0.007142857142857143],
[88, 1.2995576019999997, 10852.00562072435, 0.0, 0.006122448979591836, 0.007142857142857143],
[89, 1.3149681009999996, 10852.34114795552, 0.0, 0.006122448979591836, 0.007142857142857143],
[90, 1.3289388019999997, 10852.853131626294, 0.0, 0.006122448979591836, 0.007142857142857143],
[91, 1.3424972019999997, 10852.210777201786, 0.0, 0.006122448979591836, 0.007142857142857143],
[92, 1.3565231019999997, 10852.35368674045, 0.0, 0.006122448979591836, 0.007142857142857143],
[93, 1.3699203019999997, 10852.296733614747, 0.0, 0.006122448979591836, 0.007142857142857143],
[94, 1.3838316029999997, 10853.160482121677, 0.0, 0.006122448979591836, 0.007142857142857143],
[95, 1.3976237019999997, 10851.861493185472, 0.0, 0.006122448979591836, 0.007142857142857143],
[96, 1.4115541019999998, 10852.076429515311, 0.0, 0.006122448979591836, 0.007142857142857143],
[97, 1.4251396029999999, 10851.708166521921, 0.0, 0.006122448979591836, 0.007142857142857143],
[98, 1.4390861019999999, 10852.869937052697, 0.0, 0.006122448979591836, 0.007142857142857143],
[99, 1.466516102, 10852.424127710392, 0.0, 0.006122448979591836, 0.007142857142857143],
[100, 1.480837602, 10851.421156354783, 0.0, 0.006122448979591836, 0.007142857142857143],
[101, 1.494909702, 10852.152860593833, 0.0, 0.006122448979591836, 0.007142857142857143],
[102, 1.5086439029999998, 10852.607453333803, 0.0, 0.006122448979591836, 0.007142857142857143],
[103, 1.5221311029999998, 10852.211986456487, 0.0, 0.006122448979591836, 0.007142857142857143],
[104, 1.5354384029999997, 10852.74305008235, 0.0, 0.006122448979591836, 0.007142857142857143],
[105, 1.5488428019999996, 10852.276759144923, 0.0, 0.006122448979591836, 0.007142857142857143],
[106, 1.5625376019999995, 10852.119119817182, 0.0, 0.006122448979591836, 0.007142857142857143],
[107, 1.5765894019999995, 10852.501206375358, 0.0, 0.006122448979591836, 0.007142857142857143],
[108, 1.5906063009999996, 10852.709415461684, 0.0, 0.006122448979591836, 0.007142857142857143],
[109, 1.6044841009999995, 10853.359448873924, 0.0, 0.006122448979591836, 0.007142857142857143],
[110, 1.6188726009999994, 10853.217741337905, 0.0, 0.006122448979591836, 0.007142857142857143],
[111, 1.6333649009999993, 10851.953672713082, 0.0, 0.006122448979591836, 0.007142857142857143],
[112, 1.6477439009999992, 10852.569421617378, 0.0, 0.006122448979591836, 0.007142857142857143],
[113, 1.6622898009999991, 10852.42639193812, 0.0, 0.006122448979591836, 0.007142857142857143],
[114, 1.676245100999999, 10852.990090651687, 0.0, 0.006122448979591836, 0.007142857142857143],
[115, 1.690519000999999, 10852.46971535188, 0.0, 0.006122448979591836, 0.007142857142857143],
[116, 1.704763899999999, 10852.195260002196, 0.0, 0.006122448979591836, 0.007142857142857143],
[117, 1.718890199999999, 10852.711089722103, 0.0, 0.006122448979591836, 0.007142857142857143],
[118, 1.733855999999999, 10851.300567114877, 0.0, 0.006122448979591836, 0.007142857142857143],
[119, 1.747926999999999, 10852.263587579571, 0.0, 0.006122448979591836, 0.007142857142857143],
[120, 1.7623969989999988, 10851.636880111162, 0.0, 0.006122448979591836, 0.007142857142857143],
[121, 1.7770933999999987, 10852.587333015594, 0.0, 0.006122448979591836, 0.007142857142857143],
