rank: 30, ratio of 0 vs 1: 3, lambda:1, learning_rate: 0.1
iter time objective_function precision@K = 1, 5, 10
[0,10884.01292459647, 0.0 0.01020408163265306 0.009183673469387756],
[1, 0.014495799, 10879.032337411534, 0.0, 0.00816326530612245, 0.00816326530612245],
[2, 0.028618299, 10874.942496372641, 0.0, 0.01020408163265306, 0.00816326530612245],
[3, 0.042786499, 10871.534106202465, 0.01020408163265306, 0.01020408163265306, 0.01020408163265306],
[4, 0.056604998999999996, 10868.264021682025, 0.01020408163265306, 0.01020408163265306, 0.012244897959183673],
[5, 0.071202398, 10865.68294281615, 0.01020408163265306, 0.01020408163265306, 0.01020408163265306],
[6, 0.084866898, 10862.82290017961, 0.01020408163265306, 0.00816326530612245, 0.00816326530612245],
[7, 0.099074999, 10862.084123094475, 0.01020408163265306, 0.006122448979591836, 0.00816326530612245],
[8, 0.113340399, 10859.943241834253, 0.01020408163265306, 0.01020408163265306, 0.011224489795918368],
[9, 0.126394699, 10858.442698430184, 0.0, 0.006122448979591836, 0.007142857142857143],
[10, 0.1400376, 10856.334649596483, 0.0, 0.004081632653061225, 0.00510204081632653],
[11, 0.15304720000000002, 10855.789367796635, 0.0, 0.004081632653061225, 0.00816326530612245],
[12, 0.17285250000000002, 10853.972523307173, 0.0, 0.006122448979591836, 0.00816326530612245],
[13, 0.1875639, 10852.843001588864, 0.0, 0.006122448979591836, 0.006122448979591836],
[14, 0.201399101, 10852.335227457777, 0.0, 0.004081632653061225, 0.006122448979591836],
[15, 0.21593390099999998, 10851.954711213364, 0.0, 0.004081632653061225, 0.007142857142857143],
[16, 0.22989490199999998, 10849.956739099724, 0.0, 0.00816326530612245, 0.00816326530612245],
[17, 0.24443020099999999, 10850.046566593483, 0.0, 0.00816326530612245, 0.00816326530612245],
[18, 0.2579335, 10849.789730681705, 0.0, 0.006122448979591836, 0.009183673469387756],
[19, 0.2723735, 10847.816120472335, 0.0, 0.006122448979591836, 0.00816326530612245],
[20, 0.286343999, 10846.596435645668, 0.0, 0.006122448979591836, 0.009183673469387756],
[21, 0.30091649800000003, 10847.041402776527, 0.0, 0.006122448979591836, 0.009183673469387756],
[22, 0.314908497, 10846.429063606622, 0.0, 0.006122448979591836, 0.00816326530612245],
[23, 0.337776297, 10844.659202527226, 0.0, 0.006122448979591836, 0.009183673469387756],
[24, 0.35175359700000003, 10845.609315917052, 0.0, 0.006122448979591836, 0.009183673469387756],
[25, 0.36620349700000004, 10843.721604526556, 0.0, 0.006122448979591836, 0.00816326530612245],
[26, 0.380215697, 10842.619927474743, 0.0, 0.006122448979591836, 0.00816326530612245],
[27, 0.394759297, 10843.788807758829, 0.0, 0.00816326530612245, 0.00816326530612245],
[28, 0.407658097, 10842.386261419097, 0.0, 0.00816326530612245, 0.009183673469387756],
[29, 0.421844397, 10842.920561889823, 0.0, 0.00816326530612245, 0.009183673469387756],
[30, 0.433548997, 10842.596340081975, 0.0, 0.01020408163265306, 0.009183673469387756],
[31, 0.44645909699999997, 10842.601824963494, 0.0, 0.01020408163265306, 0.009183673469387756],
[32, 0.46051599699999995, 10841.33010446628, 0.0, 0.01020408163265306, 0.009183673469387756],
[33, 0.47385579699999997, 10840.985578196362, 0.0, 0.01020408163265306, 0.009183673469387756],
[34, 0.48818139699999996, 10841.225327758691, 0.0, 0.012244897959183673, 0.009183673469387756],
[35, 0.501712297, 10840.10879150053, 0.0, 0.01020408163265306, 0.009183673469387756],
[36, 0.515612597, 10839.241318588622, 0.0, 0.012244897959183673, 0.009183673469387756],
[37, 0.529322098, 10838.513403960022, 0.0, 0.012244897959183673, 0.01020408163265306],
[38, 0.543334298, 10838.575049189527, 0.0, 0.012244897959183673, 0.01020408163265306],
[39, 0.556482298, 10838.581801445813, 0.0, 0.012244897959183673, 0.01020408163265306],
[40, 0.570248898, 10837.75518126279, 0.0, 0.012244897959183673, 0.01020408163265306],
[41, 0.584490198, 10838.0408457118, 0.0, 0.01020408163265306, 0.01020408163265306],
[42, 0.5979703980000001, 10837.896918611756, 0.0, 0.01020408163265306, 0.01020408163265306],
[43, 0.612302098, 10837.368784938733, 0.0, 0.012244897959183673, 0.01020408163265306],
[44, 0.625523097, 10837.001135425811, 0.0, 0.00816326530612245, 0.01020408163265306],
[45, 0.6385921969999999, 10837.846158419114, 0.0, 0.01020408163265306, 0.01020408163265306],
[46, 0.653089297, 10836.666214541621, 0.0, 0.00816326530612245, 0.01020408163265306],
[47, 0.666640197, 10837.397908499075, 0.0, 0.01020408163265306, 0.01020408163265306],
[48, 0.680353797, 10836.51286499639, 0.0, 0.01020408163265306, 0.01020408163265306],
[49, 0.694085997, 10838.251816816897, 0.0, 0.00816326530612245, 0.01020408163265306],
[50, 0.709231898, 10836.508866208387, 0.0, 0.00816326530612245, 0.01020408163265306],
[51, 0.724565398, 10837.030569257076, 0.0, 0.00816326530612245, 0.01020408163265306],
[52, 0.738650497, 10835.813785177024, 0.0, 0.00816326530612245, 0.01020408163265306],
[53, 0.753807397, 10836.621132566801, 0.0, 0.00816326530612245, 0.01020408163265306],
[54, 0.768375597, 10835.723094885883, 0.0, 0.00816326530612245, 0.01020408163265306],
[55, 0.782426898, 10836.95802864495, 0.0, 0.00816326530612245, 0.01020408163265306],
[56, 0.796799898, 10836.584671559422, 0.0, 0.00816326530612245, 0.01020408163265306],
[57, 0.8112030969999999, 10835.819058494417, 0.0, 0.00816326530612245, 0.01020408163265306],
[58, 0.825505297, 10835.652321763897, 0.0, 0.006122448979591836, 0.01020408163265306],
[59, 0.840095697, 10835.09045106227, 0.0, 0.006122448979591836, 0.01020408163265306],
[60, 0.854000497, 10834.960224359816, 0.0, 0.006122448979591836, 0.01020408163265306],
[61, 0.868740798, 10835.923305362503, 0.0, 0.006122448979591836, 0.01020408163265306],
[62, 0.8824810980000001, 10834.889586256231, 0.0, 0.006122448979591836, 0.01020408163265306],
[63, 0.8968459980000001, 10835.902213928735, 0.0, 0.006122448979591836, 0.01020408163265306],
[64, 0.9259971980000001, 10834.725797802259, 0.0, 0.006122448979591836, 0.01020408163265306],
[65, 0.9408317980000002, 10835.153545319521, 0.0, 0.006122448979591836, 0.01020408163265306],
[66, 0.9544074970000002, 10835.973976884286, 0.01020408163265306, 0.006122448979591836, 0.01020408163265306],
[67, 0.9691482970000002, 10836.151099896797, 0.01020408163265306, 0.006122448979591836, 0.009183673469387756],
[68, 0.9837468980000001, 10834.147466340519, 0.01020408163265306, 0.006122448979591836, 0.009183673469387756],
[69, 0.9976645980000002, 10835.180069422891, 0.01020408163265306, 0.006122448979591836, 0.009183673469387756],
[70, 1.0114035970000002, 10834.847096291103, 0.01020408163265306, 0.006122448979591836, 0.009183673469387756],
[71, 1.025337297, 10835.015045521066, 0.01020408163265306, 0.006122448979591836, 0.009183673469387756],
[72, 1.0395651970000002, 10834.916541708582, 0.01020408163265306, 0.006122448979591836, 0.00816326530612245],
[73, 1.0541482960000002, 10834.308776652308, 0.01020408163265306, 0.006122448979591836, 0.00816326530612245],
[74, 1.0689228960000001, 10834.686769350212, 0.01020408163265306, 0.006122448979591836, 0.00816326530612245],
[75, 1.0838368960000002, 10834.76201968604, 0.01020408163265306, 0.006122448979591836, 0.00816326530612245],
[76, 1.0982292960000002, 10834.40247242066, 0.01020408163265306, 0.006122448979591836, 0.009183673469387756],
[77, 1.1124851960000002, 10834.701177869607, 0.01020408163265306, 0.006122448979591836, 0.009183673469387756],
[78, 1.1262727970000002, 10834.366616332722, 0.01020408163265306, 0.006122448979591836, 0.009183673469387756],
[79, 1.1399112980000001, 10834.89252361526, 0.01020408163265306, 0.006122448979591836, 0.009183673469387756],
[80, 1.154264098, 10834.67187431855, 0.01020408163265306, 0.006122448979591836, 0.009183673469387756],
[81, 1.168505998, 10834.138061840229, 0.01020408163265306, 0.006122448979591836, 0.009183673469387756],
[82, 1.183412998, 10834.247716537146, 0.01020408163265306, 0.006122448979591836, 0.009183673469387756],
[83, 1.198303099, 10835.46080048417, 0.01020408163265306, 0.006122448979591836, 0.009183673469387756],
[84, 1.211338899, 10834.847079186546, 0.01020408163265306, 0.006122448979591836, 0.00816326530612245],
[85, 1.225534599, 10834.163999825098, 0.01020408163265306, 0.006122448979591836, 0.00816326530612245],
[86, 1.239150899, 10834.426256443565, 0.01020408163265306, 0.006122448979591836, 0.00816326530612245],
[87, 1.253268298, 10834.233968368024, 0.01020408163265306, 0.006122448979591836, 0.00816326530612245],
[88, 1.2675326980000001, 10833.618670288033, 0.01020408163265306, 0.006122448979591836, 0.00816326530612245],
[89, 1.281732399, 10834.404214002461, 0.01020408163265306, 0.006122448979591836, 0.00816326530612245],
[90, 1.295468499, 10834.672285273093, 0.01020408163265306, 0.006122448979591836, 0.00816326530612245],
[91, 1.310527199, 10834.130042126657, 0.01020408163265306, 0.006122448979591836, 0.00816326530612245],
[92, 1.325144398, 10834.238075333846, 0.01020408163265306, 0.006122448979591836, 0.00816326530612245],
[93, 1.339125199, 10834.232147076085, 0.01020408163265306, 0.006122448979591836, 0.00816326530612245],
[94, 1.3529966, 10835.46890859947, 0.01020408163265306, 0.006122448979591836, 0.00816326530612245],
[95, 1.3672603, 10833.532747742991, 0.01020408163265306, 0.006122448979591836, 0.00816326530612245],
[96, 1.3815563000000002, 10833.778226791484, 0.01020408163265306, 0.006122448979591836, 0.00816326530612245],
[97, 1.3962471, 10833.344437435286, 0.01020408163265306, 0.006122448979591836, 0.00816326530612245],
[98, 1.409970599, 10834.491181145504, 0.01020408163265306, 0.006122448979591836, 0.00816326530612245],
[99, 1.424337899, 10834.203030304017, 0.01020408163265306, 0.006122448979591836, 0.00816326530612245],
[100, 1.438455099, 10833.171426129013, 0.01020408163265306, 0.006122448979591836, 0.00816326530612245],
[101, 1.4528008000000001, 10833.68568046595, 0.01020408163265306, 0.006122448979591836, 0.00816326530612245],
[102, 1.4668262, 10834.277038039012, 0.01020408163265306, 0.006122448979591836, 0.00816326530612245],
[103, 1.4811431000000002, 10833.721947597222, 0.01020408163265306, 0.006122448979591836, 0.00816326530612245],
[104, 1.4947028000000002, 10834.566387472889, 0.01020408163265306, 0.006122448979591836, 0.00816326530612245],
[105, 1.5605749000000002, 10834.146821116612, 0.01020408163265306, 0.006122448979591836, 0.00816326530612245],
[106, 1.5739595000000002, 10833.702696816843, 0.01020408163265306, 0.006122448979591836, 0.00816326530612245],
[107, 1.5876521000000001, 10833.992105106545, 0.01020408163265306, 0.006122448979591836, 0.00816326530612245],
[108, 1.6009027, 10834.724271810479, 0.01020408163265306, 0.006122448979591836, 0.00816326530612245],
[109, 1.614222799, 10834.913174757943, 0.01020408163265306, 0.006122448979591836, 0.00816326530612245],
[110, 1.628205798, 10835.327563951385, 0.01020408163265306, 0.006122448979591836, 0.00816326530612245],
[111, 1.642765698, 10833.330073915951, 0.01020408163265306, 0.006122448979591836, 0.00816326530612245],
[112, 1.656319098, 10833.879115437183, 0.01020408163265306, 0.006122448979591836, 0.00816326530612245],
[113, 1.670329397, 10833.791776832231, 0.01020408163265306, 0.006122448979591836, 0.00816326530612245],
[114, 1.6844687969999999, 10834.482650400092, 0.01020408163265306, 0.006122448979591836, 0.00816326530612245],
[115, 1.698518297, 10834.170156190941, 0.01020408163265306, 0.006122448979591836, 0.00816326530612245],
[116, 1.7121159959999999, 10833.88612528778, 0.01020408163265306, 0.006122448979591836, 0.00816326530612245],
[117, 1.7258926959999998, 10834.173098413887, 0.01020408163265306, 0.006122448979591836, 0.00816326530612245],
[118, 1.7396261949999998, 10832.547941866107, 0.01020408163265306, 0.006122448979591836, 0.00816326530612245],
[119, 1.7534937949999998, 10833.776306221402, 0.01020408163265306, 0.006122448979591836, 0.00816326530612245],
[120, 1.7673303949999999, 10833.222115981956, 0.01020408163265306, 0.006122448979591836, 0.00816326530612245],
[121, 1.7804095949999998, 10834.078517883543, 0.01020408163265306, 0.006122448979591836, 0.00816326530612245],
