rank: 30, ratio of 0 vs 1: 3, lambda:12, learning_rate: 0.1
iter time objective_function precision@K = 1, 5, 10
[0,11827.134139579588, 0.0 0.01020408163265306 0.009183673469387756],
[1, 0.012977199, 11520.035343419633, 0.01020408163265306, 0.00816326530612245, 0.012244897959183673],
[2, 0.026146399, 11362.410810784164, 0.030612244897959183, 0.022448979591836737, 0.015306122448979591],
[3, 0.038853700000000005, 11239.127154202122, 0.030612244897959183, 0.00816326530612245, 0.011224489795918368],
[4, 0.050985801000000004, 11140.766846311722, 0.01020408163265306, 0.00816326530612245, 0.00816326530612245],
[5, 0.209237102, 11062.214984963415, 0.01020408163265306, 0.01020408163265306, 0.009183673469387756],
[6, 0.222559601, 10999.347888378865, 0.01020408163265306, 0.00816326530612245, 0.00816326530612245],
[7, 0.235615201, 10949.061529998664, 0.01020408163265306, 0.00816326530612245, 0.006122448979591836],
[8, 0.248039502, 10909.733712525378, 0.0, 0.00816326530612245, 0.009183673469387756],
[9, 0.26112800199999997, 10882.756495728941, 0.0, 0.00816326530612245, 0.00816326530612245],
[10, 0.275515702, 10861.08897565233, 0.0, 0.006122448979591836, 0.009183673469387756],
[11, 0.287994102, 10848.14986892154, 0.0, 0.00816326530612245, 0.009183673469387756],
[12, 0.30074200199999995, 10836.677713980716, 0.0, 0.006122448979591836, 0.009183673469387756],
[13, 0.317222001, 10830.289386021352, 0.0, 0.006122448979591836, 0.012244897959183673],
[14, 0.33164920099999995, 10824.446653202824, 0.02040816326530612, 0.006122448979591836, 0.01020408163265306],
[15, 0.34446470099999993, 10820.815153569602, 0.02040816326530612, 0.00816326530612245, 0.011224489795918368],
[16, 0.3584645999999999, 10817.428028706296, 0.0, 0.0020408163265306124, 0.01020408163265306],
[17, 0.3716671009999999, 10815.295855684477, 0.0, 0.004081632653061225, 0.01020408163265306],
[18, 0.3854506009999999, 10813.248807792323, 0.0, 0.006122448979591836, 0.01020408163265306],
[19, 0.3994193009999999, 10812.099317239159, 0.0, 0.006122448979591836, 0.011224489795918368],
[20, 0.4134661009999999, 10810.704957335853, 0.0, 0.006122448979591836, 0.011224489795918368],
[21, 0.4274574009999999, 10809.992369959898, 0.0, 0.004081632653061225, 0.00816326530612245],
[22, 0.4411726009999999, 10809.26495775926, 0.01020408163265306, 0.004081632653061225, 0.01020408163265306],
[23, 0.4539591999999999, 10808.747552005156, 0.0, 0.004081632653061225, 0.01020408163265306],
[24, 0.4671033999999999, 10808.268031352889, 0.0, 0.004081632653061225, 0.011224489795918368],
[25, 0.4791971999999999, 10807.950794948674, 0.0, 0.004081632653061225, 0.011224489795918368],
[26, 0.4921212989999999, 10807.67878217669, 0.01020408163265306, 0.004081632653061225, 0.011224489795918368],
[27, 0.5055380999999999, 10807.492493695738, 0.0, 0.004081632653061225, 0.011224489795918368],
[28, 0.5189617009999998, 10807.305234778058, 0.0, 0.004081632653061225, 0.011224489795918368],
[29, 0.5313106009999998, 10807.18496282005, 0.0, 0.004081632653061225, 0.011224489795918368],
[30, 0.5455453009999999, 10807.069208674708, 0.01020408163265306, 0.004081632653061225, 0.011224489795918368],
[31, 0.5580648999999999, 10806.999978425756, 0.01020408163265306, 0.004081632653061225, 0.011224489795918368],
[32, 0.5709138999999999, 10806.922961073338, 0.01020408163265306, 0.004081632653061225, 0.011224489795918368],
[33, 0.5846468009999999, 10806.872596716783, 0.01020408163265306, 0.004081632653061225, 0.011224489795918368],
[34, 0.5980135009999998, 10806.821804738427, 0.01020408163265306, 0.004081632653061225, 0.011224489795918368],
[35, 0.6108826009999998, 10806.795393907925, 0.01020408163265306, 0.004081632653061225, 0.011224489795918368],
[36, 0.6232483999999998, 10806.76400888313, 0.01020408163265306, 0.004081632653061225, 0.011224489795918368],
[37, 0.6367890989999998, 10806.742350903329, 0.01020408163265306, 0.004081632653061225, 0.011224489795918368],
[38, 0.6495682989999998, 10806.722012244376, 0.01020408163265306, 0.004081632653061225, 0.011224489795918368],
[39, 0.6639742979999997, 10806.711917394754, 0.01020408163265306, 0.004081632653061225, 0.011224489795918368],
[40, 0.6769838979999997, 10806.69835802369, 0.01020408163265306, 0.004081632653061225, 0.011224489795918368],
[41, 0.6899506989999997, 10806.689961869652, 0.01020408163265306, 0.004081632653061225, 0.011224489795918368],
[42, 0.7024656989999998, 10806.68183217734, 0.01020408163265306, 0.004081632653061225, 0.011224489795918368],
[43, 0.7150329989999997, 10806.677281259921, 0.01020408163265306, 0.004081632653061225, 0.011224489795918368],
[44, 0.7285008989999997, 10806.670793557954, 0.01020408163265306, 0.004081632653061225, 0.011224489795918368],
[45, 0.7412667989999997, 10806.668477049998, 0.01020408163265306, 0.004081632653061225, 0.011224489795918368],
[46, 0.7736452989999997, 10806.665052192466, 0.01020408163265306, 0.004081632653061225, 0.011224489795918368],
[47, 0.7866690989999997, 10806.662748648607, 0.01020408163265306, 0.004081632653061225, 0.011224489795918368],
[48, 0.7993571989999997, 10806.661637868348, 0.01020408163265306, 0.004081632653061225, 0.011224489795918368],
[49, 0.8131303989999997, 10806.659929148205, 0.01020408163265306, 0.004081632653061225, 0.011224489795918368],
[50, 0.8252935989999998, 10806.658008158496, 0.01020408163265306, 0.004081632653061225, 0.011224489795918368],
[51, 0.8383689989999997, 10806.657763724217, 0.01020408163265306, 0.004081632653061225, 0.011224489795918368],
[52, 0.8516408989999997, 10806.656653466465, 0.01020408163265306, 0.004081632653061225, 0.011224489795918368],
[53, 0.8655866989999997, 10806.65744764735, 0.01020408163265306, 0.004081632653061225, 0.011224489795918368],
[54, 0.8786241979999997, 10806.654474037656, 0.01020408163265306, 0.004081632653061225, 0.011224489795918368],
[55, 0.8914501979999997, 10806.655256624757, 0.01020408163265306, 0.004081632653061225, 0.011224489795918368],
[56, 0.9044265989999997, 10806.655817739009, 0.01020408163265306, 0.004081632653061225, 0.011224489795918368],
[57, 0.9164937989999997, 10806.65440836114, 0.01020408163265306, 0.004081632653061225, 0.011224489795918368],
[58, 0.9298367989999997, 10806.653826110933, 0.01020408163265306, 0.004081632653061225, 0.011224489795918368],
[59, 0.9426866989999997, 10806.653427667254, 0.01020408163265306, 0.004081632653061225, 0.011224489795918368],
[60, 0.9577313989999997, 10806.653371990265, 0.01020408163265306, 0.004081632653061225, 0.011224489795918368],
[61, 0.9711381999999997, 10806.654759815998, 0.01020408163265306, 0.004081632653061225, 0.011224489795918368],
[62, 0.9843480999999997, 10806.654277820888, 0.01020408163265306, 0.004081632653061225, 0.011224489795918368],
[63, 0.9972493999999997, 10806.653907090436, 0.01020408163265306, 0.004081632653061225, 0.011224489795918368],
[64, 1.0094372999999996, 10806.653720718792, 0.01020408163265306, 0.004081632653061225, 0.011224489795918368],
[65, 1.0230806999999997, 10806.652856626431, 0.01020408163265306, 0.004081632653061225, 0.011224489795918368],
[66, 1.0369800999999996, 10806.654528882169, 0.01020408163265306, 0.004081632653061225, 0.011224489795918368],
[67, 1.0497860999999997, 10806.65473913227, 0.01020408163265306, 0.004081632653061225, 0.011224489795918368],
[68, 1.0652080999999998, 10806.653028641933, 0.01020408163265306, 0.004081632653061225, 0.011224489795918368],
[69, 1.0781021999999998, 10806.653106192092, 0.01020408163265306, 0.004081632653061225, 0.011224489795918368],
[70, 1.0911974999999998, 10806.654862851756, 0.01020408163265306, 0.004081632653061225, 0.011224489795918368],
[71, 1.1037545009999998, 10806.653253076835, 0.01020408163265306, 0.004081632653061225, 0.011224489795918368],
[72, 1.1170752009999998, 10806.652433839778, 0.01020408163265306, 0.004081632653061225, 0.011224489795918368],
[73, 1.1309594009999997, 10806.65414536316, 0.01020408163265306, 0.004081632653061225, 0.011224489795918368],
[74, 1.1440960999999996, 10806.65417540295, 0.01020408163265306, 0.004081632653061225, 0.011224489795918368],
[75, 1.1563564009999996, 10806.65341071739, 0.01020408163265306, 0.004081632653061225, 0.011224489795918368],
[76, 1.1728736019999997, 10806.652467074733, 0.01020408163265306, 0.004081632653061225, 0.011224489795918368],
[77, 1.1872564019999996, 10806.653697224616, 0.01020408163265306, 0.004081632653061225, 0.011224489795918368],
[78, 1.1999615009999995, 10806.653811361859, 0.01020408163265306, 0.004081632653061225, 0.011224489795918368],
[79, 1.2132697999999995, 10806.653848857472, 0.01020408163265306, 0.004081632653061225, 0.011224489795918368],
[80, 1.2261801999999995, 10806.654423843618, 0.01020408163265306, 0.004081632653061225, 0.011224489795918368],
[81, 1.2389628999999995, 10806.65399223332, 0.01020408163265306, 0.004081632653061225, 0.011224489795918368],
[82, 1.2513518999999995, 10806.65397289057, 0.01020408163265306, 0.004081632653061225, 0.011224489795918368],
[83, 1.2641378999999995, 10806.65447617942, 0.01020408163265306, 0.004081632653061225, 0.011224489795918368],
[84, 1.2774289989999994, 10806.653877180806, 0.01020408163265306, 0.004081632653061225, 0.011224489795918368],
[85, 1.2910231989999994, 10806.654047722197, 0.01020408163265306, 0.004081632653061225, 0.011224489795918368],
[86, 1.3042017989999994, 10806.653690957975, 0.01020408163265306, 0.004081632653061225, 0.011224489795918368],
[87, 1.3305964989999994, 10806.654048641036, 0.01020408163265306, 0.004081632653061225, 0.011224489795918368],
[88, 1.3440926989999995, 10806.65231649551, 0.01020408163265306, 0.004081632653061225, 0.011224489795918368],
[89, 1.3562721979999994, 10806.654147767962, 0.01020408163265306, 0.004081632653061225, 0.011224489795918368],
[90, 1.3695720979999995, 10806.653321906773, 0.01020408163265306, 0.004081632653061225, 0.011224489795918368],
[91, 1.3842453989999994, 10806.654367656914, 0.01020408163265306, 0.004081632653061225, 0.011224489795918368],
[92, 1.3969700989999994, 10806.653042203641, 0.01020408163265306, 0.004081632653061225, 0.011224489795918368],
[93, 1.4111424989999994, 10806.65431103012, 0.01020408163265306, 0.004081632653061225, 0.011224489795918368],
[94, 1.4246453999999995, 10806.653738299501, 0.01020408163265306, 0.004081632653061225, 0.011224489795918368],
[95, 1.4376149999999994, 10806.653322923481, 0.01020408163265306, 0.004081632653061225, 0.011224489795918368],
[96, 1.4504151999999995, 10806.653767116071, 0.01020408163265306, 0.004081632653061225, 0.011224489795918368],
[97, 1.4631918999999995, 10806.654249153142, 0.01020408163265306, 0.004081632653061225, 0.011224489795918368],
[98, 1.4781805999999995, 10806.653682566155, 0.01020408163265306, 0.004081632653061225, 0.011224489795918368],
[99, 1.4913524999999994, 10806.65420863009, 0.01020408163265306, 0.004081632653061225, 0.011224489795918368],
[100, 1.5042013989999994, 10806.653113217619, 0.01020408163265306, 0.004081632653061225, 0.011224489795918368],
[101, 1.5171172999999993, 10806.653296083348, 0.01020408163265306, 0.004081632653061225, 0.011224489795918368],
[102, 1.5303271999999994, 10806.653174941592, 0.01020408163265306, 0.004081632653061225, 0.011224489795918368],
[103, 1.5439633999999995, 10806.652512470435, 0.01020408163265306, 0.004081632653061225, 0.011224489795918368],
[104, 1.5572984999999995, 10806.654008558891, 0.01020408163265306, 0.004081632653061225, 0.011224489795918368],
[105, 1.5706332989999994, 10806.653762727627, 0.01020408163265306, 0.004081632653061225, 0.011224489795918368],
[106, 1.5847182989999993, 10806.6536187351, 0.01020408163265306, 0.004081632653061225, 0.011224489795918368],
[107, 1.5970547979999994, 10806.653545323637, 0.01020408163265306, 0.004081632653061225, 0.011224489795918368],
[108, 1.6110637989999994, 10806.654531531976, 0.01020408163265306, 0.004081632653061225, 0.011224489795918368],
[109, 1.6236715979999994, 10806.653379249718, 0.01020408163265306, 0.004081632653061225, 0.011224489795918368],
[110, 1.6357444979999993, 10806.653671692859, 0.01020408163265306, 0.004081632653061225, 0.011224489795918368],
[111, 1.6494529969999994, 10806.653692891306, 0.01020408163265306, 0.004081632653061225, 0.011224489795918368],
[112, 1.6622669969999995, 10806.652467531989, 0.01020408163265306, 0.004081632653061225, 0.011224489795918368],
[113, 1.6751089969999995, 10806.6529186713, 0.01020408163265306, 0.004081632653061225, 0.011224489795918368],
[114, 1.6877204969999995, 10806.654408020651, 0.01020408163265306, 0.004081632653061225, 0.011224489795918368],
[115, 1.7011737979999995, 10806.653675675589, 0.01020408163265306, 0.004081632653061225, 0.011224489795918368],
[116, 1.7149616979999995, 10806.652920744278, 0.01020408163265306, 0.004081632653061225, 0.011224489795918368],
[117, 1.7275266979999995, 10806.653564594275, 0.01020408163265306, 0.004081632653061225, 0.011224489795918368],
[118, 1.7404922979999995, 10806.652719582977, 0.01020408163265306, 0.004081632653061225, 0.011224489795918368],
[119, 1.7538492979999996, 10806.653789775019, 0.01020408163265306, 0.004081632653061225, 0.011224489795918368],
[120, 1.7674726979999995, 10806.653315234873, 0.01020408163265306, 0.004081632653061225, 0.011224489795918368],
[121, 1.7800010979999996, 10806.653257296657, 0.01020408163265306, 0.004081632653061225, 0.011224489795918368],
