rank: 30, ratio of 0 vs 1: 3, lambda:12, learning_rate: 0.1
iter time objective_function precision@K = 1, 5, 10
[0,11827.134139579588, 0.0 0.01020408163265306 0.009183673469387756],
[1, 0.0135339, 11520.035343419633, 0.01020408163265306, 0.00816326530612245, 0.012244897959183673],
[2, 0.0276793, 11372.014873649345, 0.030612244897959183, 0.022448979591836737, 0.015306122448979591],
[3, 0.0577615, 11263.490702257996, 0.02040816326530612, 0.012244897959183673, 0.012244897959183673],
[4, 0.0712824, 11182.360431366555, 0.01020408163265306, 0.012244897959183673, 0.012244897959183673],
[5, 0.0849046, 11121.649286523634, 0.01020408163265306, 0.014285714285714285, 0.009183673469387756],
[6, 0.10063939999999999, 11076.107737524855, 0.02040816326530612, 0.01020408163265306, 0.00510204081632653],
[7, 0.11345369999999999, 11041.972607364325, 0.030612244897959183, 0.00816326530612245, 0.006122448979591836],
[8, 0.1264476, 11016.349936327446, 0.02040816326530612, 0.00816326530612245, 0.006122448979591836],
[9, 0.139101399, 10997.14894733752, 0.02040816326530612, 0.00816326530612245, 0.006122448979591836],
[10, 0.15201099799999998, 10982.715634774011, 0.02040816326530612, 0.00816326530612245, 0.00510204081632653],
[11, 0.16476259799999998, 10971.93180935174, 0.02040816326530612, 0.00816326530612245, 0.006122448979591836],
[12, 0.180501699, 10963.822398077484, 0.02040816326530612, 0.00816326530612245, 0.006122448979591836],
[13, 0.19516999899999998, 10957.741766248451, 0.030612244897959183, 0.00816326530612245, 0.006122448979591836],
[14, 0.20868759899999997, 10953.193528689142, 0.030612244897959183, 0.00816326530612245, 0.009183673469387756],
[15, 0.22184629799999997, 10949.777672820554, 0.030612244897959183, 0.00816326530612245, 0.009183673469387756],
[16, 0.23520339899999998, 10947.206648291018, 0.030612244897959183, 0.00816326530612245, 0.009183673469387756],
[17, 0.24856129899999999, 10945.290583531994, 0.030612244897959183, 0.00816326530612245, 0.009183673469387756],
[18, 0.262213999, 10943.851555225681, 0.030612244897959183, 0.00816326530612245, 0.009183673469387756],
[19, 0.275351998, 10942.752603803634, 0.030612244897959183, 0.00816326530612245, 0.009183673469387756],
[20, 0.289508898, 10941.946901567515, 0.030612244897959183, 0.00816326530612245, 0.009183673469387756],
[21, 0.301696399, 10941.352867432159, 0.030612244897959183, 0.00816326530612245, 0.009183673469387756],
[22, 0.314323498, 10940.8858283255, 0.030612244897959183, 0.00816326530612245, 0.009183673469387756],
[23, 0.327219498, 10940.532304033952, 0.030612244897959183, 0.00816326530612245, 0.009183673469387756],
[24, 0.340557498, 10940.296534351068, 0.030612244897959183, 0.00816326530612245, 0.01020408163265306],
[25, 0.35346029700000003, 10940.088567383591, 0.030612244897959183, 0.00816326530612245, 0.01020408163265306],
[26, 0.36607659800000003, 10939.934096167464, 0.030612244897959183, 0.00816326530612245, 0.01020408163265306],
[27, 0.378587498, 10939.85385175506, 0.030612244897959183, 0.00816326530612245, 0.01020408163265306],
[28, 0.394917397, 10939.748374505101, 0.030612244897959183, 0.00816326530612245, 0.01020408163265306],
[29, 0.406612397, 10939.705654628144, 0.030612244897959183, 0.00816326530612245, 0.01020408163265306],
[30, 0.419731197, 10939.662115078518, 0.030612244897959183, 0.00816326530612245, 0.01020408163265306],
[31, 0.433290797, 10939.622600680186, 0.030612244897959183, 0.00816326530612245, 0.01020408163265306],
[32, 0.445964397, 10939.59014627938, 0.030612244897959183, 0.00816326530612245, 0.01020408163265306],
[33, 0.458860197, 10939.575837744635, 0.030612244897959183, 0.00816326530612245, 0.01020408163265306],
[34, 0.472639697, 10939.563092058037, 0.030612244897959183, 0.00816326530612245, 0.01020408163265306],
[35, 0.48495139800000003, 10939.543429228179, 0.030612244897959183, 0.00816326530612245, 0.01020408163265306],
[36, 0.49941759700000005, 10939.528682640272, 0.030612244897959183, 0.00816326530612245, 0.01020408163265306],
[37, 0.5129147970000001, 10939.52172291824, 0.030612244897959183, 0.00816326530612245, 0.01020408163265306],
[38, 0.5261642960000001, 10939.525962949725, 0.030612244897959183, 0.00816326530612245, 0.01020408163265306],
[39, 0.5394702970000002, 10939.523339309773, 0.030612244897959183, 0.00816326530612245, 0.01020408163265306],
[40, 0.5531062970000001, 10939.511425049102, 0.030612244897959183, 0.00816326530612245, 0.01020408163265306],
[41, 0.5667983980000001, 10939.510718445184, 0.030612244897959183, 0.00816326530612245, 0.01020408163265306],
[42, 0.5799744980000001, 10939.510370776203, 0.030612244897959183, 0.00816326530612245, 0.01020408163265306],
[43, 0.5947408970000001, 10939.516584853014, 0.030612244897959183, 0.00816326530612245, 0.01020408163265306],
[44, 0.6233124970000001, 10939.507641372298, 0.030612244897959183, 0.00816326530612245, 0.01020408163265306],
[45, 0.6369670980000002, 10939.514494193067, 0.030612244897959183, 0.00816326530612245, 0.01020408163265306],
[46, 0.6494255980000002, 10939.506913721803, 0.030612244897959183, 0.00816326530612245, 0.01020408163265306],
[47, 0.6637683990000002, 10939.51153997529, 0.030612244897959183, 0.00816326530612245, 0.01020408163265306],
[48, 0.6766447000000002, 10939.508882942957, 0.030612244897959183, 0.00816326530612245, 0.01020408163265306],
[49, 0.6895098000000002, 10939.522891964509, 0.030612244897959183, 0.00816326530612245, 0.01020408163265306],
[50, 0.7024261000000002, 10939.512837994547, 0.030612244897959183, 0.00816326530612245, 0.01020408163265306],
[51, 0.7174817000000001, 10939.514318450258, 0.030612244897959183, 0.00816326530612245, 0.01020408163265306],
[52, 0.7307279000000001, 10939.509071781395, 0.030612244897959183, 0.00816326530612245, 0.01020408163265306],
[53, 0.7431451000000001, 10939.525916657347, 0.030612244897959183, 0.00816326530612245, 0.01020408163265306],
[54, 0.7561854000000001, 10939.503672328263, 0.030612244897959183, 0.00816326530612245, 0.01020408163265306],
[55, 0.7692850010000001, 10939.521776370726, 0.030612244897959183, 0.00816326530612245, 0.01020408163265306],
[56, 0.782277101, 10939.520827192238, 0.030612244897959183, 0.00816326530612245, 0.01020408163265306],
[57, 0.795360501, 10939.51347088005, 0.030612244897959183, 0.00816326530612245, 0.01020408163265306],
[58, 0.807905701, 10939.504760583217, 0.030612244897959183, 0.00816326530612245, 0.01020408163265306],
[59, 0.823940701, 10939.501748620634, 0.030612244897959183, 0.00816326530612245, 0.01020408163265306],
[60, 0.8362695010000001, 10939.50653439543, 0.030612244897959183, 0.00816326530612245, 0.01020408163265306],
[61, 0.8503077010000001, 10939.512068160086, 0.030612244897959183, 0.00816326530612245, 0.01020408163265306],
[62, 0.8634441010000001, 10939.507351746433, 0.030612244897959183, 0.00816326530612245, 0.01020408163265306],
[63, 0.8768945000000001, 10939.515897448737, 0.030612244897959183, 0.00816326530612245, 0.01020408163265306],
[64, 0.8900168000000002, 10939.509190608987, 0.030612244897959183, 0.00816326530612245, 0.01020408163265306],
[65, 0.9035979010000001, 10939.508032566442, 0.030612244897959183, 0.00816326530612245, 0.01020408163265306],
[66, 0.9171596010000002, 10939.524029308719, 0.030612244897959183, 0.00816326530612245, 0.01020408163265306],
[67, 0.9311186010000001, 10939.52112387601, 0.030612244897959183, 0.00816326530612245, 0.01020408163265306],
[68, 0.9442188010000001, 10939.507935378579, 0.030612244897959183, 0.00816326530612245, 0.01020408163265306],
[69, 0.9570880010000001, 10939.514999317385, 0.030612244897959183, 0.00816326530612245, 0.01020408163265306],
[70, 0.9701310010000002, 10939.519944202062, 0.030612244897959183, 0.00816326530612245, 0.01020408163265306],
[71, 0.9831206010000002, 10939.513621857379, 0.030612244897959183, 0.00816326530612245, 0.01020408163265306],
[72, 0.9976414000000002, 10939.508837761005, 0.030612244897959183, 0.00816326530612245, 0.01020408163265306],
[73, 1.0113816990000002, 10939.510151272647, 0.030612244897959183, 0.00816326530612245, 0.01020408163265306],
[74, 1.0239569990000001, 10939.51560540172, 0.030612244897959183, 0.00816326530612245, 0.01020408163265306],
[75, 1.0398770990000001, 10939.512909987094, 0.030612244897959183, 0.00816326530612245, 0.01020408163265306],
[76, 1.0518709990000001, 10939.503737954725, 0.030612244897959183, 0.00816326530612245, 0.01020408163265306],
[77, 1.0659405000000002, 10939.515025949679, 0.030612244897959183, 0.00816326530612245, 0.01020408163265306],
[78, 1.0787212000000002, 10939.508179217702, 0.030612244897959183, 0.00816326530612245, 0.01020408163265306],
[79, 1.0920501000000002, 10939.519483675846, 0.030612244897959183, 0.00816326530612245, 0.01020408163265306],
[80, 1.1054944010000003, 10939.516351338923, 0.030612244897959183, 0.00816326530612245, 0.01020408163265306],
[81, 1.1182532010000004, 10939.512932044352, 0.030612244897959183, 0.00816326530612245, 0.01020408163265306],
[82, 1.1316093010000003, 10939.507473389345, 0.030612244897959183, 0.00816326530612245, 0.01020408163265306],
[83, 1.1451433000000004, 10939.525001756549, 0.030612244897959183, 0.00816326530612245, 0.01020408163265306],
[84, 1.1582317000000004, 10939.516466085539, 0.030612244897959183, 0.00816326530612245, 0.01020408163265306],
[85, 1.3108627000000004, 10939.51540496458, 0.030612244897959183, 0.00816326530612245, 0.01020408163265306],
[86, 1.3242443000000004, 10939.517109265316, 0.030612244897959183, 0.00816326530612245, 0.01020408163265306],
[87, 1.3372990010000003, 10939.512461464561, 0.030612244897959183, 0.00816326530612245, 0.01020408163265306],
[88, 1.3505142020000003, 10939.50644731168, 0.030612244897959183, 0.00816326530612245, 0.01020408163265306],
[89, 1.3633067020000003, 10939.516015113657, 0.030612244897959183, 0.00816326530612245, 0.01020408163265306],
[90, 1.3790643030000003, 10939.516100598245, 0.030612244897959183, 0.00816326530612245, 0.01020408163265306],
[91, 1.3927875030000003, 10939.516972772723, 0.030612244897959183, 0.00816326530612245, 0.01020408163265306],
[92, 1.4051442030000003, 10939.515549752967, 0.030612244897959183, 0.00816326530612245, 0.01020408163265306],
[93, 1.4193452030000002, 10939.515033834297, 0.030612244897959183, 0.00816326530612245, 0.01020408163265306],
[94, 1.4330026030000003, 10939.520016898114, 0.030612244897959183, 0.00816326530612245, 0.01020408163265306],
[95, 1.4452202040000002, 10939.506946247717, 0.030612244897959183, 0.00816326530612245, 0.01020408163265306],
[96, 1.458294503, 10939.514377919773, 0.030612244897959183, 0.00816326530612245, 0.01020408163265306],
[97, 1.472939703, 10939.516127276846, 0.030612244897959183, 0.00816326530612245, 0.01020408163265306],
[98, 1.487874202, 10939.516628978854, 0.030612244897959183, 0.00816326530612245, 0.01020408163265306],
[99, 1.5001155019999999, 10939.521712977268, 0.030612244897959183, 0.00816326530612245, 0.01020408163265306],
[100, 1.514162402, 10939.498020806239, 0.030612244897959183, 0.00816326530612245, 0.01020408163265306],
[101, 1.528802802, 10939.511203678976, 0.030612244897959183, 0.00816326530612245, 0.01020408163265306],
[102, 1.541082002, 10939.512613635636, 0.030612244897959183, 0.00816326530612245, 0.01020408163265306],
[103, 1.554212301, 10939.501145322716, 0.030612244897959183, 0.00816326530612245, 0.01020408163265306],
[104, 1.567782601, 10939.513041864226, 0.030612244897959183, 0.00816326530612245, 0.01020408163265306],
[105, 1.583152101, 10939.512273112274, 0.030612244897959183, 0.00816326530612245, 0.01020408163265306],
[106, 1.595300401, 10939.51143824208, 0.030612244897959183, 0.00816326530612245, 0.01020408163265306],
[107, 1.608388301, 10939.518213099387, 0.030612244897959183, 0.00816326530612245, 0.01020408163265306],
[108, 1.622417501, 10939.521251173037, 0.030612244897959183, 0.00816326530612245, 0.01020408163265306],
[109, 1.635526402, 10939.52018242043, 0.030612244897959183, 0.00816326530612245, 0.01020408163265306],
[110, 1.648364601, 10939.522999874167, 0.030612244897959183, 0.00816326530612245, 0.01020408163265306],
[111, 1.661603001, 10939.51211521898, 0.030612244897959183, 0.00816326530612245, 0.01020408163265306],
[112, 1.6757414, 10939.510355701366, 0.030612244897959183, 0.00816326530612245, 0.01020408163265306],
[113, 1.6896111, 10939.509537685028, 0.030612244897959183, 0.00816326530612245, 0.01020408163265306],
[114, 1.702880101, 10939.520549100087, 0.030612244897959183, 0.00816326530612245, 0.01020408163265306],
[115, 1.715661601, 10939.51675910907, 0.030612244897959183, 0.00816326530612245, 0.01020408163265306],
[116, 1.729893901, 10939.510701785506, 0.030612244897959183, 0.00816326530612245, 0.01020408163265306],
[117, 1.7430213, 10939.522324668053, 0.030612244897959183, 0.00816326530612245, 0.01020408163265306],
[118, 1.7568149000000002, 10939.498808017785, 0.030612244897959183, 0.00816326530612245, 0.01020408163265306],
[119, 1.7701866000000002, 10939.513729417504, 0.030612244897959183, 0.00816326530612245, 0.01020408163265306],
[120, 1.7827268010000001, 10939.507121197388, 0.030612244897959183, 0.00816326530612245, 0.01020408163265306],
[121, 1.796615, 10939.511767029666, 0.030612244897959183, 0.00816326530612245, 0.01020408163265306],
