rank: 30, ratio of 0 vs 1: 3, lambda:5, learning_rate: 0.1
iter time objective_function precision@K = 1, 5, 10
[0,11226.96609368124, 0.0 0.01020408163265306 0.009183673469387756],
[1, 0.013059199, 11164.430078895184, 0.0, 0.006122448979591836, 0.01020408163265306],
[2, 0.026089398, 11121.17499907152, 0.0, 0.01020408163265306, 0.01326530612244898],
[3, 0.039942697, 11086.387222061669, 0.01020408163265306, 0.00816326530612245, 0.012244897959183673],
[4, 0.052422395999999996, 11055.713908572423, 0.01020408163265306, 0.014285714285714285, 0.01020408163265306],
[5, 0.065694697, 11028.00946134347, 0.0, 0.01020408163265306, 0.009183673469387756],
[6, 0.078910597, 11002.051814521865, 0.01020408163265306, 0.00816326530612245, 0.00816326530612245],
[7, 0.092475298, 10977.788036364776, 0.0, 0.004081632653061225, 0.007142857142857143],
[8, 0.106231197, 10954.620922486623, 0.0, 0.0020408163265306124, 0.00510204081632653],
[9, 0.118575997, 10932.733869880147, 0.01020408163265306, 0.0020408163265306124, 0.006122448979591836],
[10, 0.131336298, 10911.831208038253, 0.0, 0.004081632653061225, 0.006122448979591836],
[11, 0.144493198, 10892.13847225365, 0.01020408163265306, 0.0020408163265306124, 0.00816326530612245],
[12, 0.158027698, 10873.339915867791, 0.0, 0.00816326530612245, 0.012244897959183673],
[13, 0.170813197, 10855.46846332986, 0.0, 0.012244897959183673, 0.011224489795918368],
[14, 0.184054997, 10839.763458006108, 0.0, 0.012244897959183673, 0.01020408163265306],
[15, 0.196756097, 10826.861739126247, 0.0, 0.012244897959183673, 0.014285714285714285],
[16, 0.20982969699999998, 10817.321808024702, 0.01020408163265306, 0.014285714285714285, 0.015306122448979591],
[17, 0.224192497, 10811.000165340914, 0.0, 0.02040816326530612, 0.019387755102040816],
[18, 0.237637097, 10806.508143026691, 0.0, 0.01020408163265306, 0.018367346938775512],
[19, 0.250943597, 10804.136726692459, 0.01020408163265306, 0.012244897959183673, 0.014285714285714285],
[20, 0.263435998, 10803.097142601539, 0.0, 0.01020408163265306, 0.00816326530612245],
[21, 0.276849098, 10802.729817935731, 0.0, 0.004081632653061225, 0.00510204081632653],
[22, 0.290925097, 10802.461636734022, 0.0, 0.0163265306122449, 0.014285714285714285],
[23, 0.303194497, 10802.120245497315, 0.0, 0.00816326530612245, 0.01020408163265306],
[24, 0.317230497, 10801.938067441453, 0.02040816326530612, 0.012244897959183673, 0.012244897959183673],
[25, 0.330682297, 10801.583342667089, 0.01020408163265306, 0.00816326530612245, 0.006122448979591836],
[26, 0.344082897, 10801.45284247422, 0.030612244897959183, 0.0163265306122449, 0.014285714285714285],
[27, 0.355796697, 10801.093212863248, 0.0, 0.00816326530612245, 0.01020408163265306],
[28, 0.371484997, 10801.019230194266, 0.01020408163265306, 0.018367346938775512, 0.015306122448979591],
[29, 0.384610897, 10800.700845926358, 0.01020408163265306, 0.006122448979591836, 0.006122448979591836],
[30, 0.399572296, 10800.616822258451, 0.0, 0.0163265306122449, 0.012244897959183673],
[31, 0.413448796, 10800.291399250276, 0.0, 0.00816326530612245, 0.009183673469387756],
[32, 0.427154996, 10800.243346311614, 0.01020408163265306, 0.014285714285714285, 0.01326530612244898],
[33, 0.44100959500000003, 10799.963965873567, 0.0, 0.006122448979591836, 0.01020408163265306],
[34, 0.45482199500000003, 10799.943737219666, 0.02040816326530612, 0.024489795918367346, 0.014285714285714285],
[35, 0.468760296, 10799.632662551616, 0.01020408163265306, 0.014285714285714285, 0.01020408163265306],
[36, 0.48280259600000003, 10799.621055102292, 0.0, 0.012244897959183673, 0.01326530612244898],
[37, 0.49745839500000005, 10799.366784768828, 0.0, 0.012244897959183673, 0.01326530612244898],
[38, 0.510919695, 10799.377254710227, 0.01020408163265306, 0.0163265306122449, 0.015306122448979591],
[39, 0.5248052950000001, 10799.113624679538, 0.02040816326530612, 0.018367346938775512, 0.015306122448979591],
[40, 0.5382700950000001, 10799.111548936035, 0.01020408163265306, 0.012244897959183673, 0.0163265306122449],
[41, 0.5580523960000001, 10798.88796816834, 0.01020408163265306, 0.006122448979591836, 0.006122448979591836],
[42, 0.5717737960000001, 10798.91327810589, 0.030612244897959183, 0.0163265306122449, 0.019387755102040816],
[43, 0.5849781960000001, 10798.685944823612, 0.02040816326530612, 0.014285714285714285, 0.017346938775510204],
[44, 0.5983765960000001, 10798.696946062939, 0.01020408163265306, 0.014285714285714285, 0.015306122448979591],
[45, 0.6121511960000001, 10798.491154842512, 0.01020408163265306, 0.00816326530612245, 0.00510204081632653],
[46, 0.6251751960000002, 10798.54387759408, 0.04081632653061224, 0.012244897959183673, 0.014285714285714285],
[47, 0.6386924950000001, 10798.32305921606, 0.030612244897959183, 0.02040816326530612, 0.018367346938775512],
[48, 0.6519949960000001, 10798.370332160834, 0.0, 0.006122448979591836, 0.01326530612244898],
[49, 0.6656594960000001, 10798.161188941656, 0.0, 0.01020408163265306, 0.006122448979591836],
[50, 0.6794528950000001, 10798.244082308915, 0.02040816326530612, 0.02857142857142857, 0.02142857142857143],
[51, 0.6934507940000001, 10798.03283165924, 0.030612244897959183, 0.024489795918367346, 0.019387755102040816],
[52, 0.7066380940000001, 10798.095218263445, 0.01020408163265306, 0.006122448979591836, 0.012244897959183673],
[53, 0.7203454930000001, 10797.898657457858, 0.0, 0.006122448979591836, 0.006122448979591836],
[54, 0.7325468930000001, 10797.99404848266, 0.01020408163265306, 0.014285714285714285, 0.014285714285714285],
[55, 0.7452733930000001, 10797.799210569427, 0.04081632653061224, 0.018367346938775512, 0.014285714285714285],
[56, 0.7590273930000001, 10797.868352405712, 0.02040816326530612, 0.014285714285714285, 0.01020408163265306],
[57, 0.7725646930000001, 10797.6920626937, 0.0, 0.004081632653061225, 0.00510204081632653],
[58, 0.7856751930000001, 10797.7834331337, 0.02040816326530612, 0.01020408163265306, 0.018367346938775512],
[59, 0.8000259920000001, 10797.621498928302, 0.02040816326530612, 0.012244897959183673, 0.012244897959183673],
[60, 0.8142920920000001, 10797.672399662317, 0.01020408163265306, 0.012244897959183673, 0.009183673469387756],
[61, 0.8283681930000001, 10797.532765708418, 0.0, 0.00816326530612245, 0.006122448979591836],
[62, 0.8409491940000001, 10797.606529685512, 0.0, 0.01020408163265306, 0.01326530612244898],
[63, 0.8541510940000001, 10797.473445209398, 0.02040816326530612, 0.02040816326530612, 0.015306122448979591],
[64, 0.8671654930000001, 10797.51408992734, 0.02040816326530612, 0.0163265306122449, 0.01326530612244898],
[65, 0.8803034930000001, 10797.400898370992, 0.0, 0.006122448979591836, 0.009183673469387756],
[66, 0.8933884930000001, 10797.461736799207, 0.0, 0.006122448979591836, 0.012244897959183673],
[67, 0.9068080920000001, 10797.352281560747, 0.01020408163265306, 0.012244897959183673, 0.011224489795918368],
[68, 0.9208810920000001, 10797.385353202415, 0.030612244897959183, 0.022448979591836737, 0.018367346938775512],
[69, 0.9344444930000001, 10797.2935053153, 0.0, 0.01020408163265306, 0.00816326530612245],
[70, 0.948233693, 10797.34376248969, 0.02040816326530612, 0.006122448979591836, 0.01326530612244898],
[71, 0.961509292, 10797.253694172865, 0.04081632653061224, 0.018367346938775512, 0.015306122448979591],
[72, 0.973799191, 10797.280950631326, 0.02040816326530612, 0.0163265306122449, 0.01326530612244898],
[73, 0.985367691, 10797.205793501505, 0.0, 0.004081632653061225, 0.00816326530612245],
[74, 0.999360191, 10797.247461826862, 0.0, 0.006122448979591836, 0.012244897959183673],
[75, 1.0137583909999999, 10797.17347700241, 0.01020408163265306, 0.018367346938775512, 0.017346938775510204],
[76, 1.02726539, 10797.195924912063, 0.01020408163265306, 0.0163265306122449, 0.014285714285714285],
[77, 1.04083179, 10797.134461691221, 0.01020408163265306, 0.004081632653061225, 0.006122448979591836],
[78, 1.05524789, 10797.168907020417, 0.01020408163265306, 0.012244897959183673, 0.009183673469387756],
[79, 1.0699825889999999, 10797.108201869298, 0.0, 0.0020408163265306124, 0.011224489795918368],
[80, 1.083705888, 10797.12668374691, 0.02040816326530612, 0.018367346938775512, 0.015306122448979591],
[81, 1.096481689, 10797.076197338976, 0.02040816326530612, 0.012244897959183673, 0.01020408163265306],
[82, 1.124865289, 10797.105148514096, 0.0, 0.0163265306122449, 0.0163265306122449],
[83, 1.138907589, 10797.054896299422, 0.0, 0.018367346938775512, 0.01326530612244898],
[84, 1.152358088, 10797.070347402774, 0.01020408163265306, 0.00816326530612245, 0.01020408163265306],
[85, 1.165946988, 10797.028930766617, 0.0, 0.0163265306122449, 0.012244897959183673],
[86, 1.179144288, 10797.052936234457, 0.030612244897959183, 0.022448979591836737, 0.023469387755102038],
[87, 1.192433287, 10797.01158799559, 0.0, 0.004081632653061225, 0.00816326530612245],
[88, 1.2061684860000002, 10797.024496828244, 0.02040816326530612, 0.00816326530612245, 0.012244897959183673],
[89, 1.2196440860000002, 10796.990354802647, 0.0, 0.00816326530612245, 0.01020408163265306],
[90, 1.2324868860000002, 10797.010400296656, 0.01020408163265306, 0.012244897959183673, 0.012244897959183673],
[91, 1.2447876850000001, 10796.976257780914, 0.02040816326530612, 0.014285714285714285, 0.015306122448979591],
[92, 1.256758685, 10796.987251760727, 0.01020408163265306, 0.004081632653061225, 0.006122448979591836],
[93, 1.2700639850000002, 10796.959001629573, 0.01020408163265306, 0.014285714285714285, 0.01326530612244898],
[94, 1.2811536850000003, 10796.975697903055, 0.0, 0.014285714285714285, 0.01326530612244898],
[95, 1.2941468860000003, 10796.947496925497, 0.0, 0.012244897959183673, 0.011224489795918368],
[96, 1.3059884860000002, 10796.956902772468, 0.02040816326530612, 0.00816326530612245, 0.012244897959183673],
[97, 1.3195836870000002, 10796.933433065264, 0.0, 0.00816326530612245, 0.01020408163265306],
[98, 1.3319909870000002, 10796.947443835359, 0.01020408163265306, 0.014285714285714285, 0.01020408163265306],
[99, 1.3445392870000001, 10796.924046926486, 0.01020408163265306, 0.014285714285714285, 0.012244897959183673],
[100, 1.3576566870000002, 10796.932232267434, 0.01020408163265306, 0.012244897959183673, 0.01020408163265306],
[101, 1.3701899870000003, 10796.912564828379, 0.02040816326530612, 0.0163265306122449, 0.009183673469387756],
[102, 1.3836857870000003, 10796.924443754546, 0.0, 0.00816326530612245, 0.009183673469387756],
[103, 1.3976877880000003, 10796.905009508468, 0.0, 0.00816326530612245, 0.007142857142857143],
[104, 1.4122858880000002, 10796.91205639492, 0.01020408163265306, 0.006122448979591836, 0.009183673469387756],
[105, 1.4257630880000003, 10796.8956010004, 0.02040816326530612, 0.012244897959183673, 0.012244897959183673],
[106, 1.4397477890000003, 10796.905709748702, 0.0, 0.006122448979591836, 0.01326530612244898],
[107, 1.4541582890000004, 10796.889498527511, 0.0, 0.004081632653061225, 0.00510204081632653],
[108, 1.4671283890000004, 10796.895648341313, 0.0, 0.00816326530612245, 0.01326530612244898],
[109, 1.4806674890000004, 10796.881730512478, 0.02040816326530612, 0.014285714285714285, 0.012244897959183673],
[110, 1.4941887890000005, 10796.890497336502, 0.0, 0.004081632653061225, 0.01020408163265306],
[111, 1.5082747880000005, 10796.87685358013, 0.01020408163265306, 0.0163265306122449, 0.012244897959183673],
[112, 1.5214824890000005, 10796.882255579389, 0.0, 0.012244897959183673, 0.011224489795918368],
[113, 1.5358699900000006, 10796.870485460859, 0.0, 0.00816326530612245, 0.006122448979591836],
[114, 1.5506645890000006, 10796.878056575879, 0.0, 0.0163265306122449, 0.011224489795918368],
[115, 1.5648279880000007, 10796.866854869693, 0.01020408163265306, 0.01020408163265306, 0.014285714285714285],
[116, 1.5785319890000007, 10796.871080101268, 0.01020408163265306, 0.014285714285714285, 0.012244897959183673],
[117, 1.5928869900000007, 10796.861594658381, 0.04081632653061224, 0.018367346938775512, 0.014285714285714285],
[118, 1.6064854890000007, 10796.867676513864, 0.02040816326530612, 0.014285714285714285, 0.012244897959183673],
[119, 1.6202145890000006, 10796.85871079655, 0.0, 0.01020408163265306, 0.00816326530612245],
[120, 1.6336992890000006, 10796.86193090544, 0.01020408163265306, 0.012244897959183673, 0.012244897959183673],
[121, 1.6479989890000006, 10796.854398443436, 0.01020408163265306, 0.004081632653061225, 0.00816326530612245],
