rank: 30, ratio of 0 vs 1: 3, lambda:3, learning_rate: 0.1
iter time objective_function precision@K = 1, 5, 10
[0,11055.489509138855, 0.0 0.01020408163265306 0.009183673469387756],
[1, 0.0165661, 11030.823113763037, 0.0, 0.006122448979591836, 0.009183673469387756],
[2, 0.0293747, 11015.889879046816, 0.0, 0.006122448979591836, 0.011224489795918368],
[3, 0.042249498999999996, 11005.992534261703, 0.01020408163265306, 0.00816326530612245, 0.01020408163265306],
[4, 0.054805998999999994, 10998.878165256854, 0.01020408163265306, 0.012244897959183673, 0.01326530612244898],
[5, 0.070238098, 10993.88008198623, 0.01020408163265306, 0.00816326530612245, 0.01326530612244898],
[6, 0.084264097, 10989.889656648624, 0.01020408163265306, 0.00816326530612245, 0.01326530612244898],
[7, 0.097786797, 10987.978627100778, 0.01020408163265306, 0.01020408163265306, 0.014285714285714285],
[8, 0.11106459699999999, 10985.782699351226, 0.01020408163265306, 0.00816326530612245, 0.01326530612244898],
[9, 0.12711099699999998, 10984.39910655625, 0.01020408163265306, 0.00816326530612245, 0.012244897959183673],
[10, 0.14113429699999996, 10983.099910585124, 0.01020408163265306, 0.00816326530612245, 0.01326530612244898],
[11, 0.15599499699999997, 10982.679366873172, 0.01020408163265306, 0.00816326530612245, 0.01326530612244898],
[12, 0.17343329699999996, 10981.61767931193, 0.01020408163265306, 0.00816326530612245, 0.012244897959183673],
[13, 0.18793659699999996, 10981.230971554507, 0.01020408163265306, 0.00816326530612245, 0.012244897959183673],
[14, 0.20346179699999994, 10981.265195788303, 0.01020408163265306, 0.00816326530612245, 0.012244897959183673],
[15, 0.21520519699999993, 10981.080570639735, 0.01020408163265306, 0.00816326530612245, 0.011224489795918368],
[16, 0.22694149799999994, 10980.441963627982, 0.01020408163265306, 0.00816326530612245, 0.012244897959183673],
[17, 0.24020829799999993, 10980.813598510691, 0.01020408163265306, 0.00816326530612245, 0.012244897959183673],
[18, 0.2532377979999999, 10981.162513475972, 0.01020408163265306, 0.00816326530612245, 0.011224489795918368],
[19, 0.2674888979999999, 10980.466528948837, 0.01020408163265306, 0.00816326530612245, 0.011224489795918368],
[20, 0.2836484979999999, 10980.102370067176, 0.01020408163265306, 0.00816326530612245, 0.011224489795918368],
[21, 0.29596549799999994, 10980.298574980381, 0.01020408163265306, 0.00816326530612245, 0.011224489795918368],
[22, 0.30894459799999996, 10980.508517999415, 0.01020408163265306, 0.00816326530612245, 0.011224489795918368],
[23, 0.322714299, 10980.259228826575, 0.01020408163265306, 0.00816326530612245, 0.011224489795918368],
[24, 0.335594399, 10980.541355540474, 0.01020408163265306, 0.00816326530612245, 0.011224489795918368],
[25, 0.349536699, 10980.078644336869, 0.01020408163265306, 0.00816326530612245, 0.011224489795918368],
[26, 0.36320889900000003, 10979.58121477417, 0.01020408163265306, 0.00816326530612245, 0.011224489795918368],
[27, 0.37714849800000005, 10980.230986127382, 0.01020408163265306, 0.00816326530612245, 0.011224489795918368],
[28, 0.390387497, 10979.91664437638, 0.01020408163265306, 0.00816326530612245, 0.011224489795918368],
[29, 0.408160897, 10980.63020735359, 0.01020408163265306, 0.00816326530612245, 0.011224489795918368],
[30, 0.42093789600000003, 10980.317350008003, 0.01020408163265306, 0.00816326530612245, 0.011224489795918368],
[31, 0.435006496, 10980.826928230483, 0.01020408163265306, 0.00816326530612245, 0.011224489795918368],
[32, 0.44873249600000004, 10980.175336875805, 0.01020408163265306, 0.00816326530612245, 0.011224489795918368],
[33, 0.46141369600000004, 10980.486951760544, 0.01020408163265306, 0.00816326530612245, 0.011224489795918368],
[34, 0.476711796, 10980.469176505807, 0.01020408163265306, 0.00816326530612245, 0.011224489795918368],
[35, 0.489263096, 10979.914957198638, 0.01020408163265306, 0.00816326530612245, 0.011224489795918368],
[36, 0.503650496, 10980.075650157945, 0.01020408163265306, 0.00816326530612245, 0.011224489795918368],
[37, 0.5176615960000001, 10979.659006738333, 0.01020408163265306, 0.00816326530612245, 0.011224489795918368],
[38, 0.5304332960000001, 10980.103443211134, 0.01020408163265306, 0.00816326530612245, 0.011224489795918368],
[39, 0.5597759950000001, 10980.09310710296, 0.01020408163265306, 0.00816326530612245, 0.011224489795918368],
[40, 0.573718295, 10980.010388188346, 0.01020408163265306, 0.00816326530612245, 0.011224489795918368],
[41, 0.587120696, 10979.89048735302, 0.01020408163265306, 0.00816326530612245, 0.011224489795918368],
[42, 0.6004097960000001, 10980.009847743222, 0.01020408163265306, 0.00816326530612245, 0.011224489795918368],
[43, 0.6143392960000001, 10979.808368862901, 0.01020408163265306, 0.00816326530612245, 0.011224489795918368],
[44, 0.6273250970000002, 10979.742828835024, 0.01020408163265306, 0.00816326530612245, 0.011224489795918368],
[45, 0.6404527970000001, 10980.284710101061, 0.01020408163265306, 0.00816326530612245, 0.011224489795918368],
[46, 0.6541969970000001, 10979.94358858118, 0.01020408163265306, 0.00816326530612245, 0.011224489795918368],
[47, 0.6664751980000001, 10980.113949512439, 0.01020408163265306, 0.00816326530612245, 0.011224489795918368],
[48, 0.6814840970000001, 10979.867938610216, 0.01020408163265306, 0.00816326530612245, 0.011224489795918368],
[49, 0.6943917970000001, 10980.762051318754, 0.01020408163265306, 0.00816326530612245, 0.011224489795918368],
[50, 0.7075569970000001, 10980.082456112941, 0.01020408163265306, 0.00816326530612245, 0.011224489795918368],
[51, 0.719968798, 10980.546164829017, 0.01020408163265306, 0.00816326530612245, 0.011224489795918368],
[52, 0.733489598, 10979.745158718326, 0.01020408163265306, 0.00816326530612245, 0.011224489795918368],
[53, 0.747630598, 10980.141837671783, 0.01020408163265306, 0.00816326530612245, 0.011224489795918368],
[54, 0.760709298, 10979.764538899952, 0.01020408163265306, 0.00816326530612245, 0.011224489795918368],
[55, 0.772911498, 10980.529726902012, 0.01020408163265306, 0.00816326530612245, 0.011224489795918368],
[56, 0.785746398, 10980.30983067178, 0.01020408163265306, 0.00816326530612245, 0.011224489795918368],
[57, 0.798249498, 10980.39266549104, 0.01020408163265306, 0.00816326530612245, 0.011224489795918368],
[58, 0.810772697, 10980.337146107873, 0.01020408163265306, 0.00816326530612245, 0.011224489795918368],
[59, 0.823484797, 10980.124097142536, 0.01020408163265306, 0.00816326530612245, 0.011224489795918368],
[60, 0.836573997, 10979.997146652091, 0.01020408163265306, 0.00816326530612245, 0.011224489795918368],
[61, 0.849532896, 10980.393089642614, 0.01020408163265306, 0.00816326530612245, 0.011224489795918368],
[62, 0.864901196, 10979.554733004356, 0.01020408163265306, 0.00816326530612245, 0.011224489795918368],
[63, 0.881056896, 10980.462001376574, 0.01020408163265306, 0.00816326530612245, 0.011224489795918368],
[64, 0.8955756960000001, 10979.913527242967, 0.01020408163265306, 0.00816326530612245, 0.011224489795918368],
[65, 0.9137502960000001, 10980.484143215857, 0.01020408163265306, 0.00816326530612245, 0.011224489795918368],
[66, 0.9282344950000001, 10980.18480399484, 0.01020408163265306, 0.00816326530612245, 0.011224489795918368],
[67, 0.9439705950000001, 10980.619429128728, 0.01020408163265306, 0.00816326530612245, 0.011224489795918368],
[68, 0.9601871950000002, 10979.77466624422, 0.01020408163265306, 0.00816326530612245, 0.011224489795918368],
[69, 0.9747163940000002, 10980.365657211476, 0.01020408163265306, 0.00816326530612245, 0.011224489795918368],
[70, 0.9929963940000002, 10979.927431310063, 0.01020408163265306, 0.00816326530612245, 0.011224489795918368],
[71, 1.005407093, 10980.392715240792, 0.01020408163265306, 0.00816326530612245, 0.011224489795918368],
[72, 1.0189652930000002, 10980.136072281883, 0.01020408163265306, 0.00816326530612245, 0.011224489795918368],
[73, 1.0328175920000002, 10979.701675152794, 0.01020408163265306, 0.00816326530612245, 0.011224489795918368],
[74, 1.0458553910000001, 10980.255740949038, 0.01020408163265306, 0.00816326530612245, 0.011224489795918368],
[75, 1.060572491, 10980.373004168454, 0.01020408163265306, 0.00816326530612245, 0.011224489795918368],
[76, 1.072487991, 10980.155339896672, 0.01020408163265306, 0.00816326530612245, 0.011224489795918368],
[77, 1.08650369, 10980.193380924264, 0.01020408163265306, 0.00816326530612245, 0.011224489795918368],
[78, 1.10297669, 10980.456345962664, 0.01020408163265306, 0.00816326530612245, 0.011224489795918368],
[79, 1.117308989, 10980.18858954447, 0.01020408163265306, 0.00816326530612245, 0.011224489795918368],
[80, 1.1448594890000001, 10980.437307492204, 0.01020408163265306, 0.00816326530612245, 0.011224489795918368],
[81, 1.1594887900000002, 10980.105357243923, 0.01020408163265306, 0.00816326530612245, 0.011224489795918368],
[82, 1.1764765890000002, 10980.423650858625, 0.01020408163265306, 0.00816326530612245, 0.011224489795918368],
[83, 1.1917998900000002, 10980.77188215388, 0.01020408163265306, 0.00816326530612245, 0.011224489795918368],
[84, 1.2042894900000003, 10980.701629491701, 0.01020408163265306, 0.00816326530612245, 0.011224489795918368],
[85, 1.2168284890000003, 10979.89181763566, 0.01020408163265306, 0.00816326530612245, 0.011224489795918368],
[86, 1.2296005900000002, 10980.125327486086, 0.01020408163265306, 0.00816326530612245, 0.011224489795918368],
[87, 1.2427190890000002, 10980.322041595931, 0.01020408163265306, 0.00816326530612245, 0.011224489795918368],
[88, 1.2569221890000002, 10980.017722900066, 0.01020408163265306, 0.00816326530612245, 0.011224489795918368],
[89, 1.2701793890000002, 10980.037626451594, 0.01020408163265306, 0.00816326530612245, 0.011224489795918368],
[90, 1.283627888, 10980.450097667614, 0.01020408163265306, 0.00816326530612245, 0.011224489795918368],
[91, 1.2967327880000001, 10979.94418871232, 0.01020408163265306, 0.00816326530612245, 0.011224489795918368],
[92, 1.3107172870000001, 10980.048935052348, 0.01020408163265306, 0.00816326530612245, 0.011224489795918368],
[93, 1.3241849870000002, 10980.046537217968, 0.01020408163265306, 0.00816326530612245, 0.011224489795918368],
[94, 1.3376235870000002, 10980.40664787566, 0.01020408163265306, 0.00816326530612245, 0.011224489795918368],
[95, 1.351856887, 10979.810213335786, 0.01020408163265306, 0.00816326530612245, 0.011224489795918368],
[96, 1.364658688, 10979.931982210877, 0.01020408163265306, 0.00816326530612245, 0.011224489795918368],
[97, 1.376991688, 10979.775280255855, 0.01020408163265306, 0.00816326530612245, 0.011224489795918368],
[98, 1.390087187, 10980.41027373839, 0.01020408163265306, 0.00816326530612245, 0.011224489795918368],
[99, 1.404227887, 10980.087047718538, 0.01020408163265306, 0.00816326530612245, 0.011224489795918368],
[100, 1.4172284880000001, 10979.609817440372, 0.01020408163265306, 0.00816326530612245, 0.011224489795918368],
[101, 1.4314024890000001, 10980.057722624715, 0.01020408163265306, 0.00816326530612245, 0.011224489795918368],
[102, 1.443735889, 10980.185008107683, 0.01020408163265306, 0.00816326530612245, 0.011224489795918368],
[103, 1.455490988, 10980.154595198044, 0.01020408163265306, 0.00816326530612245, 0.011224489795918368],
[104, 1.468214588, 10980.251441195296, 0.01020408163265306, 0.00816326530612245, 0.011224489795918368],
[105, 1.480965688, 10979.987719949479, 0.01020408163265306, 0.00816326530612245, 0.011224489795918368],
[106, 1.4938899879999998, 10980.014781121447, 0.01020408163265306, 0.00816326530612245, 0.011224489795918368],
[107, 1.5069227879999998, 10980.235323307112, 0.01020408163265306, 0.00816326530612245, 0.011224489795918368],
[108, 1.5216909869999997, 10980.12979667892, 0.01020408163265306, 0.00816326530612245, 0.011224489795918368],
[109, 1.5346700869999996, 10980.67336877528, 0.01020408163265306, 0.00816326530612245, 0.011224489795918368],
[110, 1.5473445869999995, 10980.3667666045, 0.01020408163265306, 0.00816326530612245, 0.011224489795918368],
[111, 1.5599246869999996, 10980.028877872399, 0.01020408163265306, 0.00816326530612245, 0.011224489795918368],
[112, 1.5733126879999997, 10980.319203432722, 0.01020408163265306, 0.00816326530612245, 0.011224489795918368],
[113, 1.5865426889999996, 10980.183015291965, 0.01020408163265306, 0.00816326530612245, 0.011224489795918368],
[114, 1.6032123879999995, 10980.343197872262, 0.01020408163265306, 0.00816326530612245, 0.011224489795918368],
[115, 1.6156611879999996, 10980.132961185089, 0.01020408163265306, 0.00816326530612245, 0.011224489795918368],
[116, 1.6289842879999996, 10980.02400947634, 0.01020408163265306, 0.00816326530612245, 0.011224489795918368],
[117, 1.6430954879999997, 10980.304279489128, 0.01020408163265306, 0.00816326530612245, 0.011224489795918368],
[118, 1.6577053879999997, 10979.631728479657, 0.01020408163265306, 0.00816326530612245, 0.011224489795918368],
[119, 1.6728791889999997, 10980.073228653499, 0.01020408163265306, 0.00816326530612245, 0.011224489795918368],
[120, 1.6863649889999996, 10979.649939441308, 0.01020408163265306, 0.00816326530612245, 0.011224489795918368],
[121, 1.7057247899999997, 10980.28284424335, 0.01020408163265306, 0.00816326530612245, 0.011224489795918368],
