rank: 30, ratio of 0 vs 1: 3, lambda:2, learning_rate: 0.1
iter time objective_function precision@K = 1, 5, 10
[0,10969.751216867662, 0.0 0.01020408163265306 0.009183673469387756],
[1, 0.0137858, 10957.33554228572, 0.0, 0.00816326530612245, 0.00816326530612245],
[2, 0.027882700000000003, 10949.492562124486, 0.0, 0.01020408163265306, 0.01020408163265306],
[3, 0.0433447, 10944.229553792029, 0.0, 0.01020408163265306, 0.01020408163265306],
[4, 0.0573543, 10940.313360888385, 0.01020408163265306, 0.01020408163265306, 0.012244897959183673],
[5, 0.0717284, 10937.583648721444, 0.01020408163265306, 0.01020408163265306, 0.011224489795918368],
[6, 0.0855206, 10935.110808156393, 0.01020408163265306, 0.006122448979591836, 0.012244897959183673],
[7, 0.0996204, 10934.688967116743, 0.01020408163265306, 0.00816326530612245, 0.014285714285714285],
[8, 0.113785, 10933.321980542789, 0.01020408163265306, 0.01020408163265306, 0.01326530612244898],
[9, 0.1287265, 10932.635982108437, 0.01020408163265306, 0.01020408163265306, 0.012244897959183673],
[10, 0.1425247, 10931.802371310772, 0.01020408163265306, 0.00816326530612245, 0.012244897959183673],
[11, 0.1574539, 10931.880440870422, 0.01020408163265306, 0.01020408163265306, 0.012244897959183673],
[12, 0.171793199, 10930.895593870908, 0.01020408163265306, 0.01020408163265306, 0.012244897959183673],
[13, 0.185484999, 10930.753917625974, 0.01020408163265306, 0.01020408163265306, 0.012244897959183673],
[14, 0.199802899, 10931.100800452856, 0.01020408163265306, 0.01020408163265306, 0.012244897959183673],
[15, 0.214465198, 10931.026607018535, 0.01020408163265306, 0.01020408163265306, 0.012244897959183673],
[16, 0.228094898, 10930.304322323687, 0.01020408163265306, 0.01020408163265306, 0.012244897959183673],
[17, 0.242777299, 10930.952288915703, 0.01020408163265306, 0.01020408163265306, 0.012244897959183673],
[18, 0.255929599, 10931.570586961792, 0.01020408163265306, 0.01020408163265306, 0.012244897959183673],
[19, 0.269948399, 10930.673880626358, 0.01020408163265306, 0.01020408163265306, 0.012244897959183673],
[20, 0.283552799, 10930.17695304886, 0.01020408163265306, 0.01020408163265306, 0.012244897959183673],
[21, 0.2983348, 10930.455417494504, 0.01020408163265306, 0.01020408163265306, 0.012244897959183673],
[22, 0.312271, 10930.83053268282, 0.01020408163265306, 0.01020408163265306, 0.012244897959183673],
[23, 0.32628070000000003, 10930.532349783476, 0.01020408163265306, 0.01020408163265306, 0.012244897959183673],
[24, 0.34067210000000003, 10930.866878503562, 0.01020408163265306, 0.01020408163265306, 0.012244897959183673],
[25, 0.35605940100000005, 10930.285575511556, 0.01020408163265306, 0.01020408163265306, 0.012244897959183673],
[26, 0.36969620100000006, 10929.589915201785, 0.01020408163265306, 0.01020408163265306, 0.012244897959183673],
[27, 0.38360080100000005, 10930.445743325201, 0.01020408163265306, 0.01020408163265306, 0.012244897959183673],
[28, 0.4001756000000001, 10930.082915277204, 0.01020408163265306, 0.01020408163265306, 0.012244897959183673],
[29, 0.4139058000000001, 10931.060955259785, 0.01020408163265306, 0.01020408163265306, 0.012244897959183673],
[30, 0.4282055000000001, 10930.598422864627, 0.01020408163265306, 0.01020408163265306, 0.012244897959183673],
[31, 0.44294439900000016, 10931.366803073799, 0.01020408163265306, 0.01020408163265306, 0.012244897959183673],
[32, 0.47219470000000013, 10930.451386386387, 0.01020408163265306, 0.01020408163265306, 0.012244897959183673],
[33, 0.48600110000000013, 10930.896327572726, 0.01020408163265306, 0.01020408163265306, 0.012244897959183673],
[34, 0.4991748990000001, 10930.8401282329, 0.01020408163265306, 0.01020408163265306, 0.012244897959183673],
[35, 0.5139095990000001, 10930.073429759597, 0.01020408163265306, 0.01020408163265306, 0.012244897959183673],
[36, 0.5277299990000001, 10930.332948359508, 0.01020408163265306, 0.01020408163265306, 0.012244897959183673],
[37, 0.5410785990000001, 10929.722506855891, 0.01020408163265306, 0.01020408163265306, 0.012244897959183673],
[38, 0.5549168000000001, 10930.359516246148, 0.01020408163265306, 0.01020408163265306, 0.012244897959183673],
[39, 0.5692524000000001, 10930.324916720081, 0.01020408163265306, 0.01020408163265306, 0.012244897959183673],
[40, 0.5826923, 10930.261980500916, 0.01020408163265306, 0.01020408163265306, 0.012244897959183673],
[41, 0.5961765, 10930.060940756592, 0.01020408163265306, 0.01020408163265306, 0.012244897959183673],
[42, 0.610552399, 10930.245191888886, 0.01020408163265306, 0.01020408163265306, 0.012244897959183673],
[43, 0.624173799, 10929.909441179037, 0.01020408163265306, 0.01020408163265306, 0.012244897959183673],
[44, 0.6379035980000001, 10929.827677919671, 0.01020408163265306, 0.01020408163265306, 0.012244897959183673],
[45, 0.651120498, 10930.605258868818, 0.01020408163265306, 0.01020408163265306, 0.012244897959183673],
[46, 0.664495998, 10930.130994814303, 0.01020408163265306, 0.01020408163265306, 0.012244897959183673],
[47, 0.678143798, 10930.367408523283, 0.01020408163265306, 0.01020408163265306, 0.012244897959183673],
[48, 0.692306999, 10930.018237571805, 0.01020408163265306, 0.01020408163265306, 0.012244897959183673],
[49, 0.706545199, 10931.287643286725, 0.01020408163265306, 0.01020408163265306, 0.012244897959183673],
[50, 0.7209422990000001, 10930.313139134982, 0.01020408163265306, 0.01020408163265306, 0.012244897959183673],
[51, 0.7353378, 10930.997406092414, 0.01020408163265306, 0.01020408163265306, 0.012244897959183673],
[52, 0.7497221000000001, 10929.844942811565, 0.01020408163265306, 0.01020408163265306, 0.012244897959183673],
[53, 0.7637735000000001, 10930.34520034961, 0.01020408163265306, 0.01020408163265306, 0.012244897959183673],
[54, 0.7775787000000001, 10929.879424642086, 0.01020408163265306, 0.01020408163265306, 0.012244897959183673],
[55, 0.7920787010000001, 10930.927774462296, 0.01020408163265306, 0.01020408163265306, 0.012244897959183673],
[56, 0.8062594010000002, 10930.620363170117, 0.01020408163265306, 0.01020408163265306, 0.012244897959183673],
[57, 0.8201408010000002, 10930.778585933484, 0.01020408163265306, 0.01020408163265306, 0.012244897959183673],
[58, 0.8335754010000002, 10930.727396602455, 0.01020408163265306, 0.01020408163265306, 0.012244897959183673],
[59, 0.8470482010000001, 10930.41415430304, 0.01020408163265306, 0.01020408163265306, 0.012244897959183673],
[60, 0.8612326010000001, 10930.197294246971, 0.01020408163265306, 0.01020408163265306, 0.012244897959183673],
[61, 0.8754473010000001, 10930.788827710223, 0.01020408163265306, 0.01020408163265306, 0.012244897959183673],
[62, 0.8888608010000001, 10929.562629001637, 0.01020408163265306, 0.01020408163265306, 0.012244897959183673],
[63, 0.9024076010000001, 10930.859822152584, 0.01020408163265306, 0.01020408163265306, 0.012244897959183673],
[64, 0.9163428010000001, 10930.084709386707, 0.01020408163265306, 0.01020408163265306, 0.012244897959183673],
[65, 0.9311253020000001, 10930.920823634598, 0.01020408163265306, 0.01020408163265306, 0.012244897959183673],
[66, 0.9450056020000001, 10930.427629030817, 0.01020408163265306, 0.01020408163265306, 0.012244897959183673],
[67, 0.9592032030000001, 10931.07007592188, 0.01020408163265306, 0.01020408163265306, 0.012244897959183673],
[68, 0.973084503, 10929.875667349712, 0.01020408163265306, 0.01020408163265306, 0.012244897959183673],
[69, 0.9867833030000001, 10930.725237891824, 0.01020408163265306, 0.01020408163265306, 0.012244897959183673],
[70, 1.001489903, 10930.05623544403, 0.01020408163265306, 0.01020408163265306, 0.012244897959183673],
[71, 1.015953302, 10930.772913863311, 0.01020408163265306, 0.01020408163265306, 0.012244897959183673],
[72, 1.030005403, 10930.39447893781, 0.01020408163265306, 0.01020408163265306, 0.012244897959183673],
[73, 1.103489702, 10929.77225309315, 0.01020408163265306, 0.01020408163265306, 0.012244897959183673],
[74, 1.1176202020000001, 10930.555409883927, 0.01020408163265306, 0.01020408163265306, 0.012244897959183673],
[75, 1.1316104020000002, 10930.733018709414, 0.01020408163265306, 0.01020408163265306, 0.012244897959183673],
[76, 1.145156502, 10930.460461511702, 0.01020408163265306, 0.01020408163265306, 0.012244897959183673],
[77, 1.158989402, 10930.473463353628, 0.01020408163265306, 0.01020408163265306, 0.012244897959183673],
[78, 1.173206103, 10930.88934622972, 0.01020408163265306, 0.01020408163265306, 0.012244897959183673],
[79, 1.187108902, 10930.445766720963, 0.01020408163265306, 0.01020408163265306, 0.012244897959183673],
[80, 1.201648002, 10930.826067019258, 0.01020408163265306, 0.01020408163265306, 0.012244897959183673],
[81, 1.215979303, 10930.358707058733, 0.01020408163265306, 0.01020408163265306, 0.012244897959183673],
[82, 1.2303636039999999, 10930.837409446834, 0.01020408163265306, 0.01020408163265306, 0.012244897959183673],
[83, 1.2449643039999998, 10931.287990830573, 0.01020408163265306, 0.01020408163265306, 0.012244897959183673],
[84, 1.2593287039999999, 10931.213584522615, 0.01020408163265306, 0.01020408163265306, 0.012244897959183673],
[85, 1.2736738049999998, 10930.020043480718, 0.01020408163265306, 0.01020408163265306, 0.012244897959183673],
[86, 1.287375005, 10930.357232722929, 0.01020408163265306, 0.01020408163265306, 0.012244897959183673],
[87, 1.301234005, 10930.681139465416, 0.01020408163265306, 0.01020408163265306, 0.012244897959183673],
[88, 1.315281005, 10930.242777536767, 0.01020408163265306, 0.01020408163265306, 0.012244897959183673],
[89, 1.3297547049999998, 10930.230737897087, 0.01020408163265306, 0.01020408163265306, 0.012244897959183673],
[90, 1.344697605, 10930.833837023654, 0.01020408163265306, 0.01020408163265306, 0.012244897959183673],
[91, 1.3584771059999998, 10930.085149288781, 0.01020408163265306, 0.01020408163265306, 0.012244897959183673],
[92, 1.3724466059999998, 10930.241133568275, 0.01020408163265306, 0.01020408163265306, 0.012244897959183673],
[93, 1.3867265059999998, 10930.260167358283, 0.01020408163265306, 0.01020408163265306, 0.012244897959183673],
[94, 1.4004470059999998, 10930.76207371372, 0.01020408163265306, 0.01020408163265306, 0.012244897959183673],
[95, 1.4149847059999998, 10929.936002774608, 0.01020408163265306, 0.01020408163265306, 0.012244897959183673],
[96, 1.4284507059999998, 10930.103561799322, 0.01020408163265306, 0.01020408163265306, 0.012244897959183673],
[97, 1.4423085059999998, 10929.852858345486, 0.01020408163265306, 0.01020408163265306, 0.012244897959183673],
[98, 1.456567206, 10930.784969795279, 0.01020408163265306, 0.01020408163265306, 0.012244897959183673],
[99, 1.4708785059999998, 10930.29092171962, 0.01020408163265306, 0.01020408163265306, 0.012244897959183673],
[100, 1.4844290059999998, 10929.6938483448, 0.01020408163265306, 0.01020408163265306, 0.012244897959183673],
[101, 1.4982788059999999, 10930.280844993104, 0.01020408163265306, 0.01020408163265306, 0.012244897959183673],
[102, 1.5122421059999998, 10930.458234349391, 0.01020408163265306, 0.01020408163265306, 0.012244897959183673],
[103, 1.5260420059999997, 10930.46390860817, 0.01020408163265306, 0.01020408163265306, 0.012244897959183673],
[104, 1.5396807059999997, 10930.568210918316, 0.01020408163265306, 0.01020408163265306, 0.012244897959183673],
[105, 1.5539808069999996, 10930.166269469846, 0.01020408163265306, 0.01020408163265306, 0.012244897959183673],
[106, 1.5674363079999996, 10930.22156528122, 0.01020408163265306, 0.01020408163265306, 0.012244897959183673],
[107, 1.5810205079999995, 10930.507191404304, 0.01020408163265306, 0.01020408163265306, 0.012244897959183673],
[108, 1.5942159079999996, 10930.348191859814, 0.01020408163265306, 0.01020408163265306, 0.012244897959183673],
[109, 1.6078782079999996, 10931.156861523965, 0.01020408163265306, 0.01020408163265306, 0.012244897959183673],
[110, 1.6218900079999996, 10930.67634331201, 0.01020408163265306, 0.01020408163265306, 0.012244897959183673],
[111, 1.6373411089999996, 10930.254673296859, 0.01020408163265306, 0.01020408163265306, 0.012244897959183673],
[112, 1.6511924089999996, 10930.663077393901, 0.01020408163265306, 0.01020408163265306, 0.012244897959183673],
[113, 1.6650583089999997, 10930.459322637713, 0.01020408163265306, 0.01020408163265306, 0.012244897959183673],
[114, 1.6857339099999997, 10930.659075999221, 0.01020408163265306, 0.01020408163265306, 0.012244897959183673],
[115, 1.6994651099999998, 10930.3661107853, 0.01020408163265306, 0.01020408163265306, 0.012244897959183673],
[116, 1.7132967099999998, 10930.216530855936, 0.01020408163265306, 0.01020408163265306, 0.012244897959183673],
[117, 1.72722151, 10930.594586932048, 0.01020408163265306, 0.01020408163265306, 0.012244897959183673],
[118, 1.7415081099999998, 10929.704665532672, 0.01020408163265306, 0.01020408163265306, 0.012244897959183673],
[119, 1.75643621, 10930.288346352923, 0.01020408163265306, 0.01020408163265306, 0.012244897959183673],
[120, 1.7702099089999999, 10929.69544024376, 0.01020408163265306, 0.01020408163265306, 0.012244897959183673],
[121, 1.7843086089999998, 10930.622032894298, 0.01020408163265306, 0.01020408163265306, 0.012244897959183673],
