rank: 30, ratio of 0 vs 1: 3, lambda:7, learning_rate: 0.1
iter time objective_function precision@K = 1, 5, 10
[0,11398.442678223626, 0.0 0.01020408163265306 0.009183673469387756],
[1, 0.0134283, 11282.01163080915, 0.0, 0.006122448979591836, 0.01020408163265306],
[2, 0.0279668, 11214.243471473525, 0.0, 0.006122448979591836, 0.0163265306122449],
[3, 0.041530901, 11163.371404758907, 0.01020408163265306, 0.00816326530612245, 0.01020408163265306],
[4, 0.054925600000000005, 11121.847432149796, 0.01020408163265306, 0.014285714285714285, 0.009183673469387756],
[5, 0.06802480000000001, 11087.351254563142, 0.0, 0.01020408163265306, 0.009183673469387756],
[6, 0.0821796, 11058.1823538759, 0.01020408163265306, 0.00816326530612245, 0.009183673469387756],
[7, 0.0957018, 11033.60254980871, 0.0, 0.0020408163265306124, 0.006122448979591836],
[8, 0.1088815, 11012.622662841932, 0.0, 0.0020408163265306124, 0.004081632653061225],
[9, 0.122497201, 10994.862178468999, 0.0, 0.004081632653061225, 0.004081632653061225],
[10, 0.1356027, 10979.685922674027, 0.0, 0.004081632653061225, 0.00510204081632653],
[11, 0.1488977, 10966.915839200803, 0.0, 0.006122448979591836, 0.003061224489795918],
[12, 0.162209301, 10955.992012511226, 0.01020408163265306, 0.006122448979591836, 0.006122448979591836],
[13, 0.181467301, 10946.72148540011, 0.0, 0.006122448979591836, 0.007142857142857143],
[14, 0.1946925, 10938.864150909798, 0.0, 0.01020408163265306, 0.007142857142857143],
[15, 0.20853539999999998, 10932.186809985835, 0.0, 0.00816326530612245, 0.007142857142857143],
[16, 0.2216783, 10926.46459380892, 0.0, 0.00816326530612245, 0.007142857142857143],
[17, 0.234698401, 10921.651690011184, 0.0, 0.00816326530612245, 0.00816326530612245],
[18, 0.248373501, 10917.551022710366, 0.0, 0.00816326530612245, 0.00816326530612245],
[19, 0.261724201, 10914.011784114009, 0.0, 0.00816326530612245, 0.009183673469387756],
[20, 0.273921101, 10911.04411129407, 0.0, 0.01020408163265306, 0.009183673469387756],
[21, 0.287692701, 10908.557705725201, 0.0, 0.01020408163265306, 0.009183673469387756],
[22, 0.3008728, 10906.394934606753, 0.0, 0.01020408163265306, 0.009183673469387756],
[23, 0.3141786, 10904.539424538838, 0.0, 0.01020408163265306, 0.009183673469387756],
[24, 0.3277863, 10903.030267220134, 0.0, 0.01020408163265306, 0.009183673469387756],
[25, 0.3416761, 10901.676038758666, 0.0, 0.01020408163265306, 0.009183673469387756],
[26, 0.3546835, 10900.537490195147, 0.0, 0.01020408163265306, 0.009183673469387756],
[27, 0.368003299, 10899.63943228047, 0.0, 0.01020408163265306, 0.01020408163265306],
[28, 0.380807499, 10898.78868358009, 0.0, 0.01020408163265306, 0.01020408163265306],
[29, 0.394807099, 10898.134161512702, 0.0, 0.01020408163265306, 0.01020408163265306],
[30, 0.408207199, 10897.549556102023, 0.0, 0.01020408163265306, 0.01020408163265306],
[31, 0.42216099900000004, 10897.0477528321, 0.0, 0.01020408163265306, 0.01020408163265306],
[32, 0.43628710000000004, 10896.612978898464, 0.0, 0.01020408163265306, 0.01020408163265306],
[33, 0.45164270000000006, 10896.260309328321, 0.0, 0.01020408163265306, 0.01020408163265306],
[34, 0.4657280000000001, 10895.961366044658, 0.0, 0.01020408163265306, 0.01020408163265306],
[35, 0.47872300000000007, 10895.683116449836, 0.0, 0.01020408163265306, 0.01020408163265306],
[36, 0.49143640000000005, 10895.452302293186, 0.0, 0.01020408163265306, 0.01020408163265306],
[37, 0.5038718010000001, 10895.256975784769, 0.0, 0.01020408163265306, 0.01020408163265306],
[38, 0.516357001, 10895.1090398719, 0.0, 0.01020408163265306, 0.01020408163265306],
[39, 0.529041101, 10894.978265212918, 0.0, 0.01020408163265306, 0.01020408163265306],
[40, 0.544905602, 10894.848505772597, 0.0, 0.01020408163265306, 0.01020408163265306],
[41, 0.5575666020000001, 10894.75645673657, 0.0, 0.01020408163265306, 0.01020408163265306],
[42, 0.571423502, 10894.67500247319, 0.0, 0.01020408163265306, 0.01020408163265306],
[43, 0.584511502, 10894.610121349699, 0.0, 0.01020408163265306, 0.01020408163265306],
[44, 0.5974511020000001, 10894.5372543125, 0.0, 0.01020408163265306, 0.01020408163265306],
[45, 0.610082902, 10894.505497112763, 0.0, 0.01020408163265306, 0.01020408163265306],
[46, 0.6231491020000001, 10894.443069896155, 0.0, 0.01020408163265306, 0.01020408163265306],
[47, 0.6364929020000001, 10894.420226795555, 0.0, 0.01020408163265306, 0.01020408163265306],
[48, 0.6494518020000001, 10894.38181586741, 0.0, 0.01020408163265306, 0.01020408163265306],
[49, 0.662122202, 10894.3873043286, 0.0, 0.01020408163265306, 0.01020408163265306],
[50, 0.675828902, 10894.338367832497, 0.0, 0.01020408163265306, 0.01020408163265306],
[51, 0.690393702, 10894.325607421868, 0.0, 0.01020408163265306, 0.01020408163265306],
[52, 0.703459602, 10894.297160531036, 0.0, 0.01020408163265306, 0.01020408163265306],
[53, 0.716228102, 10894.313511879154, 0.0, 0.01020408163265306, 0.01020408163265306],
[54, 0.7438085019999999, 10894.260966721542, 0.0, 0.01020408163265306, 0.01020408163265306],
[55, 0.756567703, 10894.288540413465, 0.0, 0.01020408163265306, 0.01020408163265306],
[56, 0.7699540029999999, 10894.277093319446, 0.0, 0.01020408163265306, 0.01020408163265306],
[57, 0.782717703, 10894.250907276328, 0.0, 0.01020408163265306, 0.01020408163265306],
[58, 0.795360803, 10894.237470069083, 0.0, 0.01020408163265306, 0.01020408163265306],
[59, 0.808545603, 10894.22644010105, 0.0, 0.01020408163265306, 0.01020408163265306],
[60, 0.821419803, 10894.220293543738, 0.0, 0.01020408163265306, 0.01020408163265306],
[61, 0.834062902, 10894.234832934195, 0.0, 0.01020408163265306, 0.01020408163265306],
[62, 0.847576703, 10894.223036730993, 0.0, 0.01020408163265306, 0.01020408163265306],
[63, 0.860685403, 10894.232751238756, 0.0, 0.01020408163265306, 0.01020408163265306],
[64, 0.8732809029999999, 10894.217259482763, 0.0, 0.01020408163265306, 0.01020408163265306],
[65, 0.8864824029999999, 10894.219000752433, 0.0, 0.01020408163265306, 0.01020408163265306],
[66, 0.898866003, 10894.244868689924, 0.0, 0.01020408163265306, 0.01020408163265306],
[67, 0.911352203, 10894.242552348836, 0.0, 0.01020408163265306, 0.01020408163265306],
[68, 0.924937303, 10894.205914967182, 0.0, 0.01020408163265306, 0.01020408163265306],
[69, 0.938197103, 10894.220443937224, 0.0, 0.01020408163265306, 0.01020408163265306],
[70, 0.952284102, 10894.22735228772, 0.0, 0.01020408163265306, 0.01020408163265306],
[71, 0.9654129020000001, 10894.22224121071, 0.0, 0.01020408163265306, 0.01020408163265306],
[72, 0.9782499020000001, 10894.20925046141, 0.0, 0.01020408163265306, 0.01020408163265306],
[73, 0.990443202, 10894.204927346238, 0.0, 0.01020408163265306, 0.01020408163265306],
[74, 1.003319801, 10894.218319306028, 0.0, 0.01020408163265306, 0.01020408163265306],
[75, 1.016586701, 10894.215160256852, 0.0, 0.01020408163265306, 0.01020408163265306],
[76, 1.029780901, 10894.20051658621, 0.0, 0.01020408163265306, 0.01020408163265306],
[77, 1.0423994, 10894.218282894724, 0.0, 0.01020408163265306, 0.01020408163265306],
[78, 1.0552395, 10894.209728513002, 0.0, 0.01020408163265306, 0.01020408163265306],
[79, 1.0678703, 10894.223278812722, 0.0, 0.01020408163265306, 0.01020408163265306],
[80, 1.0800019, 10894.21989290378, 0.0, 0.01020408163265306, 0.01020408163265306],
[81, 1.092701799, 10894.207208764485, 0.0, 0.01020408163265306, 0.01020408163265306],
[82, 1.1052285990000001, 10894.207596076341, 0.0, 0.01020408163265306, 0.01020408163265306],
[83, 1.1179857990000002, 10894.237035093325, 0.0, 0.01020408163265306, 0.01020408163265306],
[84, 1.1309018990000002, 10894.222946464537, 0.0, 0.01020408163265306, 0.01020408163265306],
[85, 1.1449842980000002, 10894.21664628112, 0.0, 0.01020408163265306, 0.01020408163265306],
[86, 1.1581045970000001, 10894.21886414768, 0.0, 0.01020408163265306, 0.01020408163265306],
[87, 1.1713003970000002, 10894.215470526044, 0.0, 0.01020408163265306, 0.01020408163265306],
[88, 1.1844440970000003, 10894.197196422896, 0.0, 0.01020408163265306, 0.01020408163265306],
[89, 1.1976491960000004, 10894.21991455482, 0.0, 0.01020408163265306, 0.01020408163265306],
[90, 1.2107248970000004, 10894.219248547042, 0.0, 0.01020408163265306, 0.01020408163265306],
[91, 1.2238020970000003, 10894.222761627694, 0.0, 0.01020408163265306, 0.01020408163265306],
[92, 1.2372376970000003, 10894.217583887252, 0.0, 0.01020408163265306, 0.01020408163265306],
[93, 1.2508230970000003, 10894.21550413117, 0.0, 0.01020408163265306, 0.01020408163265306],
[94, 1.2639576970000004, 10894.226178344268, 0.0, 0.01020408163265306, 0.01020408163265306],
[95, 1.3657199980000003, 10894.202928060646, 0.0, 0.01020408163265306, 0.01020408163265306],
[96, 1.3784249980000003, 10894.212575475322, 0.0, 0.01020408163265306, 0.01020408163265306],
[97, 1.3912411970000003, 10894.208964784792, 0.0, 0.01020408163265306, 0.01020408163265306],
[98, 1.4036998970000003, 10894.221140006877, 0.0, 0.01020408163265306, 0.01020408163265306],
[99, 1.4166841970000004, 10894.224789504902, 0.0, 0.01020408163265306, 0.01020408163265306],
[100, 1.4294187970000003, 10894.183292891808, 0.0, 0.01020408163265306, 0.01020408163265306],
[101, 1.4423824980000004, 10894.205712553672, 0.0, 0.01020408163265306, 0.01020408163265306],
[102, 1.4550185980000003, 10894.210856857673, 0.0, 0.01020408163265306, 0.01020408163265306],
[103, 1.4682498980000003, 10894.1927717431, 0.0, 0.01020408163265306, 0.01020408163265306],
[104, 1.4839522970000003, 10894.218568298254, 0.0, 0.01020408163265306, 0.01020408163265306],
[105, 1.4964979970000003, 10894.211233089452, 0.0, 0.01020408163265306, 0.01020408163265306],
[106, 1.5099109960000003, 10894.21074139516, 0.0, 0.01020408163265306, 0.01020408163265306],
[107, 1.5228580960000004, 10894.220926992324, 0.0, 0.01020408163265306, 0.01020408163265306],
[108, 1.5357434960000005, 10894.228366886511, 0.0, 0.01020408163265306, 0.01020408163265306],
[109, 1.5492402960000005, 10894.22800006855, 0.0, 0.01020408163265306, 0.01020408163265306],
[110, 1.5628482970000004, 10894.232584669855, 0.0, 0.01020408163265306, 0.01020408163265306],
[111, 1.5763375980000003, 10894.210592705957, 0.0, 0.01020408163265306, 0.01020408163265306],
[112, 1.5885662990000002, 10894.208506597293, 0.0, 0.01020408163265306, 0.01020408163265306],
[113, 1.6013387990000003, 10894.206387324828, 0.0, 0.01020408163265306, 0.01020408163265306],
[114, 1.6140515990000004, 10894.230906473676, 0.0, 0.01020408163265306, 0.01020408163265306],
[115, 1.6293798990000004, 10894.216610228359, 0.0, 0.01020408163265306, 0.01020408163265306],
[116, 1.6418811000000004, 10894.206744135428, 0.0, 0.01020408163265306, 0.01020408163265306],
[117, 1.6551194010000003, 10894.231145668986, 0.0, 0.01020408163265306, 0.01020408163265306],
[118, 1.6675945010000004, 10894.182902985502, 0.0, 0.01020408163265306, 0.01020408163265306],
[119, 1.6804088000000004, 10894.210341661039, 0.0, 0.01020408163265306, 0.01020408163265306],
[120, 1.6932115010000004, 10894.200692922526, 0.0, 0.01020408163265306, 0.01020408163265306],
[121, 1.7061283020000004, 10894.210840871843, 0.0, 0.01020408163265306, 0.01020408163265306],
