rank: 30, ratio of 0 vs 1: 3, lambda:1, learning_rate: 0.25
iter time objective_function precision@K = 1, 5, 10
[0,10884.01292459647, 0.0 0.01020408163265306 0.009183673469387756],
[1, 0.0151508, 10873.53967332718, 0.0, 0.01020408163265306, 0.009183673469387756],
[2, 0.029681201, 10867.632456624378, 0.01020408163265306, 0.006122448979591836, 0.01326530612244898],
[3, 0.043475601, 10863.535500164755, 0.0, 0.01020408163265306, 0.011224489795918368],
[4, 0.05764760100000001, 10860.544438652361, 0.0, 0.012244897959183673, 0.01020408163265306],
[5, 0.07111360100000001, 10858.46897105308, 0.0, 0.00816326530612245, 0.011224489795918368],
[6, 0.08482360200000001, 10856.522553076411, 0.01020408163265306, 0.00816326530612245, 0.009183673469387756],
[7, 0.09849050200000001, 10856.447074904432, 0.0, 0.01020408163265306, 0.009183673469387756],
[8, 0.112460002, 10855.294632482495, 0.0, 0.01020408163265306, 0.00816326530612245],
[9, 0.125736301, 10854.676057320688, 0.0, 0.00816326530612245, 0.00816326530612245],
[10, 0.139397501, 10853.647876955903, 0.01020408163265306, 0.00816326530612245, 0.00816326530612245],
[11, 0.152350801, 10854.442758599145, 0.01020408163265306, 0.00816326530612245, 0.009183673469387756],
[12, 0.16593180200000002, 10853.37119045176, 0.01020408163265306, 0.006122448979591836, 0.009183673469387756],
[13, 0.17936420300000003, 10853.405034154512, 0.0, 0.006122448979591836, 0.009183673469387756],
[14, 0.19317660300000003, 10853.877624025703, 0.01020408163265306, 0.006122448979591836, 0.009183673469387756],
[15, 0.20682080200000003, 10854.168976496809, 0.0, 0.006122448979591836, 0.009183673469387756],
[16, 0.22087430200000002, 10852.984836767646, 0.0, 0.006122448979591836, 0.009183673469387756],
[17, 0.23499730200000002, 10854.03611440976, 0.0, 0.006122448979591836, 0.01020408163265306],
[18, 0.25017100200000003, 10854.544907703623, 0.0, 0.006122448979591836, 0.009183673469387756],
[19, 0.263414301, 10853.25307307046, 0.0, 0.006122448979591836, 0.01020408163265306],
[20, 0.277228701, 10852.794628883154, 0.0, 0.006122448979591836, 0.01020408163265306],
[21, 0.291204901, 10853.535196220895, 0.01020408163265306, 0.006122448979591836, 0.01020408163265306],
[22, 0.311401501, 10853.640230119918, 0.0, 0.006122448979591836, 0.01020408163265306],
[23, 0.324943401, 10852.858263953693, 0.01020408163265306, 0.006122448979591836, 0.01020408163265306],
[24, 0.3429651, 10854.231253463216, 0.0, 0.006122448979591836, 0.01020408163265306],
[25, 0.355416601, 10852.893134204238, 0.01020408163265306, 0.006122448979591836, 0.01020408163265306],
[26, 0.368840701, 10852.212800879162, 0.01020408163265306, 0.006122448979591836, 0.01020408163265306],
[27, 0.382477801, 10853.662097944525, 0.01020408163265306, 0.006122448979591836, 0.01020408163265306],
[28, 0.39564620100000003, 10852.606839396758, 0.01020408163265306, 0.006122448979591836, 0.01020408163265306],
[29, 0.408622501, 10854.072081648903, 0.01020408163265306, 0.006122448979591836, 0.01020408163265306],
[30, 0.4223696, 10853.915397966766, 0.01020408163265306, 0.006122448979591836, 0.01020408163265306],
[31, 0.43591729900000004, 10854.496097584804, 0.01020408163265306, 0.006122448979591836, 0.01020408163265306],
[32, 0.44941210000000004, 10853.19821072444, 0.01020408163265306, 0.006122448979591836, 0.01020408163265306],
[33, 0.46289890000000006, 10853.673110131715, 0.01020408163265306, 0.006122448979591836, 0.01020408163265306],
[34, 0.47609480000000004, 10853.922656021316, 0.01020408163265306, 0.006122448979591836, 0.01020408163265306],
[35, 0.4895916, 10852.823838600722, 0.01020408163265306, 0.006122448979591836, 0.01020408163265306],
[36, 0.5028401, 10852.731689473238, 0.01020408163265306, 0.006122448979591836, 0.01020408163265306],
[37, 0.5167254, 10852.068407721314, 0.01020408163265306, 0.006122448979591836, 0.01020408163265306],
[38, 0.5299981, 10852.993424768618, 0.01020408163265306, 0.006122448979591836, 0.01020408163265306],
[39, 0.5433221, 10852.996105985434, 0.01020408163265306, 0.006122448979591836, 0.01020408163265306],
[40, 0.5569658000000001, 10852.323621323738, 0.01020408163265306, 0.006122448979591836, 0.01020408163265306],
[41, 0.5710580000000001, 10852.473831875597, 0.01020408163265306, 0.006122448979591836, 0.01020408163265306],
[42, 0.5850398000000001, 10852.610586107423, 0.01020408163265306, 0.006122448979591836, 0.01020408163265306],
[43, 0.5991019990000002, 10852.658612534251, 0.01020408163265306, 0.006122448979591836, 0.01020408163265306],
[44, 0.6124686990000001, 10852.645979807314, 0.01020408163265306, 0.006122448979591836, 0.01020408163265306],
[45, 0.6263796000000001, 10853.311919563768, 0.01020408163265306, 0.006122448979591836, 0.01020408163265306],
[46, 0.6411037000000002, 10852.66406417407, 0.01020408163265306, 0.006122448979591836, 0.01020408163265306],
[47, 0.6549018000000002, 10853.204367744613, 0.01020408163265306, 0.006122448979591836, 0.01020408163265306],
[48, 0.6689924000000002, 10852.691627300894, 0.01020408163265306, 0.006122448979591836, 0.01020408163265306],
[49, 0.6831308990000001, 10854.63297451337, 0.01020408163265306, 0.006122448979591836, 0.01020408163265306],
[50, 0.6973594000000001, 10853.075275481468, 0.01020408163265306, 0.006122448979591836, 0.01020408163265306],
[51, 0.7107006000000001, 10853.734605989317, 0.01020408163265306, 0.006122448979591836, 0.01020408163265306],
[52, 0.7240558000000001, 10852.21586690236, 0.01020408163265306, 0.006122448979591836, 0.01020408163265306],
[53, 0.7378121990000002, 10853.525748827076, 0.01020408163265306, 0.006122448979591836, 0.01020408163265306],
[54, 0.7512769980000001, 10852.744496177176, 0.01020408163265306, 0.006122448979591836, 0.01020408163265306],
[55, 0.7646625980000001, 10854.116644304908, 0.01020408163265306, 0.006122448979591836, 0.01020408163265306],
[56, 0.7781249970000002, 10853.619987819524, 0.01020408163265306, 0.006122448979591836, 0.01020408163265306],
[57, 0.7913589960000001, 10853.602059395285, 0.01020408163265306, 0.006122448979591836, 0.01020408163265306],
[58, 0.8047410960000001, 10853.367276678624, 0.01020408163265306, 0.006122448979591836, 0.01020408163265306],
[59, 0.8184375960000001, 10852.727180129965, 0.01020408163265306, 0.006122448979591836, 0.01020408163265306],
[60, 0.8319166960000001, 10852.846532897374, 0.01020408163265306, 0.006122448979591836, 0.01020408163265306],
[61, 0.8463357960000001, 10853.547561663945, 0.01020408163265306, 0.006122448979591836, 0.01020408163265306],
[62, 0.8595866950000001, 10852.083337423825, 0.01020408163265306, 0.006122448979591836, 0.01020408163265306],
[63, 0.886981895, 10853.885496926423, 0.01020408163265306, 0.006122448979591836, 0.01020408163265306],
[64, 0.901163795, 10852.666345957736, 0.01020408163265306, 0.006122448979591836, 0.01020408163265306],
[65, 0.914494196, 10853.592948122709, 0.01020408163265306, 0.006122448979591836, 0.01020408163265306],
[66, 0.928237796, 10853.60720375891, 0.01020408163265306, 0.006122448979591836, 0.01020408163265306],
[67, 0.942148497, 10854.055647821666, 0.01020408163265306, 0.006122448979591836, 0.01020408163265306],
[68, 0.955841897, 10852.49605127021, 0.01020408163265306, 0.006122448979591836, 0.01020408163265306],
[69, 0.969528897, 10853.714281736275, 0.01020408163265306, 0.006122448979591836, 0.01020408163265306],
[70, 0.983598497, 10853.050663067992, 0.01020408163265306, 0.006122448979591836, 0.01020408163265306],
[71, 0.997951597, 10853.45470297794, 0.01020408163265306, 0.006122448979591836, 0.01020408163265306],
[72, 1.013072197, 10853.316631937956, 0.01020408163265306, 0.006122448979591836, 0.01020408163265306],
[73, 1.0269402970000001, 10852.5603498928, 0.01020408163265306, 0.006122448979591836, 0.01020408163265306],
[74, 1.0407776970000002, 10853.457779885948, 0.01020408163265306, 0.006122448979591836, 0.01020408163265306],
[75, 1.0542799980000002, 10853.503663734054, 0.01020408163265306, 0.006122448979591836, 0.01020408163265306],
[76, 1.0679798980000001, 10853.045899792238, 0.01020408163265306, 0.006122448979591836, 0.01020408163265306],
[77, 1.0839808990000002, 10853.458311664792, 0.01020408163265306, 0.006122448979591836, 0.01020408163265306],
[78, 1.097784499, 10853.290439440718, 0.01020408163265306, 0.006122448979591836, 0.01020408163265306],
[79, 1.1113225990000002, 10853.594129231451, 0.01020408163265306, 0.006122448979591836, 0.01020408163265306],
[80, 1.1256689000000002, 10853.69720534175, 0.01020408163265306, 0.006122448979591836, 0.01020408163265306],
[81, 1.1399614000000002, 10853.093655532324, 0.01020408163265306, 0.006122448979591836, 0.01020408163265306],
[82, 1.1536003000000001, 10853.35363644173, 0.01020408163265306, 0.006122448979591836, 0.01020408163265306],
[83, 1.167074799, 10854.467311122226, 0.01020408163265306, 0.006122448979591836, 0.01020408163265306],
[84, 1.180665799, 10854.113693891963, 0.01020408163265306, 0.006122448979591836, 0.01020408163265306],
[85, 1.194947999, 10852.897585465036, 0.01020408163265306, 0.006122448979591836, 0.01020408163265306],
[86, 1.208257999, 10853.291419706895, 0.01020408163265306, 0.006122448979591836, 0.01020408163265306],
[87, 1.221950999, 10853.139265743484, 0.01020408163265306, 0.006122448979591836, 0.01020408163265306],
[88, 1.235767399, 10852.73013304599, 0.01020408163265306, 0.006122448979591836, 0.01020408163265306],
[89, 1.2495994, 10853.203639839401, 0.01020408163265306, 0.006122448979591836, 0.01020408163265306],
[90, 1.2633971, 10853.698655109783, 0.01020408163265306, 0.006122448979591836, 0.01020408163265306],
[91, 1.2768807, 10853.016735040055, 0.01020408163265306, 0.006122448979591836, 0.01020408163265306],
[92, 1.2905928, 10853.10232939086, 0.01020408163265306, 0.006122448979591836, 0.01020408163265306],
[93, 1.3031660999999999, 10853.091491936284, 0.01020408163265306, 0.006122448979591836, 0.01020408163265306],
[94, 1.3169274999999998, 10854.106404976459, 0.01020408163265306, 0.006122448979591836, 0.01020408163265306],
[95, 1.3306635999999998, 10852.427393149257, 0.01020408163265306, 0.006122448979591836, 0.01020408163265306],
[96, 1.3436541999999998, 10852.820404371298, 0.01020408163265306, 0.006122448979591836, 0.01020408163265306],
[97, 1.3564594999999997, 10852.780818086861, 0.01020408163265306, 0.006122448979591836, 0.01020408163265306],
[98, 1.3698112999999996, 10853.8081991984, 0.01020408163265306, 0.006122448979591836, 0.01020408163265306],
[99, 1.3831887999999997, 10853.463458401737, 0.01020408163265306, 0.006122448979591836, 0.01020408163265306],
[100, 1.3972884999999997, 10852.106844695494, 0.01020408163265306, 0.006122448979591836, 0.01020408163265306],
[101, 1.4107700999999997, 10853.099548108648, 0.01020408163265306, 0.006122448979591836, 0.01020408163265306],
[102, 1.4248441009999997, 10853.408756595752, 0.01020408163265306, 0.006122448979591836, 0.01020408163265306],
[103, 1.4380408009999996, 10852.94854138416, 0.01020408163265306, 0.006122448979591836, 0.01020408163265306],
[104, 1.5073093009999996, 10853.309080079953, 0.01020408163265306, 0.006122448979591836, 0.01020408163265306],
[105, 1.5213396009999995, 10853.09456785488, 0.01020408163265306, 0.006122448979591836, 0.01020408163265306],
[106, 1.5345359009999995, 10852.899827113219, 0.01020408163265306, 0.006122448979591836, 0.01020408163265306],
[107, 1.5481540009999994, 10853.64853840838, 0.01020408163265306, 0.006122448979591836, 0.01020408163265306],
[108, 1.5617006009999994, 10853.403984287716, 0.01020408163265306, 0.006122448979591836, 0.01020408163265306],
[109, 1.5753160999999993, 10854.246725659807, 0.01020408163265306, 0.006122448979591836, 0.01020408163265306],
[110, 1.5880873999999994, 10854.280501411824, 0.01020408163265306, 0.006122448979591836, 0.01020408163265306],
[111, 1.6018605999999993, 10852.680538519548, 0.01020408163265306, 0.006122448979591836, 0.01020408163265306],
[112, 1.6152854999999993, 10853.43308573226, 0.01020408163265306, 0.006122448979591836, 0.01020408163265306],
[113, 1.6284963009999993, 10853.304006527243, 0.01020408163265306, 0.006122448979591836, 0.01020408163265306],
[114, 1.6412674009999992, 10853.614889722356, 0.01020408163265306, 0.006122448979591836, 0.01020408163265306],
[115, 1.6540976009999993, 10853.437384956118, 0.01020408163265306, 0.006122448979591836, 0.01020408163265306],
[116, 1.6683783009999993, 10853.004567252734, 0.01020408163265306, 0.006122448979591836, 0.01020408163265306],
[117, 1.6818651009999992, 10853.771185439233, 0.01020408163265306, 0.006122448979591836, 0.01020408163265306],
[118, 1.6954089009999993, 10851.99214041318, 0.01020408163265306, 0.006122448979591836, 0.01020408163265306],
[119, 1.7088603009999992, 10853.049393764439, 0.01020408163265306, 0.006122448979591836, 0.01020408163265306],
[120, 1.7232523009999992, 10852.354941573261, 0.01020408163265306, 0.006122448979591836, 0.01020408163265306],
[121, 1.736358400999999, 10853.505506611009, 0.01020408163265306, 0.006122448979591836, 0.01020408163265306],
