rank: 30, ratio of 0 vs 1: 3, lambda:6, learning_rate: 0.25
iter time objective_function precision@K = 1, 5, 10
[0,11312.704385952433, 0.0 0.01020408163265306 0.009183673469387756],
[1, 0.013403, 11140.36726454258, 0.02040816326530612, 0.01020408163265306, 0.009183673469387756],
[2, 0.0259578, 11027.306345525269, 0.02040816326530612, 0.012244897959183673, 0.012244897959183673],
[3, 0.0387151, 10919.54004259015, 0.01020408163265306, 0.00816326530612245, 0.011224489795918368],
[4, 0.0518357, 10830.228272426095, 0.01020408163265306, 0.00816326530612245, 0.009183673469387756],
[5, 0.0647773, 10861.52299917668, 0.01020408163265306, 0.014285714285714285, 0.01020408163265306],
[6, 0.0773571, 10825.411206156477, 0.0, 0.00816326530612245, 0.01020408163265306],
[7, 0.0906223, 10856.503729700637, 0.01020408163265306, 0.01020408163265306, 0.011224489795918368],
[8, 0.10365100000000001, 10821.488570682752, 0.0, 0.012244897959183673, 0.012244897959183673],
[9, 0.115450301, 10851.81771837293, 0.0, 0.014285714285714285, 0.009183673469387756],
[10, 0.128519102, 10818.465259942335, 0.0, 0.00816326530612245, 0.009183673469387756],
[11, 0.141140802, 10847.22406974466, 0.01020408163265306, 0.006122448979591836, 0.006122448979591836],
[12, 0.154210803, 10815.702514064267, 0.0, 0.01020408163265306, 0.009183673469387756],
[13, 0.16978680300000001, 10842.878175283176, 0.0, 0.00816326530612245, 0.007142857142857143],
[14, 0.27923670300000003, 10813.718996198953, 0.0, 0.014285714285714285, 0.01326530612244898],
[15, 0.291842303, 10838.600029847754, 0.01020408163265306, 0.004081632653061225, 0.007142857142857143],
[16, 0.30443570400000003, 10811.683303220296, 0.01020408163265306, 0.01020408163265306, 0.00816326530612245],
[17, 0.317241704, 10834.851960399246, 0.0, 0.006122448979591836, 0.007142857142857143],
[18, 0.330878104, 10810.34760206773, 0.01020408163265306, 0.006122448979591836, 0.00510204081632653],
[19, 0.343949704, 10831.234912996078, 0.0, 0.004081632653061225, 0.00816326530612245],
[20, 0.35638540500000004, 10808.642508458692, 0.01020408163265306, 0.01020408163265306, 0.011224489795918368],
[21, 0.36908110400000005, 10828.071462357902, 0.0, 0.006122448979591836, 0.007142857142857143],
[22, 0.382448604, 10807.636375357337, 0.0, 0.00816326530612245, 0.00816326530612245],
[23, 0.39488670400000003, 10825.132959438002, 0.0, 0.0020408163265306124, 0.00510204081632653],
[24, 0.410381804, 10806.270570661514, 0.0, 0.01020408163265306, 0.00510204081632653],
[25, 0.424326303, 10822.494025155896, 0.030612244897959183, 0.018367346938775512, 0.015306122448979591],
[26, 0.437507804, 10805.498638728002, 0.0, 0.0020408163265306124, 0.00510204081632653],
[27, 0.449996004, 10820.022782419122, 0.0, 0.006122448979591836, 0.011224489795918368],
[28, 0.463186404, 10804.416935660374, 0.01020408163265306, 0.004081632653061225, 0.006122448979591836],
[29, 0.476636404, 10817.822072810024, 0.01020408163265306, 0.004081632653061225, 0.01020408163265306],
[30, 0.48947650400000003, 10803.94425368649, 0.01020408163265306, 0.00816326530612245, 0.00816326530612245],
[31, 0.5024801050000001, 10815.762750992159, 0.05102040816326531, 0.02040816326530612, 0.01326530612244898],
[32, 0.5155617050000001, 10802.980272846939, 0.01020408163265306, 0.01020408163265306, 0.012244897959183673],
[33, 0.5294282050000001, 10814.019267082282, 0.01020408163265306, 0.01020408163265306, 0.0163265306122449],
[34, 0.5418157050000001, 10802.544951706348, 0.01020408163265306, 0.004081632653061225, 0.006122448979591836],
[35, 0.5547294050000001, 10812.332837032724, 0.02040816326530612, 0.018367346938775512, 0.01326530612244898],
[36, 0.5675198050000001, 10801.746167223075, 0.01020408163265306, 0.014285714285714285, 0.0163265306122449],
[37, 0.5810108050000001, 10810.9272821233, 0.01020408163265306, 0.00816326530612245, 0.01020408163265306],
[38, 0.5944679050000001, 10801.454833003121, 0.0, 0.00816326530612245, 0.007142857142857143],
[39, 0.6072450050000001, 10809.53464287408, 0.01020408163265306, 0.01020408163265306, 0.009183673469387756],
[40, 0.6208196040000001, 10800.73698037907, 0.01020408163265306, 0.012244897959183673, 0.00816326530612245],
[41, 0.6347238040000002, 10808.402187454987, 0.02040816326530612, 0.012244897959183673, 0.009183673469387756],
[42, 0.6482399040000002, 10800.52970306462, 0.0, 0.006122448979591836, 0.006122448979591836],
[43, 0.6617325040000002, 10807.246200234622, 0.0, 0.004081632653061225, 0.00816326530612245],
[44, 0.6749356050000002, 10799.972766623934, 0.02040816326530612, 0.01020408163265306, 0.011224489795918368],
[45, 0.6872105050000001, 10806.286970710378, 0.01020408163265306, 0.01020408163265306, 0.012244897959183673],
[46, 0.7003093050000001, 10799.805260018424, 0.0, 0.01020408163265306, 0.009183673469387756],
[47, 0.7131984040000001, 10805.35270475861, 0.02040816326530612, 0.014285714285714285, 0.011224489795918368],
[48, 0.7258719040000001, 10799.357862223334, 0.0, 0.01020408163265306, 0.006122448979591836],
[49, 0.7388307040000002, 10804.561448831857, 0.01020408163265306, 0.006122448979591836, 0.00816326530612245],
[50, 0.7518414040000002, 10799.246662323067, 0.0, 0.00816326530612245, 0.007142857142857143],
[51, 0.7652418040000002, 10803.774135619688, 0.01020408163265306, 0.0163265306122449, 0.014285714285714285],
[52, 0.7784398040000002, 10798.884053699252, 0.0, 0.006122448979591836, 0.007142857142857143],
[53, 0.7927877040000002, 10803.126737903738, 0.0, 0.014285714285714285, 0.014285714285714285],
[54, 0.8057101040000002, 10798.792483345846, 0.01020408163265306, 0.012244897959183673, 0.011224489795918368],
[55, 0.8248289040000002, 10802.492594121235, 0.02040816326530612, 0.0163265306122449, 0.012244897959183673],
[56, 0.8380162040000002, 10798.491693393982, 0.01020408163265306, 0.006122448979591836, 0.007142857142857143],
[57, 0.8507663040000002, 10801.966681160206, 0.0, 0.014285714285714285, 0.012244897959183673],
[58, 0.8641527050000002, 10798.421182644624, 0.030612244897959183, 0.014285714285714285, 0.012244897959183673],
[59, 0.8767651050000002, 10801.445427488823, 0.02040816326530612, 0.0163265306122449, 0.011224489795918368],
[60, 0.8898157050000002, 10798.177014494371, 0.0, 0.00816326530612245, 0.01020408163265306],
[61, 0.9027081050000002, 10801.01499960713, 0.01020408163265306, 0.012244897959183673, 0.014285714285714285],
[62, 0.9153154050000002, 10798.120600704604, 0.030612244897959183, 0.0163265306122449, 0.012244897959183673],
[63, 0.9284121050000002, 10800.595018471296, 0.02040816326530612, 0.0163265306122449, 0.017346938775510204],
[64, 0.9413703050000002, 10797.921001904628, 0.0, 0.012244897959183673, 0.00816326530612245],
[65, 0.9550600050000002, 10800.241366573642, 0.01020408163265306, 0.0020408163265306124, 0.011224489795918368],
[66, 0.9679124050000002, 10797.88833698274, 0.0, 0.00816326530612245, 0.006122448979591836],
[67, 0.9811674050000002, 10799.885841070682, 0.02040816326530612, 0.0163265306122449, 0.0163265306122449],
[68, 0.9938438050000002, 10797.726402664643, 0.0, 0.0163265306122449, 0.012244897959183673],
[69, 1.0066957060000004, 10799.596543438089, 0.01020408163265306, 0.004081632653061225, 0.009183673469387756],
[70, 1.0229424060000003, 10797.699117980977, 0.02040816326530612, 0.0163265306122449, 0.0163265306122449],
[71, 1.0365688050000004, 10799.310027174983, 0.01020408163265306, 0.02040816326530612, 0.012244897959183673],
[72, 1.0494205050000003, 10797.565745740741, 0.01020408163265306, 0.012244897959183673, 0.01020408163265306],
[73, 1.0619544040000002, 10799.075461581644, 0.0, 0.004081632653061225, 0.009183673469387756],
[74, 1.0748492040000002, 10797.544630725604, 0.0, 0.006122448979591836, 0.00816326530612245],
[75, 1.088089204, 10798.84150181196, 0.01020408163265306, 0.012244897959183673, 0.015306122448979591],
[76, 1.102569305, 10797.434582699841, 0.030612244897959183, 0.012244897959183673, 0.014285714285714285],
[77, 1.117208005, 10798.656058816881, 0.030612244897959183, 0.02040816326530612, 0.0163265306122449],
[78, 1.130465404, 10797.410507651155, 0.02040816326530612, 0.014285714285714285, 0.014285714285714285],
[79, 1.144602004, 10798.467405518433, 0.01020408163265306, 0.006122448979591836, 0.009183673469387756],
[80, 1.157500504, 10797.320258833633, 0.01020408163265306, 0.0020408163265306124, 0.007142857142857143],
[81, 1.170465304, 10798.317450631877, 0.04081632653061224, 0.01020408163265306, 0.011224489795918368],
[82, 1.183741704, 10797.301210088337, 0.04081632653061224, 0.00816326530612245, 0.006122448979591836],
[83, 1.195980304, 10798.16109107277, 0.02040816326530612, 0.022448979591836737, 0.0163265306122449],
[84, 1.209537904, 10797.229009027626, 0.02040816326530612, 0.012244897959183673, 0.01326530612244898],
[85, 1.222236504, 10798.038682903163, 0.02040816326530612, 0.00816326530612245, 0.009183673469387756],
[86, 1.2361104040000002, 10797.211506077521, 0.02040816326530612, 0.0163265306122449, 0.011224489795918368],
[87, 1.2491537040000003, 10797.913641357418, 0.01020408163265306, 0.024489795918367346, 0.015306122448979591],
[88, 1.2630400030000002, 10797.153290060196, 0.0, 0.01020408163265306, 0.01020408163265306],
[89, 1.2758340020000003, 10797.813849576483, 0.02040816326530612, 0.022448979591836737, 0.015306122448979591],
[90, 1.2882720020000002, 10797.139106725896, 0.030612244897959183, 0.014285714285714285, 0.01326530612244898],
[91, 1.3014424020000002, 10797.710521023255, 0.01020408163265306, 0.01020408163265306, 0.01020408163265306],
[92, 1.3143545030000001, 10797.092560557541, 0.01020408163265306, 0.014285714285714285, 0.009183673469387756],
[93, 1.327610103, 10797.628984790117, 0.01020408163265306, 0.014285714285714285, 0.014285714285714285],
[94, 1.343287703, 10797.080005277308, 0.01020408163265306, 0.0163265306122449, 0.015306122448979591],
[95, 1.359222903, 10797.546130114846, 0.02040816326530612, 0.014285714285714285, 0.012244897959183673],
[96, 1.384929303, 10797.041804472183, 0.01020408163265306, 0.014285714285714285, 0.015306122448979591],
[97, 1.397986803, 10797.479857103412, 0.02040816326530612, 0.018367346938775512, 0.015306122448979591],
[98, 1.411492803, 10797.032249604115, 0.0, 0.004081632653061225, 0.01020408163265306],
[99, 1.424093503, 10797.411434125435, 0.02040816326530612, 0.01020408163265306, 0.011224489795918368],
[100, 1.437526002, 10797.001423336153, 0.01020408163265306, 0.00816326530612245, 0.00816326530612245],
[101, 1.449838302, 10797.35726143833, 0.01020408163265306, 0.00816326530612245, 0.007142857142857143],
[102, 1.462209402, 10796.993077402984, 0.02040816326530612, 0.01020408163265306, 0.01020408163265306],
[103, 1.476131903, 10797.302387011918, 0.01020408163265306, 0.004081632653061225, 0.007142857142857143],
[104, 1.4893346029999999, 10796.967718542772, 0.01020408163265306, 0.00816326530612245, 0.011224489795918368],
[105, 1.5029728029999998, 10797.258326002155, 0.04081632653061224, 0.0163265306122449, 0.015306122448979591],
[106, 1.5158031029999999, 10796.961366339645, 0.02040816326530612, 0.018367346938775512, 0.01326530612244898],
[107, 1.528758602, 10797.212964483533, 0.030612244897959183, 0.012244897959183673, 0.012244897959183673],
[108, 1.541466601, 10796.941069278024, 0.01020408163265306, 0.004081632653061225, 0.009183673469387756],
[109, 1.553911401, 10797.176949857454, 0.02040816326530612, 0.014285714285714285, 0.015306122448979591],
[110, 1.5668164009999999, 10796.93528932857, 0.0, 0.004081632653061225, 0.009183673469387756],
[111, 1.579491601, 10797.140730611647, 0.01020408163265306, 0.0163265306122449, 0.0163265306122449],
[112, 1.593362001, 10796.91865833169, 0.02040816326530612, 0.018367346938775512, 0.01326530612244898],
[113, 1.6062599020000001, 10797.111313524088, 0.0, 0.014285714285714285, 0.01326530612244898],
[114, 1.619872202, 10796.914361778761, 0.0, 0.004081632653061225, 0.01020408163265306],
[115, 1.632528302, 10797.081327889542, 0.030612244897959183, 0.006122448979591836, 0.01020408163265306],
[116, 1.646353701, 10796.900936459566, 0.02040816326530612, 0.01020408163265306, 0.009183673469387756],
[117, 1.6589742, 10797.057369961869, 0.02040816326530612, 0.0163265306122449, 0.012244897959183673],
[118, 1.6716644, 10796.897020214075, 0.01020408163265306, 0.01020408163265306, 0.009183673469387756],
[119, 1.6845847, 10797.033410304259, 0.0, 0.012244897959183673, 0.012244897959183673],
[120, 1.6980703990000001, 10796.886105169233, 0.01020408163265306, 0.00816326530612245, 0.00816326530612245],
[121, 1.7113692, 10797.013814516673, 0.01020408163265306, 0.0163265306122449, 0.00816326530612245],
