rank: 30, ratio of 0 vs 1: 3, lambda:7, learning_rate: 0.25
iter time objective_function precision@K = 1, 5, 10
[0,11398.442678223626, 0.0 0.01020408163265306 0.009183673469387756],
[1, 0.0136523, 11177.162440038612, 0.02040816326530612, 0.014285714285714285, 0.012244897959183673],
[2, 0.027853201, 11012.622403644835, 0.01020408163265306, 0.0163265306122449, 0.014285714285714285],
[3, 0.138322402, 10853.221206773373, 0.01020408163265306, 0.00816326530612245, 0.00510204081632653],
[4, 0.150953002, 10904.859826217478, 0.02040816326530612, 0.01020408163265306, 0.011224489795918368],
[5, 0.163558202, 10852.220876390082, 0.0, 0.00816326530612245, 0.011224489795918368],
[6, 0.176873102, 10905.077419140116, 0.0, 0.01020408163265306, 0.0163265306122449],
[7, 0.19000720200000001, 10851.99070702391, 0.0, 0.01020408163265306, 0.01326530612244898],
[8, 0.202691102, 10905.247670334844, 0.01020408163265306, 0.00816326530612245, 0.007142857142857143],
[9, 0.21528840200000002, 10851.796544187682, 0.01020408163265306, 0.02040816326530612, 0.0163265306122449],
[10, 0.22843090100000002, 10905.412215829065, 0.01020408163265306, 0.01020408163265306, 0.01020408163265306],
[11, 0.243264202, 10851.640886596528, 0.02040816326530612, 0.01020408163265306, 0.01020408163265306],
[12, 0.255937003, 10905.54639756705, 0.0, 0.00816326530612245, 0.011224489795918368],
[13, 0.268832103, 10851.479651365518, 0.01020408163265306, 0.006122448979591836, 0.007142857142857143],
[14, 0.28239460299999997, 10905.702262671846, 0.0, 0.006122448979591836, 0.006122448979591836],
[15, 0.29494960299999995, 10851.310163008571, 0.01020408163265306, 0.004081632653061225, 0.009183673469387756],
[16, 0.30775860299999996, 10905.836327921534, 0.02040816326530612, 0.004081632653061225, 0.006122448979591836],
[17, 0.321093804, 10851.183770692493, 0.01020408163265306, 0.014285714285714285, 0.011224489795918368],
[18, 0.33473080499999996, 10905.996284684712, 0.0, 0.0163265306122449, 0.015306122448979591],
[19, 0.34749200399999997, 10851.019496015442, 0.0, 0.012244897959183673, 0.012244897959183673],
[20, 0.36095220299999997, 10906.137016524626, 0.02040816326530612, 0.014285714285714285, 0.009183673469387756],
[21, 0.37426960299999995, 10850.86734051542, 0.0, 0.012244897959183673, 0.012244897959183673],
[22, 0.38837410299999997, 10906.268159235397, 0.02040816326530612, 0.0163265306122449, 0.01326530612244898],
[23, 0.400790903, 10850.762213832939, 0.030612244897959183, 0.018367346938775512, 0.012244897959183673],
[24, 0.41392470299999995, 10906.395226944074, 0.01020408163265306, 0.00816326530612245, 0.01020408163265306],
[25, 0.42717100299999994, 10850.648820809143, 0.02040816326530612, 0.01020408163265306, 0.014285714285714285],
[26, 0.4402994029999999, 10906.513089899427, 0.01020408163265306, 0.00816326530612245, 0.00816326530612245],
[27, 0.4531762039999999, 10850.491647870678, 0.01020408163265306, 0.00816326530612245, 0.01020408163265306],
[28, 0.4664036039999999, 10906.657413427809, 0.0, 0.006122448979591836, 0.00816326530612245],
[29, 0.4794074039999999, 10850.368302490362, 0.01020408163265306, 0.014285714285714285, 0.011224489795918368],
[30, 0.49688930299999995, 10906.7763702799, 0.02040816326530612, 0.00816326530612245, 0.007142857142857143],
[31, 0.510527403, 10850.262314927055, 0.0, 0.006122448979591836, 0.006122448979591836],
[32, 0.523701404, 10906.861211360703, 0.01020408163265306, 0.014285714285714285, 0.01326530612244898],
[33, 0.536183504, 10850.171697565384, 0.01020408163265306, 0.004081632653061225, 0.009183673469387756],
[34, 0.549273503, 10907.014796324429, 0.0, 0.006122448979591836, 0.007142857142857143],
[35, 0.563000803, 10850.03105698683, 0.01020408163265306, 0.00816326530612245, 0.00816326530612245],
[36, 0.576512004, 10907.137459615555, 0.0, 0.00816326530612245, 0.006122448979591836],
[37, 0.5897155040000001, 10849.93001282554, 0.01020408163265306, 0.0163265306122449, 0.014285714285714285],
[38, 0.6022839040000001, 10907.248823240081, 0.01020408163265306, 0.00816326530612245, 0.012244897959183673],
[39, 0.6160466040000001, 10849.785297164535, 0.02040816326530612, 0.0163265306122449, 0.012244897959183673],
[40, 0.6295553040000001, 10907.400646214677, 0.0, 0.01020408163265306, 0.00816326530612245],
[41, 0.6426538040000002, 10849.634249628054, 0.01020408163265306, 0.00816326530612245, 0.012244897959183673],
[42, 0.6554179030000001, 10907.55671493898, 0.0, 0.006122448979591836, 0.00816326530612245],
[43, 0.6691975030000001, 10849.506849593958, 0.0, 0.012244897959183673, 0.014285714285714285],
[44, 0.6883531030000002, 10907.676145079591, 0.02040816326530612, 0.00816326530612245, 0.01020408163265306],
[45, 0.7021905020000002, 10849.374419823402, 0.01020408163265306, 0.0163265306122449, 0.01326530612244898],
[46, 0.7156612020000002, 10907.8083674533, 0.0, 0.0, 0.00510204081632653],
[47, 0.7293739020000002, 10849.271423029033, 0.0, 0.0163265306122449, 0.015306122448979591],
[48, 0.7434428020000002, 10907.911959572863, 0.04081632653061224, 0.024489795918367346, 0.01326530612244898],
[49, 0.7560060020000002, 10849.172589526646, 0.0, 0.004081632653061225, 0.007142857142857143],
[50, 0.7699190020000002, 10908.02477728993, 0.0, 0.0020408163265306124, 0.003061224489795918],
[51, 0.7821072010000002, 10849.04938634027, 0.01020408163265306, 0.006122448979591836, 0.006122448979591836],
[52, 0.7950368010000002, 10908.151784692198, 0.02040816326530612, 0.012244897959183673, 0.009183673469387756],
[53, 0.8077398010000002, 10848.92027651318, 0.0, 0.01020408163265306, 0.01020408163265306],
[54, 0.8204911010000002, 10908.246828754192, 0.01020408163265306, 0.004081632653061225, 0.006122448979591836],
[55, 0.8332511010000002, 10848.840269354514, 0.01020408163265306, 0.006122448979591836, 0.00816326530612245],
[56, 0.8459054010000002, 10908.320584810537, 0.0, 0.006122448979591836, 0.006122448979591836],
[57, 0.8604012000000002, 10848.778785091092, 0.01020408163265306, 0.01020408163265306, 0.014285714285714285],
[58, 0.8736647990000002, 10908.447146758885, 0.01020408163265306, 0.0163265306122449, 0.019387755102040816],
[59, 0.8865261000000002, 10848.624118437145, 0.01020408163265306, 0.00816326530612245, 0.012244897959183673],
[60, 0.9008683000000002, 10908.530770399035, 0.01020408163265306, 0.018367346938775512, 0.0163265306122449],
[61, 0.9135329990000002, 10848.585294242444, 0.030612244897959183, 0.0163265306122449, 0.012244897959183673],
[62, 0.9262738980000002, 10908.598252965929, 0.0, 0.00816326530612245, 0.012244897959183673],
[63, 0.9401966980000002, 10848.504914070447, 0.02040816326530612, 0.024489795918367346, 0.017346938775510204],
[64, 0.9535449980000001, 10908.68052238886, 0.01020408163265306, 0.006122448979591836, 0.004081632653061225],
[65, 0.9661687980000001, 10848.42480507465, 0.01020408163265306, 0.012244897959183673, 0.009183673469387756],
[66, 0.9810610980000001, 10908.769795587265, 0.01020408163265306, 0.006122448979591836, 0.006122448979591836],
[67, 0.9937754980000001, 10848.365535256116, 0.01020408163265306, 0.014285714285714285, 0.012244897959183673],
[68, 1.006617797, 10908.841795008693, 0.01020408163265306, 0.00816326530612245, 0.00816326530612245],
[69, 1.0190594970000002, 10848.280388301218, 0.01020408163265306, 0.006122448979591836, 0.007142857142857143],
[70, 1.032063297, 10908.955685851555, 0.0, 0.01020408163265306, 0.011224489795918368],
[71, 1.0448330970000002, 10848.167347721714, 0.01020408163265306, 0.01020408163265306, 0.009183673469387756],
[72, 1.0574547970000001, 10909.059454714283, 0.0, 0.006122448979591836, 0.01020408163265306],
[73, 1.070840897, 10848.082224714051, 0.02040816326530612, 0.00816326530612245, 0.01020408163265306],
[74, 1.0836213970000002, 10909.163665309878, 0.0, 0.004081632653061225, 0.00510204081632653],
[75, 1.0963846970000002, 10847.987523736234, 0.0, 0.00816326530612245, 0.011224489795918368],
[76, 1.108964497, 10909.250397945703, 0.01020408163265306, 0.0163265306122449, 0.011224489795918368],
[77, 1.121505596, 10847.922183457154, 0.02040816326530612, 0.012244897959183673, 0.017346938775510204],
[78, 1.134611396, 10909.323036759759, 0.01020408163265306, 0.00816326530612245, 0.01020408163265306],
[79, 1.148270296, 10847.83833912681, 0.0, 0.01020408163265306, 0.011224489795918368],
[80, 1.162024495, 10909.387028317196, 0.01020408163265306, 0.006122448979591836, 0.006122448979591836],
[81, 1.175530695, 10847.767633749698, 0.0, 0.0, 0.0010204081632653062],
[82, 1.188861194, 10909.470248479873, 0.02040816326530612, 0.006122448979591836, 0.00510204081632653],
[83, 1.201605794, 10847.69023872899, 0.01020408163265306, 0.014285714285714285, 0.01020408163265306],
[84, 1.214109793, 10909.551401518287, 0.01020408163265306, 0.014285714285714285, 0.01326530612244898],
[85, 1.247961892, 10847.63655909444, 0.02040816326530612, 0.00816326530612245, 0.011224489795918368],
[86, 1.260925592, 10909.612174427066, 0.01020408163265306, 0.012244897959183673, 0.011224489795918368],
[87, 1.273820892, 10847.578955547462, 0.02040816326530612, 0.024489795918367346, 0.0163265306122449],
[88, 1.2868770920000001, 10909.70122416798, 0.01020408163265306, 0.01020408163265306, 0.009183673469387756],
[89, 1.299367992, 10847.473259963468, 0.0, 0.012244897959183673, 0.006122448979591836],
[90, 1.311576392, 10909.765688277426, 0.01020408163265306, 0.01020408163265306, 0.012244897959183673],
[91, 1.324015592, 10847.425971681709, 0.0, 0.006122448979591836, 0.011224489795918368],
[92, 1.3368017920000002, 10909.833925248786, 0.01020408163265306, 0.01020408163265306, 0.011224489795918368],
[93, 1.349305892, 10847.361778623568, 0.0, 0.01020408163265306, 0.009183673469387756],
[94, 1.362392792, 10909.874315785168, 0.0, 0.00816326530612245, 0.009183673469387756],
[95, 1.3752926920000001, 10847.296258733497, 0.0, 0.01020408163265306, 0.009183673469387756],
[96, 1.387844392, 10909.930920590927, 0.01020408163265306, 0.014285714285714285, 0.01326530612244898],
[97, 1.400010392, 10847.264606262775, 0.01020408163265306, 0.018367346938775512, 0.018367346938775512],
[98, 1.413367993, 10910.012549121991, 0.02040816326530612, 0.014285714285714285, 0.018367346938775512],
[99, 1.4265789930000001, 10847.225368431746, 0.01020408163265306, 0.01020408163265306, 0.009183673469387756],
[100, 1.4390938930000001, 10910.05777583042, 0.0, 0.00816326530612245, 0.006122448979591836],
[101, 1.451427293, 10847.140713519675, 0.01020408163265306, 0.01020408163265306, 0.01020408163265306],
[102, 1.464633494, 10910.107715325146, 0.01020408163265306, 0.01020408163265306, 0.01326530612244898],
[103, 1.477458095, 10847.128674053034, 0.02040816326530612, 0.00816326530612245, 0.01020408163265306],
[104, 1.490463096, 10910.184673143078, 0.01020408163265306, 0.01020408163265306, 0.009183673469387756],
[105, 1.503537195, 10847.046746951137, 0.01020408163265306, 0.0163265306122449, 0.014285714285714285],
[106, 1.5168029950000002, 10910.240637967767, 0.02040816326530612, 0.024489795918367346, 0.018367346938775512],
[107, 1.5300636950000002, 10847.001189073804, 0.01020408163265306, 0.0163265306122449, 0.012244897959183673],
[108, 1.5421294950000002, 10910.291285340338, 0.01020408163265306, 0.014285714285714285, 0.012244897959183673],
[109, 1.5551500950000001, 10846.923743637804, 0.02040816326530612, 0.00816326530612245, 0.007142857142857143],
[110, 1.567851695, 10910.363563852927, 0.02040816326530612, 0.0163265306122449, 0.0163265306122449],
[111, 1.5809595950000002, 10846.858292203457, 0.0, 0.00816326530612245, 0.009183673469387756],
[112, 1.5945636950000002, 10910.414389680975, 0.030612244897959183, 0.014285714285714285, 0.009183673469387756],
[113, 1.608658595, 10846.825713968217, 0.02040816326530612, 0.01020408163265306, 0.011224489795918368],
[114, 1.622341595, 10910.475381896198, 0.030612244897959183, 0.022448979591836737, 0.01326530612244898],
[115, 1.635319295, 10846.805024216375, 0.02040816326530612, 0.012244897959183673, 0.009183673469387756],
[116, 1.648618796, 10910.517184103874, 0.0, 0.00816326530612245, 0.006122448979591836],
[117, 1.661361496, 10846.729921070066, 0.01020408163265306, 0.006122448979591836, 0.00816326530612245],
[118, 1.674260495, 10910.554002089531, 0.0, 0.006122448979591836, 0.006122448979591836],
[119, 1.6875901949999998, 10846.702229451957, 0.01020408163265306, 0.006122448979591836, 0.00816326530612245],
[120, 1.7010127949999998, 10910.607430864502, 0.01020408163265306, 0.014285714285714285, 0.011224489795918368],
[121, 1.7145876959999997, 10846.68741176656, 0.01020408163265306, 0.012244897959183673, 0.00816326530612245],
