rank: 30, ratio of 0 vs 1: 3, lambda:1, learning_rate: 0.25
iter time objective_function precision@K = 1, 5, 10
[0,10884.01292459647, 0.0 0.01020408163265306 0.009183673469387756],
[1, 0.012688099, 10873.53967332718, 0.0, 0.01020408163265306, 0.009183673469387756],
[2, 0.027108, 10867.326954556442, 0.01020408163265306, 0.006122448979591836, 0.014285714285714285],
[3, 0.041919200000000004, 10862.82956025317, 0.0, 0.01020408163265306, 0.01326530612244898],
[4, 0.055940499000000005, 10859.363491071495, 0.01020408163265306, 0.012244897959183673, 0.011224489795918368],
[5, 0.069642099, 10856.895323497483, 0.0, 0.012244897959183673, 0.011224489795918368],
[6, 0.083269499, 10854.527214872935, 0.01020408163265306, 0.00816326530612245, 0.009183673469387756],
[7, 0.097509799, 10854.070232261105, 0.01020408163265306, 0.01020408163265306, 0.011224489795918368],
[8, 0.11120079899999999, 10852.554142946556, 0.01020408163265306, 0.012244897959183673, 0.009183673469387756],
[9, 0.1248618, 10851.574791896148, 0.01020408163265306, 0.004081632653061225, 0.00816326530612245],
[10, 0.13861779999999999, 10850.218557522494, 0.01020408163265306, 0.006122448979591836, 0.009183673469387756],
[11, 0.1528125, 10850.760877617971, 0.0, 0.004081632653061225, 0.011224489795918368],
[12, 0.16951049899999998, 10849.557832204455, 0.0, 0.0020408163265306124, 0.011224489795918368],
[13, 0.18192979899999998, 10849.366603591981, 0.0, 0.0020408163265306124, 0.01020408163265306],
[14, 0.19620019999999996, 10849.633517142545, 0.0, 0.0020408163265306124, 0.011224489795918368],
[15, 0.21028949999999996, 10850.008111300314, 0.0, 0.0020408163265306124, 0.012244897959183673],
[16, 0.22559980099999996, 10848.573133204789, 0.0, 0.0020408163265306124, 0.011224489795918368],
[17, 0.23867790199999997, 10849.546354205233, 0.0, 0.0020408163265306124, 0.011224489795918368],
[18, 0.251694102, 10849.905442551968, 0.0, 0.0020408163265306124, 0.01326530612244898],
[19, 0.264640402, 10848.510259713017, 0.0, 0.0020408163265306124, 0.011224489795918368],
[20, 0.278583902, 10848.039998535778, 0.0, 0.0020408163265306124, 0.012244897959183673],
[21, 0.293128103, 10848.912268815711, 0.0, 0.0020408163265306124, 0.01326530612244898],
[22, 0.30783740299999995, 10848.86454943486, 0.0, 0.0020408163265306124, 0.01326530612244898],
[23, 0.38735840299999996, 10847.856316916957, 0.0, 0.0020408163265306124, 0.01326530612244898],
[24, 0.40308010299999997, 10849.46949204098, 0.0, 0.0020408163265306124, 0.01326530612244898],
[25, 0.417685502, 10847.93830957639, 0.0, 0.0020408163265306124, 0.01326530612244898],
[26, 0.436451502, 10847.380419503052, 0.0, 0.0020408163265306124, 0.01326530612244898],
[27, 0.450100302, 10848.882422352304, 0.0, 0.0020408163265306124, 0.01326530612244898],
[28, 0.464598401, 10847.721054482681, 0.0, 0.0020408163265306124, 0.01326530612244898],
[29, 0.478771401, 10849.134083077455, 0.0, 0.0020408163265306124, 0.01326530612244898],
[30, 0.49375110099999997, 10849.137601340195, 0.0, 0.0020408163265306124, 0.01326530612244898],
[31, 0.507671201, 10849.594383217418, 0.0, 0.0020408163265306124, 0.01326530612244898],
[32, 0.521486002, 10848.294452583785, 0.0, 0.0020408163265306124, 0.01326530612244898],
[33, 0.534854902, 10848.704649043457, 0.0, 0.0020408163265306124, 0.01326530612244898],
[34, 0.5481889019999999, 10849.074652168963, 0.0, 0.0020408163265306124, 0.01326530612244898],
[35, 0.5626104029999999, 10847.995614801817, 0.0, 0.0020408163265306124, 0.01326530612244898],
[36, 0.5765525039999999, 10847.750774943808, 0.0, 0.0020408163265306124, 0.01326530612244898],
[37, 0.5903798039999999, 10847.147747386598, 0.0, 0.0020408163265306124, 0.01326530612244898],
[38, 0.6038427039999998, 10847.975775288643, 0.0, 0.0020408163265306124, 0.01326530612244898],
[39, 0.6180049039999999, 10848.028081392122, 0.0, 0.0020408163265306124, 0.01326530612244898],
[40, 0.6310790039999998, 10847.25428875125, 0.0, 0.0020408163265306124, 0.01326530612244898],
[41, 0.6466427039999998, 10847.551890148707, 0.0, 0.0020408163265306124, 0.01326530612244898],
[42, 0.6609008039999998, 10847.62070975026, 0.0, 0.0020408163265306124, 0.01326530612244898],
[43, 0.6762335029999998, 10847.740178726368, 0.0, 0.0020408163265306124, 0.01326530612244898],
[44, 0.6912276029999999, 10847.73489615919, 0.0, 0.0020408163265306124, 0.01326530612244898],
[45, 0.7050435029999998, 10848.3698474637, 0.0, 0.0020408163265306124, 0.01326530612244898],
[46, 0.7184472029999999, 10847.662609855852, 0.0, 0.0020408163265306124, 0.01326530612244898],
[47, 0.7328505029999999, 10848.348068400312, 0.0, 0.0020408163265306124, 0.01326530612244898],
[48, 0.7476608029999999, 10847.716075241306, 0.0, 0.0020408163265306124, 0.01326530612244898],
[49, 0.7623658019999999, 10849.755466646258, 0.0, 0.0020408163265306124, 0.01326530612244898],
[50, 0.776133302, 10848.116600531095, 0.0, 0.0020408163265306124, 0.01326530612244898],
[51, 0.789705503, 10848.717619442665, 0.0, 0.0020408163265306124, 0.01326530612244898],
[52, 0.806501103, 10847.278997449566, 0.0, 0.0020408163265306124, 0.01326530612244898],
[53, 0.819904702, 10848.694836548953, 0.0, 0.0020408163265306124, 0.01326530612244898],
[54, 0.833431303, 10847.889725045148, 0.0, 0.0020408163265306124, 0.01326530612244898],
[55, 0.847025303, 10849.247709552554, 0.0, 0.0020408163265306124, 0.01326530612244898],
[56, 0.860483302, 10848.754097467337, 0.0, 0.0020408163265306124, 0.01326530612244898],
[57, 0.874505703, 10848.582004273065, 0.0, 0.0020408163265306124, 0.01326530612244898],
[58, 0.894542003, 10848.300753115478, 0.0, 0.0020408163265306124, 0.01326530612244898],
[59, 0.9081040029999999, 10847.650421667662, 0.0, 0.0020408163265306124, 0.01326530612244898],
[60, 0.9229769019999999, 10847.859643028774, 0.0, 0.0020408163265306124, 0.01326530612244898],
[61, 0.9383993019999999, 10848.54248899596, 0.0, 0.0020408163265306124, 0.01326530612244898],
[62, 0.9551822019999999, 10847.198616663727, 0.0, 0.0020408163265306124, 0.01326530612244898],
[63, 0.968205703, 10848.954657929642, 0.0, 0.0020408163265306124, 0.01326530612244898],
[64, 0.999104203, 10847.684475942584, 0.0, 0.0020408163265306124, 0.01326530612244898],
[65, 1.013018903, 10848.517497621728, 0.0, 0.0020408163265306124, 0.01326530612244898],
[66, 1.026400503, 10848.848259160955, 0.0, 0.0020408163265306124, 0.01326530612244898],
[67, 1.040760203, 10849.168573144345, 0.0, 0.0020408163265306124, 0.01326530612244898],
[68, 1.054649603, 10847.536838469065, 0.0, 0.0020408163265306124, 0.01326530612244898],
[69, 1.0675457030000002, 10848.757993855195, 0.0, 0.0020408163265306124, 0.01326530612244898],
[70, 1.0804553040000002, 10848.209591879393, 0.0, 0.0020408163265306124, 0.01326530612244898],
[71, 1.0943527040000003, 10848.450820755843, 0.0, 0.0020408163265306124, 0.01326530612244898],
[72, 1.1074636040000003, 10848.403250079524, 0.0, 0.0020408163265306124, 0.01326530612244898],
[73, 1.1206353040000003, 10847.69452073814, 0.0, 0.0020408163265306124, 0.01326530612244898],
[74, 1.1350154040000002, 10848.500273359541, 0.0, 0.0020408163265306124, 0.01326530612244898],
[75, 1.1484213030000003, 10848.489545341761, 0.0, 0.0020408163265306124, 0.01326530612244898],
[76, 1.1604877030000003, 10848.066814603419, 0.0, 0.0020408163265306124, 0.01326530612244898],
[77, 1.1729572030000002, 10848.52595879183, 0.0, 0.0020408163265306124, 0.01326530612244898],
[78, 1.1875010040000002, 10848.18707944629, 0.0, 0.0020408163265306124, 0.01326530612244898],
[79, 1.1999856040000003, 10848.700525044118, 0.0, 0.0020408163265306124, 0.01326530612244898],
[80, 1.2128507040000003, 10848.719668072083, 0.0, 0.0020408163265306124, 0.01326530612244898],
[81, 1.2250636050000003, 10848.11201861605, 0.0, 0.0020408163265306124, 0.01326530612244898],
[82, 1.2373391050000004, 10848.253813726258, 0.0, 0.0020408163265306124, 0.01326530612244898],
[83, 1.2507295050000005, 10849.528900652967, 0.0, 0.0020408163265306124, 0.01326530612244898],
[84, 1.2643180050000005, 10849.102293892418, 0.0, 0.0020408163265306124, 0.01326530612244898],
[85, 1.2762598050000005, 10848.000921660303, 0.0, 0.0020408163265306124, 0.01326530612244898],
[86, 1.2893863050000005, 10848.383280240269, 0.0, 0.0020408163265306124, 0.01326530612244898],
[87, 1.3031091050000005, 10848.136592891175, 0.0, 0.0020408163265306124, 0.01326530612244898],
[88, 1.3165686050000005, 10847.707599212721, 0.0, 0.0020408163265306124, 0.01326530612244898],
[89, 1.3296906050000006, 10848.275162702806, 0.0, 0.0020408163265306124, 0.01326530612244898],
[90, 1.3458044050000006, 10848.68753528673, 0.0, 0.0020408163265306124, 0.01326530612244898],
[91, 1.3591418050000006, 10848.128050155721, 0.0, 0.0020408163265306124, 0.01326530612244898],
[92, 1.3719179050000005, 10848.166028447418, 0.0, 0.0020408163265306124, 0.01326530612244898],
[93, 1.3853457060000005, 10848.175889237707, 0.0, 0.0020408163265306124, 0.01326530612244898],
[94, 1.4002158050000004, 10849.304409567549, 0.0, 0.0020408163265306124, 0.01326530612244898],
[95, 1.4231558050000004, 10847.5280393594, 0.0, 0.0020408163265306124, 0.01326530612244898],
[96, 1.4502639050000004, 10847.84741173733, 0.0, 0.0020408163265306124, 0.01326530612244898],
[97, 1.4656643050000004, 10847.826595020228, 0.0, 0.0020408163265306124, 0.01326530612244898],
[98, 1.4798397050000005, 10848.873308020202, 0.0, 0.0020408163265306124, 0.01326530612244898],
[99, 1.4933923050000004, 10848.567253202504, 0.0, 0.0020408163265306124, 0.01326530612244898],
[100, 1.5065705050000004, 10847.173284200206, 0.0, 0.0020408163265306124, 0.01326530612244898],
[101, 1.5199000050000004, 10848.118253960343, 0.0, 0.0020408163265306124, 0.01326530612244898],
[102, 1.5350593050000005, 10848.466161471784, 0.0, 0.0020408163265306124, 0.01326530612244898],
[103, 1.5487264050000005, 10847.896895187967, 0.0, 0.0020408163265306124, 0.01326530612244898],
[104, 1.5630247050000006, 10848.43065527959, 0.0, 0.0020408163265306124, 0.01326530612244898],
[105, 1.6381665050000005, 10848.239764484724, 0.0, 0.0020408163265306124, 0.01326530612244898],
[106, 1.6525982050000005, 10847.9120018117, 0.0, 0.0020408163265306124, 0.01326530612244898],
[107, 1.6695783050000006, 10848.72211341131, 0.0, 0.0020408163265306124, 0.01326530612244898],
[108, 1.6829420050000006, 10848.595898706117, 0.0, 0.0020408163265306124, 0.01326530612244898],
[109, 1.6970538050000006, 10849.314208189133, 0.0, 0.0020408163265306124, 0.01326530612244898],
[110, 1.7112644050000005, 10849.509286798424, 0.0, 0.0020408163265306124, 0.01326530612244898],
[111, 1.7255053050000004, 10847.6156855851, 0.0, 0.0020408163265306124, 0.01326530612244898],
[112, 1.7398870060000005, 10848.42401344834, 0.0, 0.0020408163265306124, 0.01326530612244898],
[113, 1.7532447070000003, 10848.34462282836, 0.0, 0.0020408163265306124, 0.01326530612244898],
[114, 1.7671508060000003, 10848.73542092912, 0.0, 0.0020408163265306124, 0.01326530612244898],
[115, 1.7808626060000003, 10848.548585624223, 0.0, 0.0020408163265306124, 0.01326530612244898],
[116, 1.7951230060000003, 10848.015648162478, 0.0, 0.0020408163265306124, 0.01326530612244898],
[117, 1.8100414060000003, 10848.858059353628, 0.0, 0.0020408163265306124, 0.01326530612244898],
[118, 1.8240371060000002, 10846.978148682105, 0.0, 0.0020408163265306124, 0.01326530612244898],
[119, 1.8376766070000004, 10848.080400691502, 0.0, 0.0020408163265306124, 0.01326530612244898],
[120, 1.8517290070000003, 10847.46274518893, 0.0, 0.0020408163265306124, 0.01326530612244898],
[121, 1.8667549070000002, 10848.533384439483, 0.0, 0.0020408163265306124, 0.01326530612244898],
