rank: 30, ratio of 0 vs 1: 3, lambda:8, learning_rate: 0.25
iter time objective_function precision@K = 1, 5, 10
[0,11484.180970494817, 0.0 0.01020408163265306 0.009183673469387756],
[1, 0.0137974, 11212.58611895228, 0.02040816326530612, 0.012244897959183673, 0.01020408163265306],
[2, 0.027794899999999997, 11010.01790155683, 0.01020408163265306, 0.018367346938775512, 0.011224489795918368],
[3, 0.041325299999999995, 10846.633974854081, 0.0, 0.0, 0.00510204081632653],
[4, 0.055192599999999994, 10903.157601074268, 0.0, 0.006122448979591836, 0.01020408163265306],
[5, 0.0693796, 10833.73482214155, 0.02040816326530612, 0.014285714285714285, 0.009183673469387756],
[6, 0.0839153, 10886.010019868787, 0.01020408163265306, 0.00816326530612245, 0.00816326530612245],
[7, 0.097761301, 10824.462291305488, 0.0, 0.0020408163265306124, 0.00510204081632653],
[8, 0.111622501, 10871.278430310907, 0.02040816326530612, 0.012244897959183673, 0.01326530612244898],
[9, 0.125391101, 10818.777724338166, 0.02040816326530612, 0.014285714285714285, 0.009183673469387756],
[10, 0.138865701, 10857.939239921616, 0.02040816326530612, 0.00816326530612245, 0.007142857142857143],
[11, 0.151170401, 10814.158040094362, 0.01020408163265306, 0.01020408163265306, 0.01326530612244898],
[12, 0.163386101, 10846.54654699379, 0.01020408163265306, 0.012244897959183673, 0.0163265306122449],
[13, 0.17759840100000002, 10811.165952330894, 0.01020408163265306, 0.018367346938775512, 0.01326530612244898],
[14, 0.19084530100000002, 10837.280929919687, 0.01020408163265306, 0.00816326530612245, 0.01020408163265306],
[15, 0.20431030000000003, 10808.405458986339, 0.01020408163265306, 0.012244897959183673, 0.014285714285714285],
[16, 0.21810840000000004, 10829.300304490824, 0.0, 0.014285714285714285, 0.01326530612244898],
[17, 0.23128420000000002, 10806.48710971644, 0.01020408163265306, 0.00816326530612245, 0.007142857142857143],
[18, 0.24525130000000003, 10823.392922248637, 0.01020408163265306, 0.014285714285714285, 0.012244897959183673],
[19, 0.25895910000000005, 10804.343866596171, 0.02040816326530612, 0.022448979591836737, 0.012244897959183673],
[20, 0.27270540100000007, 10818.225029026647, 0.01020408163265306, 0.006122448979591836, 0.012244897959183673],
[21, 0.28633570100000005, 10803.245042053128, 0.01020408163265306, 0.00816326530612245, 0.00816326530612245],
[22, 0.30039810100000003, 10814.372790866622, 0.02040816326530612, 0.006122448979591836, 0.01020408163265306],
[23, 0.314692701, 10801.841241920887, 0.0, 0.01020408163265306, 0.01020408163265306],
[24, 0.32868550100000005, 10810.843387807585, 0.02040816326530612, 0.006122448979591836, 0.006122448979591836],
[25, 0.34184280100000003, 10801.019032666547, 0.0, 0.00816326530612245, 0.006122448979591836],
[26, 0.3562196, 10808.415093813575, 0.01020408163265306, 0.00816326530612245, 0.01020408163265306],
[27, 0.3705314, 10800.044271346815, 0.02040816326530612, 0.014285714285714285, 0.01020408163265306],
[28, 0.38316870000000003, 10806.105196990044, 0.02040816326530612, 0.006122448979591836, 0.00816326530612245],
[29, 0.39630580000000004, 10799.55037359335, 0.0, 0.00816326530612245, 0.007142857142857143],
[30, 0.40990480000000007, 10804.46477273931, 0.02040816326530612, 0.018367346938775512, 0.012244897959183673],
[31, 0.42331770100000005, 10798.910468051532, 0.02040816326530612, 0.014285714285714285, 0.014285714285714285],
[32, 0.43736110000000006, 10802.934047446053, 0.0, 0.004081632653061225, 0.006122448979591836],
[33, 0.4516085000000001, 10798.586102949637, 0.0, 0.014285714285714285, 0.009183673469387756],
[34, 0.4656297000000001, 10801.859107657689, 0.0, 0.006122448979591836, 0.00816326530612245],
[35, 0.4790537000000001, 10798.170110401548, 0.0, 0.01020408163265306, 0.015306122448979591],
[36, 0.49267250000000007, 10800.85826867402, 0.02040816326530612, 0.014285714285714285, 0.011224489795918368],
[37, 0.5067889000000001, 10797.952638526625, 0.0, 0.012244897959183673, 0.011224489795918368],
[38, 0.5212166000000001, 10800.148397246385, 0.0, 0.014285714285714285, 0.012244897959183673],
[39, 0.5340649000000002, 10797.706332327873, 0.030612244897959183, 0.0163265306122449, 0.014285714285714285],
[40, 0.5478209010000001, 10799.474147395054, 0.02040816326530612, 0.00816326530612245, 0.01020408163265306],
[41, 0.5767303000000001, 10797.56487271151, 0.01020408163265306, 0.00816326530612245, 0.012244897959183673],
[42, 0.5895493000000002, 10799.000487601743, 0.02040816326530612, 0.012244897959183673, 0.00816326530612245],
[43, 0.6030685010000002, 10797.405184666955, 0.0, 0.004081632653061225, 0.01020408163265306],
[44, 0.6158486010000002, 10798.560866324182, 0.0, 0.004081632653061225, 0.01020408163265306],
[45, 0.6293880020000001, 10797.310307033913, 0.02040816326530612, 0.014285714285714285, 0.01020408163265306],
[46, 0.6429153030000001, 10798.250198293728, 0.01020408163265306, 0.004081632653061225, 0.01020408163265306],
[47, 0.6565201020000001, 10797.199042100383, 0.030612244897959183, 0.0163265306122449, 0.01020408163265306],
[48, 0.6698969020000001, 10797.969457641138, 0.0, 0.004081632653061225, 0.007142857142857143],
[49, 0.6817853020000001, 10797.14195851053, 0.030612244897959183, 0.014285714285714285, 0.015306122448979591],
[50, 0.6953641020000001, 10797.756863867984, 0.01020408163265306, 0.012244897959183673, 0.00816326530612245],
[51, 0.7090186020000001, 10797.073927707092, 0.02040816326530612, 0.014285714285714285, 0.01326530612244898],
[52, 0.7224768020000001, 10797.570122192814, 0.01020408163265306, 0.012244897959183673, 0.011224489795918368],
[53, 0.735776701, 10797.03258682287, 0.030612244897959183, 0.02040816326530612, 0.012244897959183673],
[54, 0.7498935010000001, 10797.435932040218, 0.0, 0.0, 0.00816326530612245],
[55, 0.763583301, 10796.9845151082, 0.02040816326530612, 0.012244897959183673, 0.007142857142857143],
[56, 0.776694501, 10797.315652749585, 0.01020408163265306, 0.006122448979591836, 0.009183673469387756],
[57, 0.790118801, 10796.9589885665, 0.0, 0.014285714285714285, 0.01326530612244898],
[58, 0.8016601019999999, 10797.225396651702, 0.02040816326530612, 0.01020408163265306, 0.012244897959183673],
[59, 0.815033202, 10796.929407403839, 0.0, 0.0163265306122449, 0.009183673469387756],
[60, 0.8283109019999999, 10797.144551367968, 0.01020408163265306, 0.00816326530612245, 0.00510204081632653],
[61, 0.8491866009999999, 10796.912457781096, 0.030612244897959183, 0.0163265306122449, 0.012244897959183673],
[62, 0.8625441009999999, 10797.086211739812, 0.030612244897959183, 0.0163265306122449, 0.012244897959183673],
[63, 0.8737966009999999, 10796.892451094724, 0.0, 0.00816326530612245, 0.012244897959183673],
[64, 0.8873777009999999, 10797.034049661497, 0.01020408163265306, 0.006122448979591836, 0.007142857142857143],
[65, 0.9001730009999999, 10796.88103309364, 0.01020408163265306, 0.012244897959183673, 0.00816326530612245],
[66, 0.9133748009999999, 10796.994983465669, 0.01020408163265306, 0.004081632653061225, 0.007142857142857143],
[67, 0.9273250009999999, 10796.868176726994, 0.01020408163265306, 0.0163265306122449, 0.01326530612244898],
[68, 0.9405855009999999, 10796.96122048816, 0.0, 0.004081632653061225, 0.007142857142857143],
[69, 0.9535603009999999, 10796.860365782239, 0.01020408163265306, 0.012244897959183673, 0.015306122448979591],
[70, 0.9663408999999998, 10796.93554252047, 0.01020408163265306, 0.018367346938775512, 0.011224489795918368],
[71, 0.9786572009999999, 10796.852582821779, 0.0, 0.006122448979591836, 0.01020408163265306],
[72, 0.9916789019999999, 10796.913200727844, 0.02040816326530612, 0.018367346938775512, 0.011224489795918368],
[73, 1.004965502, 10796.847350254251, 0.01020408163265306, 0.014285714285714285, 0.014285714285714285],
[74, 1.017669902, 10796.896308567682, 0.01020408163265306, 0.014285714285714285, 0.014285714285714285],
[75, 1.031832301, 10796.841550451378, 0.0, 0.00816326530612245, 0.01020408163265306],
[76, 1.045071001, 10796.881885946465, 0.0, 0.00816326530612245, 0.011224489795918368],
[77, 1.058669301, 10796.838415359489, 0.01020408163265306, 0.00816326530612245, 0.009183673469387756],
[78, 1.071644801, 10796.870918874993, 0.01020408163265306, 0.00816326530612245, 0.00816326530612245],
[79, 1.084924501, 10796.835118434985, 0.0, 0.014285714285714285, 0.014285714285714285],
[80, 1.099023001, 10796.86101204763, 0.01020408163265306, 0.00816326530612245, 0.006122448979591836],
[81, 1.112090601, 10796.832823674644, 0.02040816326530612, 0.01020408163265306, 0.01326530612244898],
[82, 1.262712502, 10796.853845279655, 0.01020408163265306, 0.01020408163265306, 0.00816326530612245],
[83, 1.2760292020000001, 10796.83033827242, 0.030612244897959183, 0.018367346938775512, 0.015306122448979591],
[84, 1.289220502, 10796.847759515545, 0.01020408163265306, 0.00816326530612245, 0.00510204081632653],
[85, 1.302729601, 10796.828918441119, 0.0, 0.01020408163265306, 0.011224489795918368],
[86, 1.315711302, 10796.842936737821, 0.0, 0.0020408163265306124, 0.007142857142857143],
[87, 1.329491902, 10796.827574809284, 0.02040816326530612, 0.018367346938775512, 0.019387755102040816],
[88, 1.342093702, 10796.838677526952, 0.02040816326530612, 0.012244897959183673, 0.015306122448979591],
[89, 1.3561003010000001, 10796.826551785804, 0.02040816326530612, 0.014285714285714285, 0.01326530612244898],
[90, 1.3691404010000001, 10796.83561712249, 0.0, 0.012244897959183673, 0.01326530612244898],
[91, 1.382092802, 10796.825466786093, 0.01020408163265306, 0.012244897959183673, 0.014285714285714285],
[92, 1.3941477020000002, 10796.833004743792, 0.0, 0.00816326530612245, 0.01020408163265306],
[93, 1.407583403, 10796.82491218132, 0.02040816326530612, 0.018367346938775512, 0.012244897959183673],
[94, 1.421293504, 10796.830881249429, 0.01020408163265306, 0.0163265306122449, 0.01326530612244898],
[95, 1.432567704, 10796.824282058324, 0.0, 0.018367346938775512, 0.015306122448979591],
[96, 1.445776403, 10796.829091897664, 0.01020408163265306, 0.004081632653061225, 0.00510204081632653],
[97, 1.459461804, 10796.823847762702, 0.01020408163265306, 0.00816326530612245, 0.014285714285714285],
[98, 1.472658504, 10796.82777506309, 0.01020408163265306, 0.006122448979591836, 0.007142857142857143],
[99, 1.486270503, 10796.823403795808, 0.01020408163265306, 0.01020408163265306, 0.009183673469387756],
[100, 1.500221403, 10796.826616346223, 0.0, 0.014285714285714285, 0.01020408163265306],
[101, 1.514005003, 10796.823153254067, 0.0, 0.01020408163265306, 0.00816326530612245],
[102, 1.526442903, 10796.825731354993, 0.0, 0.018367346938775512, 0.0163265306122449],
[103, 1.539238604, 10796.822877987512, 0.01020408163265306, 0.014285714285714285, 0.012244897959183673],
[104, 1.5529840039999998, 10796.824948828506, 0.01020408163265306, 0.004081632653061225, 0.00816326530612245],
[105, 1.5667854039999998, 10796.822691546842, 0.0, 0.00816326530612245, 0.011224489795918368],
[106, 1.5795751039999997, 10796.824387318007, 0.0, 0.00816326530612245, 0.011224489795918368],
[107, 1.5932121039999996, 10796.822506032631, 0.01020408163265306, 0.00816326530612245, 0.00816326530612245],
[108, 1.6061156039999995, 10796.823887093851, 0.01020408163265306, 0.014285714285714285, 0.012244897959183673],
[109, 1.6193860039999994, 10796.822397176338, 0.0, 0.012244897959183673, 0.011224489795918368],
[110, 1.6320338039999995, 10796.823502334857, 0.01020408163265306, 0.01020408163265306, 0.01020408163265306],
[111, 1.6450256039999995, 10796.822275591167, 0.030612244897959183, 0.018367346938775512, 0.0163265306122449],
[112, 1.6578885039999995, 10796.823169973077, 0.01020408163265306, 0.01020408163265306, 0.012244897959183673],
[113, 1.6721061039999996, 10796.82219588191, 0.01020408163265306, 0.01020408163265306, 0.012244897959183673],
[114, 1.6856551029999995, 10796.822926789837, 0.0, 0.006122448979591836, 0.009183673469387756],
[115, 1.6994093029999995, 10796.822118193024, 0.0, 0.01020408163265306, 0.01020408163265306],
[116, 1.7124197029999995, 10796.822711628216, 0.01020408163265306, 0.0163265306122449, 0.019387755102040816],
[117, 1.7262163029999995, 10796.822069996848, 0.0, 0.014285714285714285, 0.017346938775510204],
[118, 1.7393096019999994, 10796.822544065188, 0.0, 0.006122448979591836, 0.00816326530612245],
[119, 1.7515407019999993, 10796.822016288641, 0.0, 0.01020408163265306, 0.019387755102040816],
[120, 1.7646134019999993, 10796.82240418877, 0.02040816326530612, 0.012244897959183673, 0.01020408163265306],
[121, 1.7783544019999993, 10796.821984568016, 0.01020408163265306, 0.00816326530612245, 0.015306122448979591],
