rank: 30, ratio of 0 vs 1: 3, lambda:12, learning_rate: 0.25
iter time objective_function precision@K = 1, 5, 10
[0,11827.134139579588, 0.0 0.01020408163265306 0.009183673469387756],
[1, 0.0141003, 11378.233508046053, 0.0, 0.01020408163265306, 0.00816326530612245],
[2, 0.0271498, 10949.603738165515, 0.01020408163265306, 0.012244897959183673, 0.011224489795918368],
[3, 0.041375300000000004, 11067.858200878092, 0.0, 0.018367346938775512, 0.015306122448979591],
[4, 0.055336199, 10834.98891027403, 0.01020408163265306, 0.00816326530612245, 0.01020408163265306],
[5, 0.068816898, 11009.919016395675, 0.02040816326530612, 0.004081632653061225, 0.011224489795918368],
[6, 0.082161597, 10826.34210652047, 0.0, 0.012244897959183673, 0.009183673469387756],
[7, 0.094695997, 10948.574504438875, 0.030612244897959183, 0.0163265306122449, 0.011224489795918368],
[8, 0.108619098, 10810.019663894229, 0.030612244897959183, 0.01020408163265306, 0.01020408163265306],
[9, 0.121001597, 10914.481995523734, 0.01020408163265306, 0.012244897959183673, 0.012244897959183673],
[10, 0.134805297, 10809.371797242686, 0.01020408163265306, 0.006122448979591836, 0.011224489795918368],
[11, 0.146236898, 10878.79467886728, 0.01020408163265306, 0.00816326530612245, 0.009183673469387756],
[12, 0.159524197, 10802.419356075703, 0.01020408163265306, 0.01020408163265306, 0.006122448979591836],
[13, 0.17279629700000002, 10859.507292627042, 0.01020408163265306, 0.01020408163265306, 0.009183673469387756],
[14, 0.18755079700000002, 10802.948337722186, 0.01020408163265306, 0.00816326530612245, 0.012244897959183673],
[15, 0.20052649600000003, 10840.028243346866, 0.01020408163265306, 0.006122448979591836, 0.012244897959183673],
[16, 0.21306819600000002, 10799.872434431276, 0.01020408163265306, 0.0163265306122449, 0.01326530612244898],
[17, 0.22657689500000003, 10829.413962697687, 0.0, 0.006122448979591836, 0.009183673469387756],
[18, 0.24068779500000004, 10799.703183863225, 0.0, 0.01020408163265306, 0.00816326530612245],
[19, 0.25579019500000005, 10819.691968017376, 0.0, 0.006122448979591836, 0.006122448979591836],
[20, 0.26840969500000006, 10798.221377589229, 0.01020408163265306, 0.014285714285714285, 0.011224489795918368],
[21, 0.28118089500000004, 10814.027722762554, 0.01020408163265306, 0.014285714285714285, 0.01020408163265306],
[22, 0.29446209500000003, 10798.385877627743, 0.01020408163265306, 0.006122448979591836, 0.006122448979591836],
[23, 0.30712169500000003, 10808.700208384438, 0.01020408163265306, 0.018367346938775512, 0.02040816326530612],
[24, 0.320588295, 10797.62649966369, 0.02040816326530612, 0.012244897959183673, 0.011224489795918368],
[25, 0.33562089500000003, 10805.729378877693, 0.0, 0.00816326530612245, 0.009183673469387756],
[26, 0.34912579600000004, 10797.622797499944, 0.01020408163265306, 0.012244897959183673, 0.012244897959183673],
[27, 0.361459597, 10803.037967226994, 0.02040816326530612, 0.018367346938775512, 0.011224489795918368],
[28, 0.37463509700000003, 10797.21092168881, 0.0, 0.012244897959183673, 0.01020408163265306],
[29, 0.38798639700000004, 10801.502664781947, 0.030612244897959183, 0.012244897959183673, 0.01020408163265306],
[30, 0.400213397, 10797.242214035568, 0.02040816326530612, 0.0163265306122449, 0.01020408163265306],
[31, 0.41302589700000003, 10800.064532085333, 0.01020408163265306, 0.01020408163265306, 0.011224489795918368],
[32, 0.439448897, 10797.013046694676, 0.02040816326530612, 0.00816326530612245, 0.01326530612244898],
[33, 0.452444397, 10799.27725160837, 0.01020408163265306, 0.006122448979591836, 0.012244897959183673],
[34, 0.465570397, 10797.048003067557, 0.0, 0.01020408163265306, 0.009183673469387756],
[35, 0.478598197, 10798.507919681462, 0.0, 0.00816326530612245, 0.00816326530612245],
[36, 0.492073697, 10796.919861947006, 0.0, 0.006122448979591836, 0.009183673469387756],
[37, 0.504718597, 10798.105472097322, 0.01020408163265306, 0.014285714285714285, 0.01020408163265306],
[38, 0.518046596, 10796.93874035358, 0.01020408163265306, 0.012244897959183673, 0.011224489795918368],
[39, 0.531115395, 10797.70324859331, 0.0, 0.004081632653061225, 0.006122448979591836],
[40, 0.543811194, 10796.883742924707, 0.0, 0.01020408163265306, 0.01020408163265306],
[41, 0.556063895, 10797.48127043185, 0.01020408163265306, 0.01020408163265306, 0.01020408163265306],
[42, 0.569737795, 10796.883062681785, 0.01020408163265306, 0.012244897959183673, 0.00816326530612245],
[43, 0.583539095, 10797.281842648283, 0.0, 0.00816326530612245, 0.012244897959183673],
[44, 0.597364895, 10796.850279251288, 0.01020408163265306, 0.012244897959183673, 0.01020408163265306],
[45, 0.609888795, 10797.170045044779, 0.0, 0.004081632653061225, 0.007142857142857143],
[46, 0.6227773950000001, 10796.853712041708, 0.0, 0.00816326530612245, 0.01020408163265306],
[47, 0.6354401940000001, 10797.062154475254, 0.01020408163265306, 0.01020408163265306, 0.01326530612244898],
[48, 0.648730094, 10796.837335395292, 0.0, 0.012244897959183673, 0.009183673469387756],
[49, 0.661886694, 10797.003060161293, 0.01020408163265306, 0.00816326530612245, 0.009183673469387756],
[50, 0.674837094, 10796.837800506304, 0.01020408163265306, 0.012244897959183673, 0.012244897959183673],
[51, 0.688773094, 10796.94806539815, 0.01020408163265306, 0.01020408163265306, 0.009183673469387756],
[52, 0.703127494, 10796.828824887141, 0.0, 0.004081632653061225, 0.00816326530612245],
[53, 0.716655694, 10796.917644650108, 0.01020408163265306, 0.014285714285714285, 0.01020408163265306],
[54, 0.729851194, 10796.831016493117, 0.02040816326530612, 0.012244897959183673, 0.014285714285714285],
[55, 0.7423753949999999, 10796.886989196551, 0.01020408163265306, 0.012244897959183673, 0.01020408163265306],
[56, 0.7552467949999999, 10796.82656078449, 0.0, 0.006122448979591836, 0.004081632653061225],
[57, 0.7679498949999999, 10796.87087950355, 0.0, 0.004081632653061225, 0.007142857142857143],
[58, 0.7819952959999998, 10796.826392344183, 0.01020408163265306, 0.012244897959183673, 0.006122448979591836],
[59, 0.7954807949999998, 10796.856189505035, 0.02040816326530612, 0.0163265306122449, 0.017346938775510204],
[60, 0.8085210949999998, 10796.823843104637, 0.0, 0.012244897959183673, 0.011224489795918368],
[61, 0.8216754949999998, 10796.848003440611, 0.01020408163265306, 0.00816326530612245, 0.007142857142857143],
[62, 0.8344249949999998, 10796.824465209093, 0.01020408163265306, 0.01020408163265306, 0.009183673469387756],
[63, 0.8483361949999998, 10796.839625216973, 0.01020408163265306, 0.012244897959183673, 0.014285714285714285],
[64, 0.8602222949999998, 10796.82302069955, 0.0, 0.0, 0.004081632653061225],
[65, 0.8730552949999998, 10796.83546583586, 0.01020408163265306, 0.022448979591836737, 0.015306122448979591],
[66, 0.8856960949999998, 10796.823186474912, 0.02040816326530612, 0.018367346938775512, 0.017346938775510204],
[67, 0.8987325939999998, 10796.831251285432, 0.0, 0.006122448979591836, 0.01020408163265306],
[68, 0.9114162929999998, 10796.822527104781, 0.0, 0.00816326530612245, 0.01020408163265306],
[69, 0.9239787929999999, 10796.828985402446, 0.04081632653061224, 0.014285714285714285, 0.011224489795918368],
[70, 0.9369635939999998, 10796.82261117614, 0.02040816326530612, 0.0163265306122449, 0.01020408163265306],
[71, 0.9497446939999998, 10796.826787841606, 0.01020408163265306, 0.01020408163265306, 0.007142857142857143],
[72, 0.9633322949999998, 10796.822231324371, 0.01020408163265306, 0.00816326530612245, 0.006122448979591836],
[73, 0.9827315949999998, 10796.825640702851, 0.0, 0.006122448979591836, 0.009183673469387756],
[74, 0.9953534939999998, 10796.8222968064, 0.01020408163265306, 0.004081632653061225, 0.01020408163265306],
[75, 1.0085437929999999, 10796.824471971571, 0.0, 0.004081632653061225, 0.006122448979591836],
[76, 1.021225793, 10796.82210385344, 0.02040816326530612, 0.00816326530612245, 0.012244897959183673],
[77, 1.034097393, 10796.823867818874, 0.0, 0.006122448979591836, 0.009183673469387756],
[78, 1.045872193, 10796.822126197814, 0.0, 0.006122448979591836, 0.009183673469387756],
[79, 1.058621893, 10796.823269568258, 0.0, 0.006122448979591836, 0.009183673469387756],
[80, 1.070939693, 10796.822035445002, 0.02040816326530612, 0.00816326530612245, 0.006122448979591836],
[81, 1.084031593, 10796.822944228023, 0.0, 0.0020408163265306124, 0.007142857142857143],
[82, 1.098001993, 10796.822038705026, 0.0, 0.004081632653061225, 0.007142857142857143],
[83, 1.111511893, 10796.82264034084, 0.0, 0.00816326530612245, 0.011224489795918368],
[84, 1.124361093, 10796.82199078346, 0.0, 0.01020408163265306, 0.014285714285714285],
[85, 1.1366962930000002, 10796.822471058802, 0.02040816326530612, 0.02040816326530612, 0.02142857142857143],
[86, 1.1494283930000002, 10796.821996915434, 0.04081632653061224, 0.02040816326530612, 0.019387755102040816],
[87, 1.1622508920000003, 10796.822307999226, 0.01020408163265306, 0.0163265306122449, 0.01020408163265306],
[88, 1.1758114910000004, 10796.821970307215, 0.0, 0.0163265306122449, 0.017346938775510204],
[89, 1.1884612920000004, 10796.822221226892, 0.02040816326530612, 0.01020408163265306, 0.00816326530612245],
[90, 1.2012122920000003, 10796.821973573673, 0.01020408163265306, 0.01020408163265306, 0.009183673469387756],
[91, 1.2146101920000003, 10796.822136042105, 0.01020408163265306, 0.012244897959183673, 0.019387755102040816],
[92, 1.2276713920000004, 10796.82195858141, 0.01020408163265306, 0.006122448979591836, 0.012244897959183673],
[93, 1.2427031930000003, 10796.82209184899, 0.01020408163265306, 0.01020408163265306, 0.011224489795918368],
[94, 1.2563101930000002, 10796.821961412976, 0.0, 0.0163265306122449, 0.011224489795918368],
[95, 1.2701086930000003, 10796.822046255471, 0.02040816326530612, 0.014285714285714285, 0.009183673469387756],
[96, 1.2827550930000002, 10796.821954671392, 0.0, 0.006122448979591836, 0.012244897959183673],
[97, 1.2961488930000002, 10796.82202210154, 0.01020408163265306, 0.01020408163265306, 0.006122448979591836],
[98, 1.3090424920000003, 10796.821954984503, 0.01020408163265306, 0.00816326530612245, 0.007142857142857143],
[99, 1.3219184930000003, 10796.821999466612, 0.01020408163265306, 0.0163265306122449, 0.01326530612244898],
[100, 1.3358236930000003, 10796.821951257793, 0.0, 0.012244897959183673, 0.012244897959183673],
[101, 1.3482198940000003, 10796.821987065878, 0.01020408163265306, 0.014285714285714285, 0.017346938775510204],
[102, 1.3608350940000002, 10796.821951850907, 0.030612244897959183, 0.0163265306122449, 0.012244897959183673],
[103, 1.3734969940000001, 10796.821974820625, 0.01020408163265306, 0.02040816326530612, 0.0163265306122449],
[104, 1.386367794, 10796.821949891872, 0.02040816326530612, 0.012244897959183673, 0.00816326530612245],
[105, 1.399467193, 10796.821968360906, 0.030612244897959183, 0.014285714285714285, 0.01020408163265306],
[106, 1.412191893, 10796.821949929374, 0.01020408163265306, 0.014285714285714285, 0.012244897959183673],
[107, 1.4241916929999998, 10796.821962240949, 0.02040816326530612, 0.004081632653061225, 0.015306122448979591],
[108, 1.4371261929999999, 10796.8219489935, 0.0, 0.004081632653061225, 0.01020408163265306],
[109, 1.4504889929999998, 10796.821958782233, 0.01020408163265306, 0.014285714285714285, 0.01326530612244898],
[110, 1.4646487919999998, 10796.821949142839, 0.0, 0.004081632653061225, 0.01020408163265306],
[111, 1.4782371919999997, 10796.821955457777, 0.0, 0.018367346938775512, 0.0163265306122449],
[112, 1.4915530919999997, 10796.821948660645, 0.01020408163265306, 0.014285714285714285, 0.015306122448979591],
[113, 1.5048316919999998, 10796.821953645958, 0.02040816326530612, 0.0163265306122449, 0.011224489795918368],
[114, 1.5324638919999998, 10796.8219486416, 0.01020408163265306, 0.01020408163265306, 0.012244897959183673],
[115, 1.5453761919999998, 10796.821952007547, 0.01020408163265306, 0.004081632653061225, 0.007142857142857143],
[116, 1.5580778919999998, 10796.821948422734, 0.01020408163265306, 0.0020408163265306124, 0.00816326530612245],
[117, 1.5713192919999999, 10796.821951028933, 0.01020408163265306, 0.0163265306122449, 0.011224489795918368],
[118, 1.5848421919999998, 10796.82194842666, 0.01020408163265306, 0.01020408163265306, 0.011224489795918368],
[119, 1.5978583919999998, 10796.821950159847, 0.0, 0.01020408163265306, 0.012244897959183673],
[120, 1.6106658919999999, 10796.821948281296, 0.0, 0.00816326530612245, 0.011224489795918368],
[121, 1.6240763909999998, 10796.821949680112, 0.0, 0.0163265306122449, 0.011224489795918368],
