rank: 30, ratio of 0 vs 1: 3, lambda:5, learning_rate: 0.25
iter time objective_function precision@K = 1, 5, 10
[0,11226.96609368124, 0.0 0.01020408163265306 0.009183673469387756],
[1, 0.0134647, 11100.397140268786, 0.01020408163265306, 0.01020408163265306, 0.01020408163265306],
[2, 0.0266934, 11018.190733216014, 0.02040816326530612, 0.0163265306122449, 0.0163265306122449],
[3, 0.040096901, 10936.244997240874, 0.02040816326530612, 0.01020408163265306, 0.011224489795918368],
[4, 0.0529066, 10854.014940536345, 0.0, 0.00816326530612245, 0.00816326530612245],
[5, 0.0670423, 10830.01663006609, 0.0, 0.006122448979591836, 0.01326530612244898],
[6, 0.0800555, 10847.201032248673, 0.030612244897959183, 0.014285714285714285, 0.01020408163265306],
[7, 0.0930308, 10829.801895988265, 0.030612244897959183, 0.02040816326530612, 0.015306122448979591],
[8, 0.10821449999999999, 10847.224926515237, 0.0, 0.00816326530612245, 0.00816326530612245],
[9, 0.1217552, 10829.71397141823, 0.0, 0.012244897959183673, 0.01020408163265306],
[10, 0.13420569899999998, 10847.307182803615, 0.0, 0.004081632653061225, 0.01020408163265306],
[11, 0.14716249799999997, 10829.644845594254, 0.030612244897959183, 0.014285714285714285, 0.015306122448979591],
[12, 0.16021969699999997, 10847.365425259835, 0.01020408163265306, 0.00816326530612245, 0.00816326530612245],
[13, 0.17385019699999996, 10829.576284218761, 0.0, 0.006122448979591836, 0.01326530612244898],
[14, 0.18697279799999997, 10847.434818336129, 0.01020408163265306, 0.02040816326530612, 0.0163265306122449],
[15, 0.20086669799999995, 10829.50779782911, 0.02040816326530612, 0.018367346938775512, 0.019387755102040816],
[16, 0.21426569699999995, 10847.489903055794, 0.030612244897959183, 0.014285714285714285, 0.012244897959183673],
[17, 0.22813429699999996, 10829.439689291932, 0.02040816326530612, 0.012244897959183673, 0.011224489795918368],
[18, 0.24244479699999996, 10847.555342405098, 0.01020408163265306, 0.00816326530612245, 0.01326530612244898],
[19, 0.25593729699999995, 10829.39069600874, 0.01020408163265306, 0.014285714285714285, 0.015306122448979591],
[20, 0.268930097, 10847.592747841303, 0.0, 0.00816326530612245, 0.009183673469387756],
[21, 0.282401998, 10829.339060757884, 0.0, 0.006122448979591836, 0.01326530612244898],
[22, 0.295747798, 10847.643888874103, 0.01020408163265306, 0.00816326530612245, 0.00816326530612245],
[23, 0.309901899, 10829.295807916362, 0.01020408163265306, 0.012244897959183673, 0.01020408163265306],
[24, 0.324365499, 10847.687604329458, 0.01020408163265306, 0.01020408163265306, 0.00816326530612245],
[25, 0.337038899, 10829.260178351904, 0.0, 0.006122448979591836, 0.006122448979591836],
[26, 0.349527898, 10847.726161238274, 0.0, 0.01020408163265306, 0.01326530612244898],
[27, 0.364328998, 10829.209886311923, 0.02040816326530612, 0.01020408163265306, 0.007142857142857143],
[28, 0.393988198, 10847.788635505016, 0.0, 0.02040816326530612, 0.019387755102040816],
[29, 0.409078898, 10829.152712419676, 0.030612244897959183, 0.022448979591836737, 0.02040816326530612],
[30, 0.42384089700000005, 10847.832846519263, 0.01020408163265306, 0.01020408163265306, 0.01020408163265306],
[31, 0.43832259700000004, 10829.122114785916, 0.0, 0.012244897959183673, 0.009183673469387756],
[32, 0.45182619700000004, 10847.871738882866, 0.0, 0.0163265306122449, 0.011224489795918368],
[33, 0.46600379700000005, 10829.070039776185, 0.01020408163265306, 0.00816326530612245, 0.00816326530612245],
[34, 0.47882109600000006, 10847.929386575952, 0.02040816326530612, 0.01020408163265306, 0.011224489795918368],
[35, 0.49245269500000005, 10829.015192719666, 0.0, 0.01020408163265306, 0.00816326530612245],
[36, 0.5064575950000001, 10847.990620155513, 0.01020408163265306, 0.018367346938775512, 0.01326530612244898],
[37, 0.5201308950000001, 10828.960228403399, 0.01020408163265306, 0.014285714285714285, 0.01020408163265306],
[38, 0.5333547960000001, 10848.046840516297, 0.02040816326530612, 0.01020408163265306, 0.009183673469387756],
[39, 0.5469717970000001, 10828.897790699177, 0.0, 0.006122448979591836, 0.01326530612244898],
[40, 0.5602860970000001, 10848.115707734587, 0.02040816326530612, 0.006122448979591836, 0.009183673469387756],
[41, 0.5739093970000001, 10828.827055878624, 0.04081632653061224, 0.01020408163265306, 0.01020408163265306],
[42, 0.5884384970000001, 10848.188977150523, 0.0, 0.014285714285714285, 0.009183673469387756],
[43, 0.602928097, 10828.756821395373, 0.01020408163265306, 0.018367346938775512, 0.018367346938775512],
[44, 0.6168159980000001, 10848.242752852808, 0.0, 0.0020408163265306124, 0.006122448979591836],
[45, 0.6305494990000001, 10828.716248117245, 0.01020408163265306, 0.01020408163265306, 0.01020408163265306],
[46, 0.6442935990000002, 10848.290868655171, 0.0, 0.006122448979591836, 0.00816326530612245],
[47, 0.6585104990000001, 10828.661949715424, 0.0, 0.012244897959183673, 0.01020408163265306],
[48, 0.6722124990000001, 10848.332460497548, 0.030612244897959183, 0.01020408163265306, 0.01326530612244898],
[49, 0.6860335990000002, 10828.619522759564, 0.030612244897959183, 0.0163265306122449, 0.014285714285714285],
[50, 0.7003520990000002, 10848.403272551604, 0.0, 0.01020408163265306, 0.012244897959183673],
[51, 0.7142343990000002, 10828.56530797275, 0.0, 0.012244897959183673, 0.009183673469387756],
[52, 0.7276004990000002, 10848.459686184324, 0.02040816326530612, 0.0163265306122449, 0.012244897959183673],
[53, 0.7413770980000003, 10828.502478995275, 0.0, 0.00816326530612245, 0.011224489795918368],
[54, 0.7545601990000003, 10848.501904230534, 0.01020408163265306, 0.01020408163265306, 0.00816326530612245],
[55, 0.7690531990000002, 10828.470444314837, 0.0, 0.01020408163265306, 0.012244897959183673],
[56, 0.7828730990000002, 10848.545987116686, 0.04081632653061224, 0.00816326530612245, 0.007142857142857143],
[57, 0.7968286990000002, 10828.425162339825, 0.0, 0.006122448979591836, 0.007142857142857143],
[58, 0.8111371990000001, 10848.588713686062, 0.02040816326530612, 0.00816326530612245, 0.00816326530612245],
[59, 0.8254478990000002, 10828.372648592975, 0.0, 0.014285714285714285, 0.011224489795918368],
[60, 0.8394360990000002, 10848.646940140296, 0.0, 0.01020408163265306, 0.01020408163265306],
[61, 0.8532978980000001, 10828.339025508436, 0.02040816326530612, 0.006122448979591836, 0.009183673469387756],
[62, 0.8670915980000001, 10848.669188035572, 0.01020408163265306, 0.006122448979591836, 0.01020408163265306],
[63, 0.8816884980000002, 10828.294882846647, 0.0, 0.012244897959183673, 0.014285714285714285],
[64, 0.8956596980000001, 10848.719333654864, 0.0, 0.0163265306122449, 0.01020408163265306],
[65, 0.9093096970000001, 10828.254718691122, 0.01020408163265306, 0.01020408163265306, 0.007142857142857143],
[66, 0.9225652970000001, 10848.761707419726, 0.01020408163265306, 0.004081632653061225, 0.00510204081632653],
[67, 0.9360345970000001, 10828.223416351693, 0.01020408163265306, 0.006122448979591836, 0.006122448979591836],
[68, 0.9491868980000001, 10848.803651975655, 0.01020408163265306, 0.012244897959183673, 0.014285714285714285],
[69, 0.9760648980000001, 10828.18615914295, 0.0, 0.004081632653061225, 0.007142857142857143],
[70, 0.9898292970000001, 10848.846462815234, 0.030612244897959183, 0.0163265306122449, 0.015306122448979591],
[71, 1.002591797, 10828.147036857494, 0.0, 0.0163265306122449, 0.011224489795918368],
[72, 1.015972697, 10848.88021079214, 0.01020408163265306, 0.0163265306122449, 0.012244897959183673],
[73, 1.029251297, 10828.114168422313, 0.0, 0.00816326530612245, 0.007142857142857143],
[74, 1.041576097, 10848.915500297899, 0.0, 0.018367346938775512, 0.017346938775510204],
[75, 1.0551037970000001, 10828.076075024484, 0.01020408163265306, 0.00816326530612245, 0.009183673469387756],
[76, 1.068621097, 10848.960088923483, 0.01020408163265306, 0.014285714285714285, 0.015306122448979591],
[77, 1.081904197, 10828.03439930695, 0.01020408163265306, 0.014285714285714285, 0.0163265306122449],
[78, 1.095428397, 10849.002510683064, 0.030612244897959183, 0.022448979591836737, 0.0163265306122449],
[79, 1.109099997, 10827.996952822228, 0.01020408163265306, 0.0163265306122449, 0.017346938775510204],
[80, 1.122014297, 10849.041673432486, 0.04081632653061224, 0.012244897959183673, 0.012244897959183673],
[81, 1.135815396, 10827.9720964177, 0.0, 0.00816326530612245, 0.007142857142857143],
[82, 1.149715297, 10849.062871583401, 0.02040816326530612, 0.014285714285714285, 0.01020408163265306],
[83, 1.162138997, 10827.943142770351, 0.01020408163265306, 0.00816326530612245, 0.009183673469387756],
[84, 1.176006197, 10849.09824271618, 0.02040816326530612, 0.006122448979591836, 0.00510204081632653],
[85, 1.189225897, 10827.908205372125, 0.02040816326530612, 0.01020408163265306, 0.0163265306122449],
[86, 1.2019069980000001, 10849.136126537995, 0.02040816326530612, 0.01020408163265306, 0.01326530612244898],
[87, 1.2158226980000002, 10827.874071530196, 0.01020408163265306, 0.01020408163265306, 0.01020408163265306],
[88, 1.2301779990000001, 10849.1689587237, 0.0, 0.0020408163265306124, 0.004081632653061225],
[89, 1.2433809990000002, 10827.842212339925, 0.0, 0.012244897959183673, 0.009183673469387756],
[90, 1.2564192000000003, 10849.206944927802, 0.0, 0.006122448979591836, 0.011224489795918368],
[91, 1.2701300000000002, 10827.800942622733, 0.01020408163265306, 0.00816326530612245, 0.007142857142857143],
[92, 1.2830350990000001, 10849.240876037084, 0.0, 0.0020408163265306124, 0.00510204081632653],
[93, 1.2964022000000002, 10827.771143642136, 0.01020408163265306, 0.022448979591836737, 0.014285714285714285],
[94, 1.3103255010000001, 10849.27373986541, 0.01020408163265306, 0.0163265306122449, 0.014285714285714285],
[95, 1.3236020000000002, 10827.72857192049, 0.01020408163265306, 0.01020408163265306, 0.006122448979591836],
[96, 1.337046699, 10849.306029399933, 0.02040816326530612, 0.02040816326530612, 0.017346938775510204],
[97, 1.350845099, 10827.697784487284, 0.01020408163265306, 0.00816326530612245, 0.009183673469387756],
[98, 1.3661238, 10849.333680518514, 0.01020408163265306, 0.012244897959183673, 0.014285714285714285],
[99, 1.3790108, 10827.686138494255, 0.01020408163265306, 0.012244897959183673, 0.01020408163265306],
[100, 1.3925582, 10849.36516265458, 0.02040816326530612, 0.00816326530612245, 0.012244897959183673],
[101, 1.405795901, 10827.644460648942, 0.01020408163265306, 0.01020408163265306, 0.01020408163265306],
[102, 1.4200054, 10849.399347529119, 0.0, 0.01020408163265306, 0.009183673469387756],
[103, 1.4340133, 10827.617804780948, 0.01020408163265306, 0.012244897959183673, 0.01326530612244898],
[104, 1.4475137, 10849.426512367703, 0.02040816326530612, 0.018367346938775512, 0.01326530612244898],
[105, 1.4611583, 10827.584173992956, 0.0, 0.00816326530612245, 0.009183673469387756],
[106, 1.475364001, 10849.462594257597, 0.0, 0.004081632653061225, 0.01020408163265306],
[107, 1.487787201, 10827.571400970104, 0.01020408163265306, 0.0163265306122449, 0.0163265306122449],
[108, 1.501508701, 10849.480698619227, 0.01020408163265306, 0.014285714285714285, 0.009183673469387756],
[109, 1.5152177, 10827.553444278772, 0.02040816326530612, 0.01020408163265306, 0.00816326530612245],
[110, 1.6224076, 10849.505638601653, 0.02040816326530612, 0.022448979591836737, 0.015306122448979591],
[111, 1.6357543, 10827.51685410696, 0.01020408163265306, 0.006122448979591836, 0.007142857142857143],
[112, 1.6488476, 10849.539300908938, 0.0, 0.0020408163265306124, 0.00510204081632653],
[113, 1.6614422990000002, 10827.486172375224, 0.01020408163265306, 0.01020408163265306, 0.012244897959183673],
[114, 1.6752052990000001, 10849.563301110475, 0.0, 0.012244897959183673, 0.007142857142857143],
[115, 1.6888262, 10827.467617145163, 0.0, 0.004081632653061225, 0.00510204081632653],
[116, 1.7027942, 10849.596438936944, 0.0, 0.01020408163265306, 0.006122448979591836],
[117, 1.715936901, 10827.444519619696, 0.0, 0.014285714285714285, 0.012244897959183673],
[118, 1.7298308020000002, 10849.638013661002, 0.04081632653061224, 0.014285714285714285, 0.014285714285714285],
[119, 1.7435826020000003, 10827.407442533015, 0.0, 0.00816326530612245, 0.014285714285714285],
[120, 1.7573347020000003, 10849.656799633174, 0.0, 0.006122448979591836, 0.011224489795918368],
[121, 1.7713449020000003, 10827.390903347085, 0.01020408163265306, 0.012244897959183673, 0.014285714285714285],
