rank: 30, ratio of 0 vs 1: 3, lambda:12, learning_rate: 0.25
iter time objective_function precision@K = 1, 5, 10
[0,11827.134139579588, 0.0 0.01020408163265306 0.009183673469387756],
[1, 0.0129655, 11378.233508046053, 0.0, 0.01020408163265306, 0.00816326530612245],
[2, 0.027198101, 10972.584112701155, 0.01020408163265306, 0.014285714285714285, 0.014285714285714285],
[3, 0.039540701, 11126.467338266206, 0.01020408163265306, 0.018367346938775512, 0.01326530612244898],
[4, 0.053536201, 10850.788142080019, 0.01020408163265306, 0.00816326530612245, 0.011224489795918368],
[5, 0.066495101, 11062.725535693617, 0.0, 0.00816326530612245, 0.012244897959183673],
[6, 0.079326601, 10824.882486481163, 0.01020408163265306, 0.012244897959183673, 0.01020408163265306],
[7, 0.09174449999999999, 11024.583042969729, 0.0, 0.006122448979591836, 0.007142857142857143],
[8, 0.10475589999999999, 10814.537847966641, 0.030612244897959183, 0.014285714285714285, 0.012244897959183673],
[9, 0.11833440099999998, 10986.075037998693, 0.01020408163265306, 0.004081632653061225, 0.011224489795918368],
[10, 0.13122570099999997, 10807.767283173276, 0.01020408163265306, 0.012244897959183673, 0.011224489795918368],
[11, 0.14400380199999996, 10953.408066141033, 0.02040816326530612, 0.012244897959183673, 0.011224489795918368],
[12, 0.15692350199999996, 10805.814385344067, 0.030612244897959183, 0.01020408163265306, 0.007142857142857143],
[13, 0.16921140099999996, 10923.461454562203, 0.01020408163265306, 0.01020408163265306, 0.011224489795918368],
[14, 0.18180299999999996, 10803.018941710061, 0.02040816326530612, 0.01020408163265306, 0.01020408163265306],
[15, 0.19905599899999996, 10900.463212227085, 0.01020408163265306, 0.012244897959183673, 0.01020408163265306],
[16, 0.21375849899999996, 10802.225800169275, 0.01020408163265306, 0.01020408163265306, 0.018367346938775512],
[17, 0.22658179999999997, 10880.3785533571, 0.02040816326530612, 0.018367346938775512, 0.015306122448979591],
[18, 0.23946929999999997, 10800.909178863834, 0.01020408163265306, 0.018367346938775512, 0.019387755102040816],
[19, 0.25337209899999996, 10864.787840262572, 0.02040816326530612, 0.012244897959183673, 0.011224489795918368],
[20, 0.26673509999999995, 10800.37598833438, 0.01020408163265306, 0.01020408163265306, 0.011224489795918368],
[21, 0.27974709999999997, 10851.628089458856, 0.01020408163265306, 0.012244897959183673, 0.015306122448979591],
[22, 0.2936815, 10799.565598571831, 0.0, 0.00816326530612245, 0.011224489795918368],
[23, 0.3081826, 10841.349448446825, 0.01020408163265306, 0.00816326530612245, 0.01020408163265306],
[24, 0.32118829899999995, 10799.182958280258, 0.01020408163265306, 0.00816326530612245, 0.007142857142857143],
[25, 0.33419709899999994, 10832.749630322183, 0.04081632653061224, 0.018367346938775512, 0.01326530612244898],
[26, 0.34755449799999993, 10798.603385416018, 0.01020408163265306, 0.006122448979591836, 0.011224489795918368],
[27, 0.36097309799999994, 10826.054218738042, 0.0, 0.01020408163265306, 0.011224489795918368],
[28, 0.37420849799999995, 10798.343242623212, 0.01020408163265306, 0.012244897959183673, 0.015306122448979591],
[29, 0.38796949799999997, 10820.421640525841, 0.030612244897959183, 0.012244897959183673, 0.011224489795918368],
[30, 0.401997197, 10797.991312085906, 0.0, 0.004081632653061225, 0.00816326530612245],
[31, 0.41589049699999997, 10816.00043114799, 0.04081632653061224, 0.0163265306122449, 0.014285714285714285],
[32, 0.42875289699999997, 10797.880868251637, 0.02040816326530612, 0.018367346938775512, 0.014285714285714285],
[33, 0.456481398, 10812.244681220222, 0.0, 0.012244897959183673, 0.00816326530612245],
[34, 0.47083639899999996, 10797.549893351406, 0.01020408163265306, 0.01020408163265306, 0.012244897959183673],
[35, 0.48411029899999997, 10809.444039497459, 0.0, 0.004081632653061225, 0.00510204081632653],
[36, 0.49709589899999995, 10797.521831599492, 0.0, 0.01020408163265306, 0.011224489795918368],
[37, 0.510413999, 10806.935534723742, 0.030612244897959183, 0.018367346938775512, 0.01326530612244898],
[38, 0.523435098, 10797.31821432118, 0.0, 0.0163265306122449, 0.015306122448979591],
[39, 0.537879599, 10805.084532439882, 0.0, 0.006122448979591836, 0.009183673469387756],
[40, 0.5512429990000001, 10797.271509735436, 0.01020408163265306, 0.0163265306122449, 0.01326530612244898],
[41, 0.5647293000000001, 10803.466992044372, 0.01020408163265306, 0.018367346938775512, 0.015306122448979591],
[42, 0.5773641, 10797.127524940222, 0.0, 0.00816326530612245, 0.007142857142857143],
[43, 0.5908549000000001, 10802.262945900133, 0.01020408163265306, 0.006122448979591836, 0.012244897959183673],
[44, 0.6050915000000001, 10797.126145558346, 0.02040816326530612, 0.014285714285714285, 0.01326530612244898],
[45, 0.6167359990000001, 10801.172426320498, 0.02040816326530612, 0.01020408163265306, 0.01020408163265306],
[46, 0.6295349990000001, 10797.038916431504, 0.01020408163265306, 0.02040816326530612, 0.0163265306122449],
[47, 0.6433713990000001, 10800.375200376631, 0.02040816326530612, 0.012244897959183673, 0.01020408163265306],
[48, 0.658005998, 10797.017630338023, 0.01020408163265306, 0.012244897959183673, 0.01020408163265306],
[49, 0.670671998, 10799.680085971462, 0.0, 0.01020408163265306, 0.011224489795918368],
[50, 0.684512398, 10796.958109309327, 0.01020408163265306, 0.012244897959183673, 0.01020408163265306],
[51, 0.697648999, 10799.159327156553, 0.030612244897959183, 0.012244897959183673, 0.01326530612244898],
[52, 0.710864999, 10796.948728311942, 0.02040816326530612, 0.018367346938775512, 0.014285714285714285],
[53, 0.724296499, 10798.698679161875, 0.02040816326530612, 0.01020408163265306, 0.01020408163265306],
[54, 0.737451399, 10796.916076026951, 0.01020408163265306, 0.01020408163265306, 0.014285714285714285],
[55, 0.750599899, 10798.350608030196, 0.0, 0.004081632653061225, 0.00816326530612245],
[56, 0.763401199, 10796.905565744753, 0.01020408163265306, 0.012244897959183673, 0.011224489795918368],
[57, 0.776440699, 10798.052733039565, 0.030612244897959183, 0.01020408163265306, 0.01020408163265306],
[58, 0.7895365990000001, 10796.879428692435, 0.02040816326530612, 0.012244897959183673, 0.011224489795918368],
[59, 0.803666999, 10797.82907664472, 0.01020408163265306, 0.006122448979591836, 0.00816326530612245],
[60, 0.8171136990000001, 10796.878302426301, 0.01020408163265306, 0.006122448979591836, 0.00816326530612245],
[61, 0.8300738980000001, 10797.627869368496, 0.0, 0.012244897959183673, 0.01020408163265306],
[62, 0.8429673990000001, 10796.862135703039, 0.01020408163265306, 0.00816326530612245, 0.012244897959183673],
[63, 0.855363399, 10797.480149454894, 0.01020408163265306, 0.006122448979591836, 0.007142857142857143],
[64, 0.868592799, 10796.857153497325, 0.01020408163265306, 0.012244897959183673, 0.009183673469387756],
[65, 0.881932399, 10797.35238257745, 0.01020408163265306, 0.00816326530612245, 0.00816326530612245],
[66, 0.8948219989999999, 10796.846492341872, 0.030612244897959183, 0.012244897959183673, 0.012244897959183673],
[67, 0.9073535999999999, 10797.255515086048, 0.01020408163265306, 0.014285714285714285, 0.012244897959183673],
[68, 0.9205564999999999, 10796.845892232424, 0.02040816326530612, 0.014285714285714285, 0.011224489795918368],
[69, 0.9330362989999998, 10797.169017908995, 0.01020408163265306, 0.00816326530612245, 0.009183673469387756],
[70, 0.9460795979999999, 10796.839821460357, 0.030612244897959183, 0.012244897959183673, 0.012244897959183673],
[71, 0.9587802989999998, 10797.104540352155, 0.0, 0.006122448979591836, 0.00816326530612245],
[72, 0.9726759989999998, 10796.8371408336, 0.0, 0.00816326530612245, 0.012244897959183673],
[73, 0.9862345989999998, 10797.050076143223, 0.01020408163265306, 0.00816326530612245, 0.007142857142857143],
[74, 1.1585632999999997, 10796.832605188698, 0.0, 0.004081632653061225, 0.007142857142857143],
[75, 1.1717335009999998, 10797.008324944984, 0.02040816326530612, 0.014285714285714285, 0.009183673469387756],
[76, 1.1850052009999998, 10796.831910225159, 0.02040816326530612, 0.01020408163265306, 0.006122448979591836],
[77, 1.1972680009999999, 10796.97152721187, 0.0, 0.006122448979591836, 0.009183673469387756],
[78, 1.2102750009999999, 10796.829322790758, 0.01020408163265306, 0.00816326530612245, 0.00816326530612245],
[79, 1.2232579009999998, 10796.943745788165, 0.01020408163265306, 0.01020408163265306, 0.0163265306122449],
[80, 1.2368062019999997, 10796.828517114604, 0.0, 0.018367346938775512, 0.012244897959183673],
[81, 1.2496586009999997, 10796.919952672813, 0.030612244897959183, 0.02040816326530612, 0.01326530612244898],
[82, 1.2634257009999996, 10796.826624080843, 0.01020408163265306, 0.00816326530612245, 0.01020408163265306],
[83, 1.2766647009999996, 10796.901920594886, 0.0, 0.00816326530612245, 0.009183673469387756],
[84, 1.2891091009999995, 10796.826066335903, 0.02040816326530612, 0.0163265306122449, 0.00816326530612245],
[85, 1.3018085999999995, 10796.886339009658, 0.030612244897959183, 0.01020408163265306, 0.006122448979591836],
[86, 1.3146632999999996, 10796.825047264316, 0.0, 0.006122448979591836, 0.009183673469387756],
[87, 1.3286026009999996, 10796.87428529473, 0.01020408163265306, 0.018367346938775512, 0.0163265306122449],
[88, 1.3429471009999996, 10796.824702110307, 0.030612244897959183, 0.02040816326530612, 0.012244897959183673],
[89, 1.3555286009999996, 10796.864041467252, 0.02040816326530612, 0.012244897959183673, 0.0163265306122449],
[90, 1.3690992019999997, 10796.823805422664, 0.02040816326530612, 0.012244897959183673, 0.011224489795918368],
[91, 1.3822049019999998, 10796.856361124828, 0.0, 0.00816326530612245, 0.006122448979591836],
[92, 1.3966235019999997, 10796.823716757159, 0.0, 0.0163265306122449, 0.011224489795918368],
[93, 1.4140893019999998, 10796.849502342626, 0.01020408163265306, 0.014285714285714285, 0.011224489795918368],
[94, 1.4263801019999998, 10796.823177633207, 0.02040816326530612, 0.006122448979591836, 0.012244897959183673],
[95, 1.4409642019999997, 10796.844414021904, 0.01020408163265306, 0.012244897959183673, 0.014285714285714285],
[96, 1.4537079029999997, 10796.823047126416, 0.030612244897959183, 0.0163265306122449, 0.0163265306122449],
[97, 1.4668515029999998, 10796.839986362525, 0.01020408163265306, 0.01020408163265306, 0.012244897959183673],
[98, 1.4789837029999997, 10796.822680459862, 0.0, 0.012244897959183673, 0.01020408163265306],
[99, 1.4928257019999998, 10796.836660847996, 0.01020408163265306, 0.01020408163265306, 0.009183673469387756],
[100, 1.5080142009999997, 10796.822595118, 0.01020408163265306, 0.004081632653061225, 0.009183673469387756],
[101, 1.5207312009999998, 10796.833755539647, 0.01020408163265306, 0.01020408163265306, 0.009183673469387756],
[102, 1.5330612009999998, 10796.822407366313, 0.02040816326530612, 0.006122448979591836, 0.01020408163265306],
[103, 1.5472754009999998, 10796.8315208868, 0.01020408163265306, 0.01020408163265306, 0.011224489795918368],
[104, 1.560191502, 10796.822329662406, 0.0, 0.006122448979591836, 0.009183673469387756],
[105, 1.5722184019999998, 10796.829636419714, 0.0, 0.0163265306122449, 0.015306122448979591],
[106, 1.5850128019999998, 10796.822178357852, 0.01020408163265306, 0.0163265306122449, 0.014285714285714285],
[107, 1.597713303, 10796.828198369745, 0.030612244897959183, 0.0163265306122449, 0.015306122448979591],
[108, 1.6113564029999998, 10796.822151378712, 0.01020408163265306, 0.012244897959183673, 0.011224489795918368],
[109, 1.6242840019999998, 10796.826937980164, 0.0, 0.01020408163265306, 0.011224489795918368],
[110, 1.6371280009999998, 10796.82205474113, 0.01020408163265306, 0.00816326530612245, 0.006122448979591836],
[111, 1.6509507999999997, 10796.825991854734, 0.01020408163265306, 0.0163265306122449, 0.012244897959183673],
[112, 1.6631710999999998, 10796.822030708872, 0.0, 0.01020408163265306, 0.01020408163265306],
[113, 1.6761764999999997, 10796.825171236009, 0.05102040816326531, 0.014285714285714285, 0.009183673469387756],
[114, 1.6887816999999998, 10796.821966756685, 0.01020408163265306, 0.024489795918367346, 0.015306122448979591],
[115, 1.7173508009999998, 10796.824551022872, 0.0, 0.006122448979591836, 0.009183673469387756],
[116, 1.7306628009999998, 10796.821948887211, 0.0, 0.01020408163265306, 0.011224489795918368],
[117, 1.7463151999999997, 10796.824014722582, 0.0, 0.006122448979591836, 0.01020408163265306],
[118, 1.7590985999999997, 10796.82191127121, 0.02040816326530612, 0.01020408163265306, 0.011224489795918368],
[119, 1.7717200999999998, 10796.823603457706, 0.01020408163265306, 0.0163265306122449, 0.012244897959183673],
[120, 1.7858848999999999, 10796.82189809821, 0.0, 0.004081632653061225, 0.00816326530612245],
[121, 1.7985012999999999, 10796.823253040146, 0.01020408163265306, 0.022448979591836737, 0.014285714285714285],
