rank: 30, ratio of 0 vs 1: 3, lambda:8, learning_rate: 0.25
iter time objective_function precision@K = 1, 5, 10
[0,11484.180970494817, 0.0 0.01020408163265306 0.009183673469387756],
[1, 0.0129035, 11212.58611895228, 0.02040816326530612, 0.012244897959183673, 0.01020408163265306],
[2, 0.026287401000000002, 10991.324445217751, 0.01020408163265306, 0.012244897959183673, 0.00816326530612245],
[3, 0.040010801, 10842.56707687082, 0.02040816326530612, 0.012244897959183673, 0.01020408163265306],
[4, 0.059829901, 10965.83154313172, 0.0, 0.00816326530612245, 0.009183673469387756],
[5, 0.073173601, 10841.596589883517, 0.030612244897959183, 0.01020408163265306, 0.009183673469387756],
[6, 0.08630030000000001, 10966.297377203908, 0.02040816326530612, 0.0163265306122449, 0.012244897959183673],
[7, 0.1000092, 10841.19714963746, 0.01020408163265306, 0.01020408163265306, 0.00816326530612245],
[8, 0.11397650000000001, 10966.68384458993, 0.02040816326530612, 0.00816326530612245, 0.007142857142857143],
[9, 0.12736360000000002, 10840.749424677186, 0.0, 0.01020408163265306, 0.00816326530612245],
[10, 0.14125730100000003, 10967.049518984022, 0.01020408163265306, 0.01020408163265306, 0.011224489795918368],
[11, 0.15567760100000003, 10840.352142335672, 0.0, 0.006122448979591836, 0.009183673469387756],
[12, 0.16861930100000003, 10967.354821627838, 0.01020408163265306, 0.014285714285714285, 0.015306122448979591],
[13, 0.18231000200000003, 10839.961804985638, 0.0, 0.00816326530612245, 0.007142857142857143],
[14, 0.19845690100000002, 10967.773882183188, 0.02040816326530612, 0.0163265306122449, 0.011224489795918368],
[15, 0.210701401, 10839.517288819266, 0.0, 0.00816326530612245, 0.01020408163265306],
[16, 0.22416090100000002, 10968.103266864266, 0.030612244897959183, 0.00816326530612245, 0.007142857142857143],
[17, 0.237741201, 10839.187965523965, 0.01020408163265306, 0.00816326530612245, 0.011224489795918368],
[18, 0.251169101, 10968.506580666266, 0.0, 0.0020408163265306124, 0.006122448979591836],
[19, 0.263480402, 10838.804652390514, 0.02040816326530612, 0.012244897959183673, 0.01020408163265306],
[20, 0.276886303, 10968.916035353202, 0.0, 0.012244897959183673, 0.007142857142857143],
[21, 0.290678903, 10838.375257795265, 0.01020408163265306, 0.004081632653061225, 0.006122448979591836],
[22, 0.30290760299999997, 10969.23655213235, 0.01020408163265306, 0.004081632653061225, 0.01020408163265306],
[23, 0.31697860299999997, 10838.053602986602, 0.02040816326530612, 0.01020408163265306, 0.012244897959183673],
[24, 0.33093980399999995, 10969.60812326613, 0.02040816326530612, 0.0163265306122449, 0.012244897959183673],
[25, 0.344401604, 10837.687098347846, 0.01020408163265306, 0.004081632653061225, 0.006122448979591836],
[26, 0.35765740399999996, 10969.920974826055, 0.02040816326530612, 0.012244897959183673, 0.015306122448979591],
[27, 0.37087370299999994, 10837.394435916582, 0.0, 0.006122448979591836, 0.007142857142857143],
[28, 0.38442180299999995, 10970.30082719924, 0.01020408163265306, 0.01020408163265306, 0.009183673469387756],
[29, 0.39790090199999995, 10836.983287158138, 0.0, 0.006122448979591836, 0.009183673469387756],
[30, 0.41117000299999995, 10970.671641579558, 0.02040816326530612, 0.01020408163265306, 0.00816326530612245],
[31, 0.42459010299999994, 10836.633721243557, 0.01020408163265306, 0.01020408163265306, 0.009183673469387756],
[32, 0.43798750299999994, 10971.027792540317, 0.0, 0.006122448979591836, 0.006122448979591836],
[33, 0.45164970299999996, 10836.306017781755, 0.0, 0.01020408163265306, 0.00816326530612245],
[34, 0.46737020199999996, 10971.418353059265, 0.02040816326530612, 0.00816326530612245, 0.01020408163265306],
[35, 0.48107780199999994, 10835.951940337842, 0.0, 0.004081632653061225, 0.00510204081632653],
[36, 0.49407740199999994, 10971.816932349157, 0.0, 0.006122448979591836, 0.007142857142857143],
[37, 0.5070414019999999, 10835.520272128018, 0.01020408163265306, 0.006122448979591836, 0.007142857142857143],
[38, 0.520232403, 10972.153459489342, 0.0, 0.00816326530612245, 0.006122448979591836],
[39, 0.532486603, 10835.212007361893, 0.01020408163265306, 0.006122448979591836, 0.007142857142857143],
[40, 0.5452319029999999, 10972.554258656173, 0.01020408163265306, 0.00816326530612245, 0.011224489795918368],
[41, 0.5591010029999999, 10834.846350721997, 0.030612244897959183, 0.014285714285714285, 0.012244897959183673],
[42, 0.5730138029999998, 10972.911215937038, 0.0, 0.012244897959183673, 0.012244897959183673],
[43, 0.5870685029999998, 10834.46282590581, 0.0, 0.01020408163265306, 0.014285714285714285],
[44, 0.6009012029999998, 10973.306448099393, 0.030612244897959183, 0.0163265306122449, 0.012244897959183673],
[45, 0.6273087019999999, 10834.06250270495, 0.01020408163265306, 0.01020408163265306, 0.0163265306122449],
[46, 0.6423809019999999, 10973.632958900322, 0.0, 0.006122448979591836, 0.00510204081632653],
[47, 0.6550042019999999, 10833.758272523732, 0.01020408163265306, 0.00816326530612245, 0.006122448979591836],
[48, 0.6681430029999998, 10973.956435785458, 0.01020408163265306, 0.01020408163265306, 0.012244897959183673],
[49, 0.6824128029999998, 10833.406880602244, 0.0, 0.006122448979591836, 0.007142857142857143],
[50, 0.6952467029999998, 10974.32262461033, 0.01020408163265306, 0.006122448979591836, 0.007142857142857143],
[51, 0.7086310029999998, 10833.067956782741, 0.01020408163265306, 0.0163265306122449, 0.01326530612244898],
[52, 0.7221420029999999, 10974.705309406827, 0.01020408163265306, 0.00816326530612245, 0.012244897959183673],
[53, 0.7355528029999998, 10832.75956716629, 0.0, 0.006122448979591836, 0.00816326530612245],
[54, 0.7485188039999998, 10974.983030201944, 0.01020408163265306, 0.012244897959183673, 0.017346938775510204],
[55, 0.7618856039999998, 10832.447208136997, 0.0, 0.01020408163265306, 0.011224489795918368],
[56, 0.7750660049999998, 10975.28049479693, 0.02040816326530612, 0.00816326530612245, 0.007142857142857143],
[57, 0.7878106049999998, 10832.125023834122, 0.0, 0.012244897959183673, 0.011224489795918368],
[58, 0.8021823049999998, 10975.622057825782, 0.0, 0.0020408163265306124, 0.0020408163265306124],
[59, 0.8152207049999998, 10831.814094113957, 0.0, 0.006122448979591836, 0.00816326530612245],
[60, 0.8290085049999998, 10975.918097657532, 0.02040816326530612, 0.01020408163265306, 0.007142857142857143],
[61, 0.8425699049999997, 10831.549940512901, 0.01020408163265306, 0.00816326530612245, 0.012244897959183673],
[62, 0.8562808049999997, 10976.173762029244, 0.02040816326530612, 0.012244897959183673, 0.014285714285714285],
[63, 0.8704333049999997, 10831.29802285141, 0.01020408163265306, 0.014285714285714285, 0.01020408163265306],
[64, 0.8841858049999998, 10976.514056728893, 0.0, 0.00816326530612245, 0.01326530612244898],
[65, 0.8975196059999998, 10830.934985158898, 0.02040816326530612, 0.00816326530612245, 0.007142857142857143],
[66, 0.9112900059999998, 10976.813562395728, 0.01020408163265306, 0.00816326530612245, 0.009183673469387756],
[67, 0.9251376059999997, 10830.627784476952, 0.0, 0.01020408163265306, 0.012244897959183673],
[68, 0.9386675059999997, 10977.112892979481, 0.01020408163265306, 0.00816326530612245, 0.009183673469387756],
[69, 0.9519909059999997, 10830.41057905104, 0.01020408163265306, 0.00816326530612245, 0.007142857142857143],
[70, 0.9651660049999997, 10977.407215004647, 0.01020408163265306, 0.012244897959183673, 0.014285714285714285],
[71, 0.9787300059999997, 10830.170919541539, 0.02040816326530612, 0.01020408163265306, 0.009183673469387756],
[72, 0.9924938059999997, 10977.685756553625, 0.01020408163265306, 0.004081632653061225, 0.00816326530612245],
[73, 1.0062013069999998, 10829.864731775586, 0.01020408163265306, 0.006122448979591836, 0.011224489795918368],
[74, 1.0195646069999997, 10977.9397612004, 0.02040816326530612, 0.014285714285714285, 0.01020408163265306],
[75, 1.0325254069999998, 10829.569572289705, 0.01020408163265306, 0.01020408163265306, 0.01326530612244898],
[76, 1.0470913069999999, 10978.210327794262, 0.01020408163265306, 0.014285714285714285, 0.014285714285714285],
[77, 1.0598717059999998, 10829.302576628706, 0.0, 0.01020408163265306, 0.01326530612244898],
[78, 1.0730593059999998, 10978.500157202601, 0.02040816326530612, 0.00816326530612245, 0.011224489795918368],
[79, 1.0864904059999998, 10829.109724320511, 0.01020408163265306, 0.00816326530612245, 0.009183673469387756],
[80, 1.0998687059999999, 10978.736074927654, 0.04081632653061224, 0.012244897959183673, 0.012244897959183673],
[81, 1.1137107059999998, 10828.872912270996, 0.02040816326530612, 0.018367346938775512, 0.014285714285714285],
[82, 1.1281513059999997, 10978.97208392452, 0.030612244897959183, 0.018367346938775512, 0.014285714285714285],
[83, 1.1416798059999997, 10828.596724225023, 0.0, 0.012244897959183673, 0.01326530612244898],
[84, 1.1557586049999997, 10979.209804805952, 0.02040816326530612, 0.01020408163265306, 0.01020408163265306],
[85, 1.1699132039999998, 10828.364104255199, 0.02040816326530612, 0.006122448979591836, 0.00816326530612245],
[86, 1.3425251039999997, 10979.446474945704, 0.01020408163265306, 0.01020408163265306, 0.011224489795918368],
[87, 1.3583033039999997, 10828.192113376726, 0.04081632653061224, 0.014285714285714285, 0.011224489795918368],
[88, 1.3721778039999997, 10979.718605802394, 0.02040816326530612, 0.012244897959183673, 0.006122448979591836],
[89, 1.3859599039999997, 10827.93236425192, 0.0, 0.01020408163265306, 0.015306122448979591],
[90, 1.3992899039999998, 10979.902726814747, 0.0, 0.0163265306122449, 0.015306122448979591],
[91, 1.4133641039999998, 10827.744359823624, 0.0, 0.006122448979591836, 0.00510204081632653],
[92, 1.4264525049999999, 10980.136294999536, 0.01020408163265306, 0.014285714285714285, 0.00816326530612245],
[93, 1.440625205, 10827.506182367026, 0.0, 0.01020408163265306, 0.01020408163265306],
[94, 1.454488805, 10980.372358140072, 0.0, 0.014285714285714285, 0.01326530612244898],
[95, 1.467518605, 10827.258066691407, 0.0, 0.01020408163265306, 0.009183673469387756],
[96, 1.481423605, 10980.634523963634, 0.01020408163265306, 0.00816326530612245, 0.01020408163265306],
[97, 1.494697305, 10827.01947428309, 0.030612244897959183, 0.012244897959183673, 0.009183673469387756],
[98, 1.508568704, 10980.853231588328, 0.01020408163265306, 0.00816326530612245, 0.009183673469387756],
[99, 1.523328804, 10826.890343844441, 0.01020408163265306, 0.006122448979591836, 0.006122448979591836],
[100, 1.538401004, 10981.061669574981, 0.0, 0.014285714285714285, 0.011224489795918368],
[101, 1.552780303, 10826.628152515324, 0.01020408163265306, 0.01020408163265306, 0.01326530612244898],
[102, 1.5667002030000001, 10981.27553694779, 0.01020408163265306, 0.00816326530612245, 0.012244897959183673],
[103, 1.5801461030000001, 10826.427152673166, 0.02040816326530612, 0.012244897959183673, 0.011224489795918368],
[104, 1.5938315020000002, 10981.464111923697, 0.02040816326530612, 0.02040816326530612, 0.014285714285714285],
[105, 1.6079670020000003, 10826.201452008474, 0.01020408163265306, 0.01020408163265306, 0.007142857142857143],
[106, 1.6217334020000003, 10981.696755010953, 0.030612244897959183, 0.0163265306122449, 0.01020408163265306],
[107, 1.6345226020000003, 10826.05380684451, 0.01020408163265306, 0.0163265306122449, 0.012244897959183673],
[108, 1.6487781020000003, 10981.837148518822, 0.02040816326530612, 0.014285714285714285, 0.014285714285714285],
[109, 1.6626100020000003, 10825.908528484686, 0.0, 0.012244897959183673, 0.01020408163265306],
[110, 1.6753040020000003, 10982.036752078908, 0.02040816326530612, 0.01020408163265306, 0.015306122448979591],
[111, 1.6893183030000003, 10825.713406599223, 0.0, 0.01020408163265306, 0.01020408163265306],
[112, 1.7034191040000004, 10982.214140908247, 0.01020408163265306, 0.00816326530612245, 0.012244897959183673],
[113, 1.7178564030000003, 10825.45562902139, 0.0, 0.00816326530612245, 0.006122448979591836],
[114, 1.7325088030000002, 10982.425756645394, 0.0, 0.004081632653061225, 0.007142857142857143],
[115, 1.7467531030000003, 10825.302295278114, 0.02040816326530612, 0.014285714285714285, 0.011224489795918368],
[116, 1.7603075020000003, 10982.599451535827, 0.02040816326530612, 0.00816326530612245, 0.007142857142857143],
[117, 1.7752463020000002, 10825.220030001445, 0.0, 0.01020408163265306, 0.009183673469387756],
[118, 1.7883281020000001, 10982.73056601677, 0.02040816326530612, 0.0163265306122449, 0.01326530612244898],
[119, 1.8024020020000002, 10824.95142983556, 0.01020408163265306, 0.0163265306122449, 0.009183673469387756],
[120, 1.8172851020000003, 10982.982675180938, 0.01020408163265306, 0.00816326530612245, 0.006122448979591836],
[121, 1.8298453020000003, 10824.790044897378, 0.02040816326530612, 0.012244897959183673, 0.0163265306122449],
