rank: 30, ratio of 0 vs 1: 3, lambda:9, learning_rate: 0.25
iter time objective_function precision@K = 1, 5, 10
[0,11569.91926276601, 0.0 0.01020408163265306 0.009183673469387756],
[1, 0.013169099, 11248.478545612556, 0.01020408163265306, 0.00816326530612245, 0.009183673469387756],
[2, 0.026631599, 10982.861748502608, 0.0, 0.006122448979591836, 0.009183673469387756],
[3, 0.040538498, 10851.148449056156, 0.0, 0.006122448979591836, 0.011224489795918368],
[4, 0.053593298, 10940.00502782377, 0.0, 0.006122448979591836, 0.00816326530612245],
[5, 0.066981397, 10834.574711953917, 0.0, 0.01020408163265306, 0.01020408163265306],
[6, 0.080784497, 10918.717095867707, 0.0, 0.014285714285714285, 0.011224489795918368],
[7, 0.094302497, 10823.888888542915, 0.01020408163265306, 0.012244897959183673, 0.01020408163265306],
[8, 0.107407397, 10899.00594519659, 0.01020408163265306, 0.006122448979591836, 0.007142857142857143],
[9, 0.120244496, 10816.984237351671, 0.04081632653061224, 0.012244897959183673, 0.012244897959183673],
[10, 0.13407939600000002, 10881.311241863914, 0.01020408163265306, 0.0163265306122449, 0.012244897959183673],
[11, 0.14749979600000002, 10812.315091716953, 0.0, 0.00816326530612245, 0.0163265306122449],
[12, 0.161401697, 10866.079941107599, 0.030612244897959183, 0.022448979591836737, 0.018367346938775512],
[13, 0.175019098, 10809.218386898972, 0.01020408163265306, 0.01020408163265306, 0.012244897959183673],
[14, 0.188902598, 10853.100104723959, 0.0, 0.0163265306122449, 0.015306122448979591],
[15, 0.202735698, 10806.96707966709, 0.0, 0.01020408163265306, 0.009183673469387756],
[16, 0.21526089799999998, 10842.652919551441, 0.01020408163265306, 0.0163265306122449, 0.01326530612244898],
[17, 0.22916059699999997, 10804.317911227423, 0.0, 0.012244897959183673, 0.012244897959183673],
[18, 0.24288949699999995, 10834.35853952815, 0.01020408163265306, 0.006122448979591836, 0.00816326530612245],
[19, 0.25619939799999997, 10803.43853806134, 0.0, 0.00816326530612245, 0.00816326530612245],
[20, 0.26963269799999995, 10827.108229822219, 0.0, 0.01020408163265306, 0.00816326530612245],
[21, 0.28360579799999996, 10801.784582663617, 0.02040816326530612, 0.012244897959183673, 0.00816326530612245],
[22, 0.297248898, 10821.630049658908, 0.01020408163265306, 0.00816326530612245, 0.009183673469387756],
[23, 0.311314898, 10801.181777882728, 0.01020408163265306, 0.006122448979591836, 0.009183673469387756],
[24, 0.327403398, 10816.72110098477, 0.01020408163265306, 0.01020408163265306, 0.007142857142857143],
[25, 0.340934799, 10799.894783363598, 0.01020408163265306, 0.006122448979591836, 0.00816326530612245],
[26, 0.354352999, 10813.245193970377, 0.01020408163265306, 0.006122448979591836, 0.01326530612244898],
[27, 0.368012499, 10799.651352183335, 0.02040816326530612, 0.014285714285714285, 0.0163265306122449],
[28, 0.381108999, 10809.888391555594, 0.01020408163265306, 0.00816326530612245, 0.011224489795918368],
[29, 0.409538899, 10798.922308612613, 0.01020408163265306, 0.004081632653061225, 0.01020408163265306],
[30, 0.422872798, 10807.532217317143, 0.01020408163265306, 0.01020408163265306, 0.009183673469387756],
[31, 0.437288998, 10798.67372060347, 0.0, 0.004081632653061225, 0.007142857142857143],
[32, 0.450290798, 10805.415149620101, 0.02040816326530612, 0.006122448979591836, 0.00816326530612245],
[33, 0.463800798, 10798.115183581544, 0.01020408163265306, 0.01020408163265306, 0.011224489795918368],
[34, 0.477176698, 10803.920365007149, 0.02040816326530612, 0.0163265306122449, 0.0163265306122449],
[35, 0.490899298, 10798.041551575461, 0.01020408163265306, 0.01020408163265306, 0.009183673469387756],
[36, 0.5040672979999999, 10802.442674878468, 0.01020408163265306, 0.004081632653061225, 0.011224489795918368],
[37, 0.517639797, 10797.699220150185, 0.0, 0.014285714285714285, 0.01326530612244898],
[38, 0.530161597, 10801.459527688357, 0.01020408163265306, 0.012244897959183673, 0.011224489795918368],
[39, 0.5433080969999999, 10797.610268547973, 0.02040816326530612, 0.00816326530612245, 0.011224489795918368],
[40, 0.5578985969999999, 10800.530316007082, 0.030612244897959183, 0.024489795918367346, 0.015306122448979591],
[41, 0.5705704969999998, 10797.357152463188, 0.02040816326530612, 0.00816326530612245, 0.01020408163265306],
[42, 0.5873926969999999, 10799.899377595651, 0.030612244897959183, 0.00816326530612245, 0.007142857142857143],
[43, 0.6022422969999999, 10797.323590373833, 0.02040816326530612, 0.012244897959183673, 0.0163265306122449],
[44, 0.6144796959999999, 10799.263633687386, 0.0, 0.012244897959183673, 0.00816326530612245],
[45, 0.6274164969999999, 10797.177841052015, 0.01020408163265306, 0.004081632653061225, 0.009183673469387756],
[46, 0.6407080959999999, 10798.840661285712, 0.01020408163265306, 0.006122448979591836, 0.007142857142857143],
[47, 0.6548035959999999, 10797.145589399383, 0.01020408163265306, 0.00816326530612245, 0.006122448979591836],
[48, 0.6675057959999999, 10798.433720890323, 0.0, 0.0020408163265306124, 0.007142857142857143],
[49, 0.681505795, 10797.047614908646, 0.01020408163265306, 0.012244897959183673, 0.01020408163265306],
[50, 0.6946541949999999, 10798.150803837785, 0.0, 0.0020408163265306124, 0.009183673469387756],
[51, 0.7075553939999999, 10797.030812957833, 0.0, 0.012244897959183673, 0.00816326530612245],
[52, 0.7209959949999999, 10797.880486833365, 0.01020408163265306, 0.012244897959183673, 0.017346938775510204],
[53, 0.7343751949999999, 10796.974243013685, 0.01020408163265306, 0.012244897959183673, 0.01020408163265306],
[54, 0.7475344949999999, 10797.691459608926, 0.01020408163265306, 0.006122448979591836, 0.006122448979591836],
[55, 0.7605444949999999, 10796.962032410349, 0.01020408163265306, 0.01020408163265306, 0.009183673469387756],
[56, 0.7737094949999999, 10797.514333679364, 0.0, 0.006122448979591836, 0.009183673469387756],
[57, 0.7866617949999999, 10796.919981550405, 0.02040816326530612, 0.012244897959183673, 0.009183673469387756],
[58, 0.8005618939999999, 10797.393370666567, 0.0, 0.012244897959183673, 0.014285714285714285],
[59, 0.8142205939999999, 10796.911369760777, 0.02040816326530612, 0.006122448979591836, 0.007142857142857143],
[60, 0.8274557949999999, 10797.278181218273, 0.0, 0.01020408163265306, 0.015306122448979591],
[61, 0.8411625949999999, 10796.887391437343, 0.01020408163265306, 0.00816326530612245, 0.009183673469387756],
[62, 0.8548251949999999, 10797.196030223498, 0.02040816326530612, 0.024489795918367346, 0.017346938775510204],
[63, 0.8681226949999998, 10796.882225228386, 0.030612244897959183, 0.012244897959183673, 0.009183673469387756],
[64, 0.8818063949999998, 10797.119977577635, 0.0, 0.006122448979591836, 0.011224489795918368],
[65, 0.8951778959999998, 10796.864155434478, 0.01020408163265306, 0.006122448979591836, 0.011224489795918368],
[66, 0.9081088959999998, 10797.067645998806, 0.0, 0.004081632653061225, 0.006122448979591836],
[67, 0.9210114959999998, 10796.860504694734, 0.02040816326530612, 0.012244897959183673, 0.01020408163265306],
[68, 0.9348425949999998, 10797.018083987023, 0.01020408163265306, 0.00816326530612245, 0.00816326530612245],
[69, 0.9487214949999998, 10796.850066180903, 0.02040816326530612, 0.01020408163265306, 0.00816326530612245],
[70, 1.0954262939999997, 10796.983021184717, 0.04081632653061224, 0.0163265306122449, 0.018367346938775512],
[71, 1.1090380939999998, 10796.847472794007, 0.01020408163265306, 0.014285714285714285, 0.0163265306122449],
[72, 1.1228225949999997, 10796.9503553638, 0.04081632653061224, 0.03469387755102041, 0.022448979591836737],
[73, 1.1359278949999998, 10796.840067763444, 0.0, 0.00816326530612245, 0.012244897959183673],
[74, 1.1492730949999999, 10796.927608194052, 0.02040816326530612, 0.0163265306122449, 0.012244897959183673],
[75, 1.1624071939999998, 10796.838641100272, 0.02040816326530612, 0.012244897959183673, 0.011224489795918368],
[76, 1.1751875939999998, 10796.906297273164, 0.030612244897959183, 0.012244897959183673, 0.012244897959183673],
[77, 1.1883368939999999, 10796.833824158326, 0.030612244897959183, 0.012244897959183673, 0.011224489795918368],
[78, 1.201312394, 10796.89129700223, 0.0, 0.004081632653061225, 0.00816326530612245],
[79, 1.214702695, 10796.83284006236, 0.01020408163265306, 0.00816326530612245, 0.009183673469387756],
[80, 1.227211695, 10796.87713553723, 0.030612244897959183, 0.012244897959183673, 0.014285714285714285],
[81, 1.240523894, 10796.829793935549, 0.030612244897959183, 0.012244897959183673, 0.011224489795918368],
[82, 1.252877394, 10796.867255384903, 0.04081632653061224, 0.02040816326530612, 0.015306122448979591],
[83, 1.266350794, 10796.829063463441, 0.01020408163265306, 0.01020408163265306, 0.00816326530612245],
[84, 1.281043594, 10796.858181961272, 0.0, 0.004081632653061225, 0.007142857142857143],
[85, 1.293949694, 10796.826998278038, 0.01020408163265306, 0.00816326530612245, 0.011224489795918368],
[86, 1.307027393, 10796.851719071301, 0.01020408163265306, 0.004081632653061225, 0.006122448979591836],
[87, 1.3197211930000001, 10796.826558645518, 0.01020408163265306, 0.01020408163265306, 0.01326530612244898],
[88, 1.3332341930000002, 10796.845625646918, 0.01020408163265306, 0.01020408163265306, 0.009183673469387756],
[89, 1.3475896930000002, 10796.825191938553, 0.02040816326530612, 0.014285714285714285, 0.014285714285714285],
[90, 1.3609397930000002, 10796.841433284395, 0.01020408163265306, 0.01020408163265306, 0.012244897959183673],
[91, 1.3738701930000001, 10796.824963489917, 0.030612244897959183, 0.00816326530612245, 0.00816326530612245],
[92, 1.3870742930000002, 10796.837453951804, 0.0, 0.014285714285714285, 0.01020408163265306],
[93, 1.4004047920000002, 10796.824062930544, 0.0, 0.0163265306122449, 0.012244897959183673],
[94, 1.4131804920000002, 10796.83466920242, 0.030612244897959183, 0.0163265306122449, 0.012244897959183673],
[95, 1.426560293, 10796.823844059725, 0.0, 0.014285714285714285, 0.011224489795918368],
[96, 1.439762393, 10796.83207635712, 0.01020408163265306, 0.01020408163265306, 0.014285714285714285],
[97, 1.4530807940000001, 10796.823270420737, 0.02040816326530612, 0.014285714285714285, 0.012244897959183673],
[98, 1.4662974940000002, 10796.830268462494, 0.02040816326530612, 0.012244897959183673, 0.01020408163265306],
[99, 1.4794803940000003, 10796.823167966282, 0.01020408163265306, 0.014285714285714285, 0.019387755102040816],
[100, 1.4919293940000002, 10796.828548109552, 0.01020408163265306, 0.012244897959183673, 0.009183673469387756],
[101, 1.5040608940000002, 10796.82278969973, 0.01020408163265306, 0.01020408163265306, 0.01326530612244898],
[102, 1.5174467940000003, 10796.827346838241, 0.01020408163265306, 0.004081632653061225, 0.00816326530612245],
[103, 1.5309230940000003, 10796.822689046887, 0.030612244897959183, 0.00816326530612245, 0.009183673469387756],
[104, 1.5443520940000002, 10796.826235099634, 0.030612244897959183, 0.0163265306122449, 0.015306122448979591],
[105, 1.557788493, 10796.822443811836, 0.0, 0.00816326530612245, 0.01020408163265306],
[106, 1.5713678930000001, 10796.825452517216, 0.0, 0.012244897959183673, 0.011224489795918368],
[107, 1.5852526930000002, 10796.82240074538, 0.01020408163265306, 0.01020408163265306, 0.01020408163265306],
[108, 1.5988366930000002, 10796.82471377296, 0.02040816326530612, 0.018367346938775512, 0.014285714285714285],
[109, 1.6123778930000001, 10796.822232695777, 0.02040816326530612, 0.01020408163265306, 0.00816326530612245],
[110, 1.6251146930000002, 10796.824199539573, 0.02040816326530612, 0.0163265306122449, 0.01326530612244898],
[111, 1.6548358930000002, 10796.82219532432, 0.01020408163265306, 0.012244897959183673, 0.009183673469387756],
[112, 1.6684620920000002, 10796.823717973759, 0.0, 0.012244897959183673, 0.018367346938775512],
[113, 1.6823574920000002, 10796.822086882059, 0.01020408163265306, 0.012244897959183673, 0.01020408163265306],
[114, 1.697740492, 10796.823383777388, 0.01020408163265306, 0.006122448979591836, 0.009183673469387756],
[115, 1.710609891, 10796.822067637673, 0.030612244897959183, 0.012244897959183673, 0.01020408163265306],
[116, 1.7234443910000001, 10796.823063984724, 0.02040816326530612, 0.00816326530612245, 0.00816326530612245],
[117, 1.7370720910000002, 10796.821998050034, 0.01020408163265306, 0.00816326530612245, 0.014285714285714285],
[118, 1.750973391, 10796.822841378447, 0.01020408163265306, 0.006122448979591836, 0.00816326530612245],
[119, 1.764515791, 10796.821978388147, 0.0, 0.014285714285714285, 0.014285714285714285],
[120, 1.777812291, 10796.822637960684, 0.01020408163265306, 0.01020408163265306, 0.012244897959183673],
[121, 1.7916115910000001, 10796.821934561427, 0.0, 0.014285714285714285, 0.01020408163265306],
