rank: 30, ratio of 0 vs 1: 3, lambda:3, learning_rate: 0.2
iter time objective_function precision@K = 1, 5, 10
[0,11055.489509138855, 0.0 0.01020408163265306 0.009183673469387756],
[1, 0.0120502, 11011.612416260607, 0.0, 0.012244897959183673, 0.01020408163265306],
[2, 0.026129301, 10982.421691578653, 0.01020408163265306, 0.012244897959183673, 0.015306122448979591],
[3, 0.039793101, 10957.703182700192, 0.01020408163265306, 0.01020408163265306, 0.01020408163265306],
[4, 0.053209201, 10934.20353417355, 0.01020408163265306, 0.014285714285714285, 0.009183673469387756],
[5, 0.065145101, 10911.751912021125, 0.0, 0.01020408163265306, 0.01020408163265306],
[6, 0.078585501, 10889.09619527602, 0.0, 0.006122448979591836, 0.00816326530612245],
[7, 0.092492102, 10866.491658445248, 0.0, 0.006122448979591836, 0.01326530612244898],
[8, 0.108819702, 10843.655220317427, 0.0, 0.00816326530612245, 0.011224489795918368],
[9, 0.121703302, 10822.434486767863, 0.01020408163265306, 0.014285714285714285, 0.01020408163265306],
[10, 0.134188102, 10811.573345715624, 0.01020408163265306, 0.00816326530612245, 0.006122448979591836],
[11, 0.14774990200000002, 10808.72125513817, 0.01020408163265306, 0.0163265306122449, 0.012244897959183673],
[12, 0.161202102, 10809.325238511274, 0.0, 0.014285714285714285, 0.018367346938775512],
[13, 0.174470901, 10808.495420468429, 0.04081632653061224, 0.0163265306122449, 0.014285714285714285],
[14, 0.18980260200000001, 10809.171334902418, 0.0, 0.0163265306122449, 0.01326530612244898],
[15, 0.201966002, 10808.471871814627, 0.02040816326530612, 0.018367346938775512, 0.017346938775510204],
[16, 0.215404601, 10809.151828759384, 0.030612244897959183, 0.014285714285714285, 0.011224489795918368],
[17, 0.229279601, 10808.462068891566, 0.02040816326530612, 0.014285714285714285, 0.01326530612244898],
[18, 0.241842501, 10809.161817982573, 0.01020408163265306, 0.012244897959183673, 0.012244897959183673],
[19, 0.254319401, 10808.45248143732, 0.0, 0.012244897959183673, 0.009183673469387756],
[20, 0.268023402, 10809.172146087396, 0.0, 0.0020408163265306124, 0.006122448979591836],
[21, 0.28167210200000004, 10808.442022480554, 0.01020408163265306, 0.006122448979591836, 0.00816326530612245],
[22, 0.29442120200000005, 10809.187190125514, 0.04081632653061224, 0.014285714285714285, 0.02040816326530612],
[23, 0.3978979020000001, 10808.427965222243, 0.0, 0.0020408163265306124, 0.007142857142857143],
[24, 0.41123930100000006, 10809.196174055023, 0.01020408163265306, 0.012244897959183673, 0.01326530612244898],
[25, 0.42568020100000004, 10808.422165035456, 0.0, 0.00816326530612245, 0.00816326530612245],
[26, 0.43855640100000004, 10809.204436678765, 0.030612244897959183, 0.01020408163265306, 0.012244897959183673],
[27, 0.45271650100000005, 10808.413081811725, 0.02040816326530612, 0.012244897959183673, 0.01020408163265306],
[28, 0.46676680100000006, 10809.212045014146, 0.01020408163265306, 0.01020408163265306, 0.011224489795918368],
[29, 0.4809032000000001, 10808.403128700198, 0.0, 0.01020408163265306, 0.011224489795918368],
[30, 0.4939808010000001, 10809.224176684642, 0.01020408163265306, 0.01020408163265306, 0.011224489795918368],
[31, 0.507502301, 10808.394820481883, 0.02040816326530612, 0.018367346938775512, 0.014285714285714285],
[32, 0.520194801, 10809.232106775868, 0.01020408163265306, 0.006122448979591836, 0.01020408163265306],
[33, 0.5346303010000001, 10808.385178475437, 0.0, 0.014285714285714285, 0.012244897959183673],
[34, 0.5477222010000001, 10809.243014424645, 0.01020408163265306, 0.014285714285714285, 0.01020408163265306],
[35, 0.5615830000000002, 10808.379726887217, 0.0, 0.006122448979591836, 0.007142857142857143],
[36, 0.5751164000000002, 10809.246131287726, 0.030612244897959183, 0.014285714285714285, 0.01020408163265306],
[37, 0.5894831000000001, 10808.375290912609, 0.01020408163265306, 0.006122448979591836, 0.007142857142857143],
[38, 0.6050144000000002, 10809.246836397962, 0.01020408163265306, 0.012244897959183673, 0.00816326530612245],
[39, 0.6183243000000002, 10808.375542241514, 0.0, 0.0020408163265306124, 0.006122448979591836],
[40, 0.6322846010000002, 10809.249357842047, 0.030612244897959183, 0.006122448979591836, 0.00816326530612245],
[41, 0.6459159010000002, 10808.368859685392, 0.01020408163265306, 0.014285714285714285, 0.0163265306122449],
[42, 0.6597941010000001, 10809.25747890239, 0.01020408163265306, 0.012244897959183673, 0.012244897959183673],
[43, 0.6727923010000001, 10808.362907179939, 0.01020408163265306, 0.01020408163265306, 0.01326530612244898],
[44, 0.6857832010000001, 10809.266985773409, 0.0, 0.00816326530612245, 0.012244897959183673],
[45, 0.7016536010000001, 10808.3539766743, 0.01020408163265306, 0.012244897959183673, 0.015306122448979591],
[46, 0.714067101, 10809.276004550899, 0.0, 0.006122448979591836, 0.01020408163265306],
[47, 0.7274633, 10808.345161652327, 0.02040816326530612, 0.012244897959183673, 0.011224489795918368],
[48, 0.7414283, 10809.283587999767, 0.030612244897959183, 0.0163265306122449, 0.0163265306122449],
[49, 0.7557626000000001, 10808.336114758898, 0.02040816326530612, 0.02040816326530612, 0.018367346938775512],
[50, 0.7705707, 10809.296101489612, 0.01020408163265306, 0.014285714285714285, 0.009183673469387756],
[51, 0.7832017, 10808.32625588454, 0.01020408163265306, 0.006122448979591836, 0.004081632653061225],
[52, 0.7948519000000001, 10809.307576078383, 0.01020408163265306, 0.00816326530612245, 0.009183673469387756],
[53, 0.8080146, 10808.316276513651, 0.02040816326530612, 0.006122448979591836, 0.007142857142857143],
[54, 0.821832001, 10809.314047394111, 0.02040816326530612, 0.018367346938775512, 0.02040816326530612],
[55, 0.834584601, 10808.308089048964, 0.01020408163265306, 0.018367346938775512, 0.015306122448979591],
[56, 0.849024101, 10809.324484238849, 0.030612244897959183, 0.02040816326530612, 0.019387755102040816],
[57, 0.8616308, 10808.300191282575, 0.01020408163265306, 0.0163265306122449, 0.01326530612244898],
[58, 0.873829501, 10809.32967116004, 0.02040816326530612, 0.014285714285714285, 0.011224489795918368],
[59, 0.886827901, 10808.295229772664, 0.0, 0.006122448979591836, 0.00816326530612245],
[60, 0.9008039999999999, 10809.332940610757, 0.01020408163265306, 0.004081632653061225, 0.012244897959183673],
[61, 0.9151161999999999, 10808.296778326243, 0.0, 0.0020408163265306124, 0.006122448979591836],
[62, 0.9277568989999999, 10809.335065475509, 0.01020408163265306, 0.014285714285714285, 0.014285714285714285],
[63, 0.9407725989999999, 10808.28872232204, 0.0, 0.00816326530612245, 0.012244897959183673],
[64, 0.9709064989999999, 10809.341756436217, 0.0, 0.00816326530612245, 0.01020408163265306],
[65, 0.983123899, 10808.281490027424, 0.01020408163265306, 0.02040816326530612, 0.0163265306122449],
[66, 0.998194099, 10809.348339052254, 0.030612244897959183, 0.01020408163265306, 0.011224489795918368],
[67, 1.013904699, 10808.278171481807, 0.01020408163265306, 0.004081632653061225, 0.007142857142857143],
[68, 1.025502199, 10809.353847181543, 0.01020408163265306, 0.014285714285714285, 0.018367346938775512],
[69, 1.0394926, 10808.272848562658, 0.030612244897959183, 0.0163265306122449, 0.015306122448979591],
[70, 1.052695299, 10809.364009559551, 0.01020408163265306, 0.006122448979591836, 0.007142857142857143],
[71, 1.064562198, 10808.264677744812, 0.01020408163265306, 0.0163265306122449, 0.014285714285714285],
[72, 1.0767568969999999, 10809.367539584124, 0.01020408163265306, 0.006122448979591836, 0.007142857142857143],
[73, 1.0892064959999999, 10808.261735048356, 0.02040816326530612, 0.0163265306122449, 0.01326530612244898],
[74, 1.1010525969999998, 10809.371502525932, 0.0, 0.0163265306122449, 0.009183673469387756],
[75, 1.1122615969999998, 10808.256526990632, 0.02040816326530612, 0.014285714285714285, 0.007142857142857143],
[76, 1.125239897, 10809.379201653996, 0.01020408163265306, 0.012244897959183673, 0.00816326530612245],
[77, 1.138089997, 10808.251508487401, 0.0, 0.014285714285714285, 0.012244897959183673],
[78, 1.152165996, 10809.384749576868, 0.0, 0.004081632653061225, 0.007142857142857143],
[79, 1.164514896, 10808.243245840253, 0.0, 0.01020408163265306, 0.014285714285714285],
[80, 1.178580196, 10809.388715385794, 0.02040816326530612, 0.014285714285714285, 0.019387755102040816],
[81, 1.1916501959999999, 10808.245025793001, 0.01020408163265306, 0.00816326530612245, 0.012244897959183673],
[82, 1.204193696, 10809.389161478333, 0.01020408163265306, 0.0163265306122449, 0.015306122448979591],
[83, 1.216536096, 10808.239093954207, 0.02040816326530612, 0.006122448979591836, 0.011224489795918368],
[84, 1.231651497, 10809.396203500395, 0.030612244897959183, 0.014285714285714285, 0.009183673469387756],
[85, 1.243682297, 10808.235146422498, 0.01020408163265306, 0.01020408163265306, 0.006122448979591836],
[86, 1.2558188970000002, 10809.397895633141, 0.0, 0.006122448979591836, 0.006122448979591836],
[87, 1.269053098, 10808.230184287051, 0.01020408163265306, 0.01020408163265306, 0.011224489795918368],
[88, 1.2832885980000002, 10809.404333976758, 0.0, 0.00816326530612245, 0.009183673469387756],
[89, 1.2954800970000002, 10808.230473680516, 0.01020408163265306, 0.012244897959183673, 0.011224489795918368],
[90, 1.3079385970000001, 10809.407173545344, 0.01020408163265306, 0.014285714285714285, 0.015306122448979591],
[91, 1.321030697, 10808.224029233357, 0.01020408163265306, 0.006122448979591836, 0.009183673469387756],
[92, 1.3346488970000001, 10809.413204278355, 0.0, 0.01020408163265306, 0.009183673469387756],
[93, 1.3482834970000002, 10808.222156130036, 0.01020408163265306, 0.01020408163265306, 0.00816326530612245],
[94, 1.3615155970000001, 10809.416785520514, 0.02040816326530612, 0.0163265306122449, 0.015306122448979591],
[95, 1.3745993970000001, 10808.214391097132, 0.01020408163265306, 0.0020408163265306124, 0.004081632653061225],
[96, 1.387166997, 10809.424966693783, 0.01020408163265306, 0.00816326530612245, 0.011224489795918368],
[97, 1.399733497, 10808.206142637979, 0.02040816326530612, 0.006122448979591836, 0.01020408163265306],
[98, 1.413201897, 10809.432683705645, 0.01020408163265306, 0.014285714285714285, 0.015306122448979591],
[99, 1.427042497, 10808.200435011197, 0.0, 0.006122448979591836, 0.01020408163265306],
[100, 1.440549897, 10809.43640833094, 0.0, 0.012244897959183673, 0.011224489795918368],
[101, 1.453894797, 10808.19551205434, 0.02040816326530612, 0.01020408163265306, 0.011224489795918368],
[102, 1.468746497, 10809.442033848793, 0.02040816326530612, 0.02040816326530612, 0.0163265306122449],
[103, 1.481931298, 10808.19416009024, 0.01020408163265306, 0.004081632653061225, 0.007142857142857143],
[104, 1.4954603979999999, 10809.44484648208, 0.04081632653061224, 0.030612244897959183, 0.024489795918367346],
[105, 1.5835498979999998, 10808.188950011565, 0.0, 0.0020408163265306124, 0.00510204081632653],
[106, 1.5970869979999998, 10809.445935503687, 0.0, 0.00816326530612245, 0.012244897959183673],
[107, 1.6094149979999997, 10808.188795883594, 0.01020408163265306, 0.006122448979591836, 0.006122448979591836],
[108, 1.6238108979999997, 10809.450336158092, 0.01020408163265306, 0.00816326530612245, 0.007142857142857143],
[109, 1.6364685979999998, 10808.186024798895, 0.02040816326530612, 0.01020408163265306, 0.011224489795918368],
[110, 1.6494103979999997, 10809.456592931105, 0.02040816326530612, 0.014285714285714285, 0.01020408163265306],
[111, 1.6615552979999997, 10808.177347591669, 0.01020408163265306, 0.014285714285714285, 0.011224489795918368],
[112, 1.6782636979999996, 10809.463375317257, 0.01020408163265306, 0.0163265306122449, 0.014285714285714285],
[113, 1.6939257979999995, 10808.174027521689, 0.04081632653061224, 0.022448979591836737, 0.015306122448979591],
[114, 1.7071275979999996, 10809.46823245881, 0.01020408163265306, 0.006122448979591836, 0.007142857142857143],
[115, 1.7226023979999996, 10808.163946432855, 0.01020408163265306, 0.01020408163265306, 0.007142857142857143],
[116, 1.7365474979999995, 10809.477057159016, 0.01020408163265306, 0.00816326530612245, 0.009183673469387756],
[117, 1.7502502969999996, 10808.159299520421, 0.0, 0.00816326530612245, 0.014285714285714285],
[118, 1.7644514969999996, 10809.481092245189, 0.02040816326530612, 0.012244897959183673, 0.01020408163265306],
[119, 1.7789353969999997, 10808.155945873683, 0.02040816326530612, 0.01020408163265306, 0.012244897959183673],
[120, 1.7918355969999997, 10809.487022240124, 0.030612244897959183, 0.018367346938775512, 0.012244897959183673],
[121, 1.8045641969999997, 10808.150461564872, 0.0, 0.018367346938775512, 0.019387755102040816],
