rank: 30, ratio of 0 vs 1: 3, lambda:5, learning_rate: 0.2
iter time objective_function precision@K = 1, 5, 10
[0,11226.96609368124, 0.0 0.01020408163265306 0.009183673469387756],
[1, 0.0137903, 11117.957298018391, 0.01020408163265306, 0.01020408163265306, 0.011224489795918368],
[2, 0.026215000000000002, 11054.860966706126, 0.030612244897959183, 0.018367346938775512, 0.015306122448979591],
[3, 0.040001901000000006, 11001.004747034389, 0.01020408163265306, 0.012244897959183673, 0.011224489795918368],
[4, 0.054928301000000006, 10952.802951576627, 0.01020408163265306, 0.012244897959183673, 0.007142857142857143],
[5, 0.068754401, 10909.698873585625, 0.01020408163265306, 0.01020408163265306, 0.011224489795918368],
[6, 0.083886501, 10870.710122122888, 0.02040816326530612, 0.006122448979591836, 0.007142857142857143],
[7, 0.097177501, 10837.612853177285, 0.0, 0.006122448979591836, 0.007142857142857143],
[8, 0.111178101, 10819.536751185398, 0.0, 0.004081632653061225, 0.006122448979591836],
[9, 0.123023402, 10811.300195589893, 0.01020408163265306, 0.00816326530612245, 0.00510204081632653],
[10, 0.136220501, 10809.267515189138, 0.0, 0.006122448979591836, 0.009183673469387756],
[11, 0.150198901, 10807.944760507555, 0.030612244897959183, 0.012244897959183673, 0.01326530612244898],
[12, 0.163808401, 10806.990950801113, 0.01020408163265306, 0.00816326530612245, 0.007142857142857143],
[13, 0.177308201, 10805.847420825012, 0.0, 0.006122448979591836, 0.00510204081632653],
[14, 0.190684601, 10805.230781370396, 0.02040816326530612, 0.01020408163265306, 0.00816326530612245],
[15, 0.204375201, 10804.258322062415, 0.01020408163265306, 0.00816326530612245, 0.009183673469387756],
[16, 0.22463840100000002, 10803.414681167777, 0.01020408163265306, 0.004081632653061225, 0.00510204081632653],
[17, 0.23824250000000002, 10802.887029874852, 0.01020408163265306, 0.00816326530612245, 0.009183673469387756],
[18, 0.25186590000000003, 10802.274959041593, 0.01020408163265306, 0.00816326530612245, 0.007142857142857143],
[19, 0.26497240000000005, 10801.744250563901, 0.02040816326530612, 0.014285714285714285, 0.01020408163265306],
[20, 0.27784670000000006, 10801.151268668169, 0.01020408163265306, 0.014285714285714285, 0.01326530612244898],
[21, 0.29365060100000007, 10800.835839545, 0.0, 0.0020408163265306124, 0.003061224489795918],
[22, 0.30768490100000007, 10800.45589476008, 0.02040816326530612, 0.018367346938775512, 0.012244897959183673],
[23, 0.32005550200000005, 10800.010594444575, 0.02040816326530612, 0.012244897959183673, 0.01326530612244898],
[24, 0.332475002, 10799.691223622898, 0.01020408163265306, 0.004081632653061225, 0.00510204081632653],
[25, 0.345973802, 10799.449765467578, 0.0, 0.00816326530612245, 0.007142857142857143],
[26, 0.359855303, 10799.23911502844, 0.0, 0.0020408163265306124, 0.007142857142857143],
[27, 0.372520302, 10798.8750685394, 0.0, 0.006122448979591836, 0.009183673469387756],
[28, 0.386853102, 10798.770352033745, 0.02040816326530612, 0.0163265306122449, 0.01020408163265306],
[29, 0.400069402, 10798.539324112133, 0.0, 0.0020408163265306124, 0.00510204081632653],
[30, 0.412922502, 10798.419001213819, 0.030612244897959183, 0.00816326530612245, 0.006122448979591836],
[31, 0.426315602, 10798.166185289008, 0.0, 0.00816326530612245, 0.01020408163265306],
[32, 0.440118703, 10798.098781731167, 0.02040816326530612, 0.012244897959183673, 0.012244897959183673],
[33, 0.452354503, 10797.958724954546, 0.030612244897959183, 0.018367346938775512, 0.012244897959183673],
[34, 0.46474640300000003, 10797.868483274067, 0.01020408163265306, 0.00816326530612245, 0.006122448979591836],
[35, 0.47871220300000006, 10797.701681476281, 0.0, 0.004081632653061225, 0.011224489795918368],
[36, 0.49252400300000004, 10797.666210489071, 0.01020408163265306, 0.014285714285714285, 0.01020408163265306],
[37, 0.506077903, 10797.559879455375, 0.01020408163265306, 0.012244897959183673, 0.015306122448979591],
[38, 0.519032003, 10797.517874649044, 0.0, 0.01020408163265306, 0.009183673469387756],
[39, 0.531225804, 10797.392719422072, 0.01020408163265306, 0.006122448979591836, 0.011224489795918368],
[40, 0.544466104, 10797.384675124438, 0.02040816326530612, 0.014285714285714285, 0.0163265306122449],
[41, 0.5569068039999999, 10797.299860446086, 0.030612244897959183, 0.022448979591836737, 0.0163265306122449],
[42, 0.5709712039999999, 10797.283609201788, 0.01020408163265306, 0.00816326530612245, 0.006122448979591836],
[43, 0.5844159029999999, 10797.195358728952, 0.01020408163265306, 0.014285714285714285, 0.017346938775510204],
[44, 0.597840003, 10797.19131781441, 0.0, 0.006122448979591836, 0.007142857142857143],
[45, 0.611367903, 10797.133582715851, 0.02040816326530612, 0.012244897959183673, 0.00816326530612245],
[46, 0.625389603, 10797.127925473898, 0.01020408163265306, 0.01020408163265306, 0.01020408163265306],
[47, 0.6391871020000001, 10797.065654038197, 0.01020408163265306, 0.0163265306122449, 0.009183673469387756],
[48, 0.652471601, 10797.067246615357, 0.0, 0.012244897959183673, 0.009183673469387756],
[49, 0.666363802, 10797.024770958566, 0.02040816326530612, 0.014285714285714285, 0.01326530612244898],
[50, 0.679679202, 10797.023961496034, 0.0, 0.00816326530612245, 0.007142857142857143],
[51, 0.694090802, 10796.979989496256, 0.0, 0.014285714285714285, 0.012244897959183673],
[52, 0.7076013029999999, 10796.984092838298, 0.0, 0.012244897959183673, 0.009183673469387756],
[53, 0.7234142029999999, 10796.955155108762, 0.0, 0.004081632653061225, 0.006122448979591836],
[54, 0.7372198029999999, 10796.955310825451, 0.01020408163265306, 0.006122448979591836, 0.006122448979591836],
[55, 0.7510097029999999, 10796.925980424503, 0.01020408163265306, 0.02040816326530612, 0.014285714285714285],
[56, 0.7651282039999999, 10796.928802187216, 0.02040816326530612, 0.012244897959183673, 0.00816326530612245],
[57, 0.7919366039999999, 10796.909440767935, 0.01020408163265306, 0.01020408163265306, 0.015306122448979591],
[58, 0.8059328039999999, 10796.909487096815, 0.02040816326530612, 0.01020408163265306, 0.00816326530612245],
[59, 0.8189523039999999, 10796.890229986031, 0.01020408163265306, 0.018367346938775512, 0.015306122448979591],
[60, 0.8326669039999999, 10796.892315802148, 0.04081632653061224, 0.014285714285714285, 0.012244897959183673],
[61, 0.8457802029999999, 10796.87952139057, 0.030612244897959183, 0.01020408163265306, 0.015306122448979591],
[62, 0.8588680029999999, 10796.87948950783, 0.02040816326530612, 0.01020408163265306, 0.012244897959183673],
[63, 0.8729121019999999, 10796.867080228061, 0.01020408163265306, 0.0163265306122449, 0.015306122448979591],
[64, 0.8866991019999999, 10796.868259371304, 0.02040816326530612, 0.00816326530612245, 0.011224489795918368],
[65, 0.8988424009999999, 10796.859955496513, 0.030612244897959183, 0.02040816326530612, 0.014285714285714285],
[66, 0.9127041999999999, 10796.859937861067, 0.030612244897959183, 0.012244897959183673, 0.012244897959183673],
[67, 0.9247380999999999, 10796.851622678112, 0.02040816326530612, 0.01020408163265306, 0.012244897959183673],
[68, 0.9378816999999999, 10796.852487800008, 0.01020408163265306, 0.012244897959183673, 0.009183673469387756],
[69, 0.9515954999999999, 10796.847104662502, 0.030612244897959183, 0.024489795918367346, 0.019387755102040816],
[70, 0.9675290999999999, 10796.846994206659, 0.01020408163265306, 0.0163265306122449, 0.01326530612244898],
[71, 0.982046699, 10796.841659450638, 0.02040816326530612, 0.01020408163265306, 0.015306122448979591],
[72, 0.995285099, 10796.842219862348, 0.02040816326530612, 0.0163265306122449, 0.01326530612244898],
[73, 1.008036199, 10796.838602100508, 0.01020408163265306, 0.006122448979591836, 0.006122448979591836],
[74, 1.021221, 10796.838632919851, 0.01020408163265306, 0.01020408163265306, 0.009183673469387756],
[75, 1.0338148, 10796.83500376868, 0.01020408163265306, 0.01020408163265306, 0.009183673469387756],
[76, 1.0463846, 10796.835394660156, 0.01020408163265306, 0.014285714285714285, 0.012244897959183673],
[77, 1.0589787990000001, 10796.833054572227, 0.0, 0.012244897959183673, 0.01020408163265306],
[78, 1.071138098, 10796.833046615438, 0.02040816326530612, 0.01020408163265306, 0.009183673469387756],
[79, 1.082991897, 10796.830747931663, 0.01020408163265306, 0.01020408163265306, 0.006122448979591836],
[80, 1.0953905970000002, 10796.830982470949, 0.0, 0.00816326530612245, 0.00816326530612245],
[81, 1.108867097, 10796.829433139099, 0.01020408163265306, 0.00816326530612245, 0.012244897959183673],
[82, 1.122628497, 10796.829420808977, 0.02040816326530612, 0.012244897959183673, 0.011224489795918368],
[83, 1.135918597, 10796.827880096038, 0.01020408163265306, 0.00816326530612245, 0.007142857142857143],
[84, 1.149504697, 10796.828035382423, 0.02040816326530612, 0.0163265306122449, 0.015306122448979591],
[85, 1.162815497, 10796.827036725555, 0.01020408163265306, 0.01020408163265306, 0.007142857142857143],
[86, 1.176035696, 10796.827019589455, 0.02040816326530612, 0.00816326530612245, 0.007142857142857143],
[87, 1.188759297, 10796.826044708732, 0.04081632653061224, 0.02040816326530612, 0.0163265306122449],
[88, 1.201700097, 10796.826140615103, 0.01020408163265306, 0.01020408163265306, 0.012244897959183673],
[89, 1.215110097, 10796.825470427824, 0.02040816326530612, 0.014285714285714285, 0.012244897959183673],
[90, 1.2285741959999998, 10796.825479723422, 0.02040816326530612, 0.01020408163265306, 0.01326530612244898],
[91, 1.2415042959999998, 10796.824795616927, 0.02040816326530612, 0.006122448979591836, 0.009183673469387756],
[92, 1.2558262959999997, 10796.824873250567, 0.02040816326530612, 0.00816326530612245, 0.00816326530612245],
[93, 1.2694494959999998, 10796.824443749942, 0.02040816326530612, 0.0163265306122449, 0.02040816326530612],
[94, 1.2812485959999997, 10796.824436751916, 0.030612244897959183, 0.01020408163265306, 0.014285714285714285],
[95, 1.2943754949999997, 10796.824018135776, 0.02040816326530612, 0.01020408163265306, 0.009183673469387756],
[96, 1.3084700959999997, 10796.824054050197, 0.01020408163265306, 0.00816326530612245, 0.00816326530612245],
[97, 1.3232146949999997, 10796.823769866254, 0.02040816326530612, 0.012244897959183673, 0.01326530612244898],
[98, 1.4285932949999998, 10796.823769405975, 0.01020408163265306, 0.012244897959183673, 0.007142857142857143],
[99, 1.4444541949999998, 10796.823479638299, 0.02040816326530612, 0.014285714285714285, 0.01326530612244898],
[100, 1.4589861949999998, 10796.823512351664, 0.0, 0.012244897959183673, 0.01020408163265306],
[101, 1.4725066939999998, 10796.823325828767, 0.02040816326530612, 0.012244897959183673, 0.01326530612244898],
[102, 1.4849713939999998, 10796.823323987752, 0.01020408163265306, 0.012244897959183673, 0.01020408163265306],
[103, 1.4984499939999998, 10796.82314240498, 0.0, 0.00816326530612245, 0.011224489795918368],
[104, 1.5117940939999999, 10796.823158855805, 0.0, 0.00816326530612245, 0.006122448979591836],
[105, 1.5266774939999999, 10796.823035403298, 0.0, 0.004081632653061225, 0.007142857142857143],
[106, 1.5401779939999998, 10796.823037215427, 0.01020408163265306, 0.006122448979591836, 0.004081632653061225],
[107, 1.5534547949999997, 10796.822911590421, 0.0, 0.006122448979591836, 0.009183673469387756],
[108, 1.5659097939999997, 10796.822925089215, 0.0, 0.006122448979591836, 0.007142857142857143],
[109, 1.5786466939999997, 10796.82284565481, 0.01020408163265306, 0.004081632653061225, 0.01020408163265306],
[110, 1.5917692939999997, 10796.822844382503, 0.0, 0.01020408163265306, 0.01020408163265306],
[111, 1.6056547939999997, 10796.822765878593, 0.01020408163265306, 0.006122448979591836, 0.00816326530612245],
[112, 1.6195645939999996, 10796.822773458933, 0.01020408163265306, 0.00816326530612245, 0.00816326530612245],
[113, 1.6328136939999995, 10796.822720356653, 0.0, 0.014285714285714285, 0.014285714285714285],
[114, 1.6457682939999996, 10796.822720397839, 0.0, 0.00816326530612245, 0.011224489795918368],
[115, 1.6596880939999996, 10796.822667305289, 0.02040816326530612, 0.0163265306122449, 0.01326530612244898],
[116, 1.6729494939999996, 10796.822673012068, 0.01020408163265306, 0.018367346938775512, 0.019387755102040816],
[117, 1.6851631929999995, 10796.82263848775, 0.02040816326530612, 0.012244897959183673, 0.009183673469387756],
[118, 1.6984234929999995, 10796.822637923447, 0.01020408163265306, 0.00816326530612245, 0.011224489795918368],
[119, 1.7120547939999995, 10796.822604013987, 0.01020408163265306, 0.012244897959183673, 0.009183673469387756],
[120, 1.7255042929999995, 10796.822607319062, 0.01020408163265306, 0.00816326530612245, 0.009183673469387756],
[121, 1.7387894929999996, 10796.822584645466, 0.0, 0.0020408163265306124, 0.011224489795918368],
