rank: 30, ratio of 0 vs 1: 3, lambda:3, learning_rate: 0.2
iter time objective_function precision@K = 1, 5, 10
[0,11055.489509138855, 0.0 0.01020408163265306 0.009183673469387756],
[1, 0.0133242, 11011.612416260607, 0.0, 0.012244897959183673, 0.01020408163265306],
[2, 0.026087699, 10986.11053712469, 0.0, 0.01020408163265306, 0.015306122448979591],
[3, 0.038813798999999996, 10967.260321661262, 0.01020408163265306, 0.006122448979591836, 0.01020408163265306],
[4, 0.055717798, 10951.954719126388, 0.01020408163265306, 0.01020408163265306, 0.011224489795918368],
[5, 0.068661399, 10939.622589180291, 0.0, 0.01020408163265306, 0.012244897959183673],
[6, 0.082152499, 10929.127039424353, 0.01020408163265306, 0.006122448979591836, 0.007142857142857143],
[7, 0.09791569900000001, 10920.54100759101, 0.0, 0.006122448979591836, 0.006122448979591836],
[8, 0.11090609900000001, 10912.984115450698, 0.0, 0.006122448979591836, 0.006122448979591836],
[9, 0.12703249900000002, 10906.68058937117, 0.01020408163265306, 0.004081632653061225, 0.00510204081632653],
[10, 0.13923599900000003, 10901.096540714312, 0.0, 0.006122448979591836, 0.004081632653061225],
[11, 0.15267769900000003, 10896.762810023945, 0.01020408163265306, 0.004081632653061225, 0.00510204081632653],
[12, 0.16585229900000004, 10892.819753849639, 0.01020408163265306, 0.0020408163265306124, 0.006122448979591836],
[13, 0.17949940000000003, 10889.535514955858, 0.01020408163265306, 0.0020408163265306124, 0.004081632653061225],
[14, 0.19339570000000003, 10886.797829251711, 0.01020408163265306, 0.0020408163265306124, 0.006122448979591836],
[15, 0.20897500000000002, 10884.537052575823, 0.0, 0.004081632653061225, 0.00510204081632653],
[16, 0.2219462, 10882.360755964644, 0.0, 0.004081632653061225, 0.00510204081632653],
[17, 0.23612960100000002, 10880.761298151368, 0.0, 0.004081632653061225, 0.006122448979591836],
[18, 0.33776010100000003, 10879.337837131627, 0.0, 0.006122448979591836, 0.007142857142857143],
[19, 0.35274520000000004, 10877.913850101497, 0.0, 0.006122448979591836, 0.007142857142857143],
[20, 0.36612960000000006, 10876.859349975695, 0.0, 0.006122448979591836, 0.00816326530612245],
[21, 0.37969970000000003, 10876.137232171663, 0.0, 0.006122448979591836, 0.00816326530612245],
[22, 0.3918049, 10875.305562041945, 0.0, 0.00816326530612245, 0.009183673469387756],
[23, 0.4050161, 10874.49772557169, 0.0, 0.00816326530612245, 0.00816326530612245],
[24, 0.4181566, 10874.185752274994, 0.0, 0.00816326530612245, 0.00816326530612245],
[25, 0.430543301, 10873.518208449797, 0.01020408163265306, 0.00816326530612245, 0.00816326530612245],
[26, 0.444199702, 10873.07059775639, 0.01020408163265306, 0.00816326530612245, 0.00816326530612245],
[27, 0.456833402, 10872.963004346144, 0.01020408163265306, 0.00816326530612245, 0.00816326530612245],
[28, 0.470350303, 10872.4899753957, 0.01020408163265306, 0.00816326530612245, 0.00816326530612245],
[29, 0.485936703, 10872.402515853624, 0.01020408163265306, 0.00816326530612245, 0.00816326530612245],
[30, 0.49854590400000004, 10872.222319732655, 0.01020408163265306, 0.00816326530612245, 0.00816326530612245],
[31, 0.512935703, 10872.026957534768, 0.01020408163265306, 0.00816326530612245, 0.00816326530612245],
[32, 0.526998504, 10871.792107367983, 0.01020408163265306, 0.00816326530612245, 0.00816326530612245],
[33, 0.539396004, 10871.687853058824, 0.01020408163265306, 0.00816326530612245, 0.00816326530612245],
[34, 0.551864304, 10871.637459848942, 0.01020408163265306, 0.00816326530612245, 0.00816326530612245],
[35, 0.5643004039999999, 10871.442939351786, 0.01020408163265306, 0.00816326530612245, 0.00816326530612245],
[36, 0.5777985039999999, 10871.30024149265, 0.01020408163265306, 0.00816326530612245, 0.00816326530612245],
[37, 0.5907266029999999, 10871.200281602194, 0.01020408163265306, 0.00816326530612245, 0.00816326530612245],
[38, 0.6040860039999999, 10871.193045403914, 0.01020408163265306, 0.00816326530612245, 0.00816326530612245],
[39, 0.6178304039999999, 10871.180234353506, 0.01020408163265306, 0.00816326530612245, 0.00816326530612245],
[40, 0.6329495039999999, 10871.035914720487, 0.01020408163265306, 0.00816326530612245, 0.00816326530612245],
[41, 0.6464665049999999, 10871.057637618356, 0.01020408163265306, 0.00816326530612245, 0.00816326530612245],
[42, 0.660491906, 10871.020967488526, 0.01020408163265306, 0.00816326530612245, 0.00816326530612245],
[43, 0.675095706, 10871.049166450493, 0.01020408163265306, 0.00816326530612245, 0.00816326530612245],
[44, 0.688915207, 10870.975848398897, 0.01020408163265306, 0.00816326530612245, 0.00816326530612245],
[45, 0.7017078059999999, 10871.032726114023, 0.01020408163265306, 0.00816326530612245, 0.00816326530612245],
[46, 0.7158289059999999, 10870.930075548546, 0.01020408163265306, 0.00816326530612245, 0.00816326530612245],
[47, 0.7300663059999999, 10871.007574621073, 0.01020408163265306, 0.00816326530612245, 0.00816326530612245],
[48, 0.7437283049999999, 10870.934844278929, 0.01020408163265306, 0.00816326530612245, 0.00816326530612245],
[49, 0.7579001049999998, 10871.110813753858, 0.01020408163265306, 0.00816326530612245, 0.00816326530612245],
[50, 0.7707463059999998, 10870.950678649147, 0.01020408163265306, 0.00816326530612245, 0.00816326530612245],
[51, 0.7831586059999999, 10870.971800763858, 0.01020408163265306, 0.00816326530612245, 0.00816326530612245],
[52, 0.7955286059999999, 10870.883477071096, 0.01020408163265306, 0.00816326530612245, 0.00816326530612245],
[53, 0.8078070049999999, 10871.053903105767, 0.01020408163265306, 0.00816326530612245, 0.00816326530612245],
[54, 0.8219986049999999, 10870.879010175375, 0.01020408163265306, 0.00816326530612245, 0.00816326530612245],
[55, 0.8346615049999999, 10871.051528701179, 0.01020408163265306, 0.00816326530612245, 0.00816326530612245],
[56, 0.846635505, 10871.01875755469, 0.01020408163265306, 0.00816326530612245, 0.00816326530612245],
[57, 0.8594154049999999, 10870.925524267715, 0.01020408163265306, 0.00816326530612245, 0.00816326530612245],
[58, 0.8729349049999999, 10870.884243218432, 0.01020408163265306, 0.00816326530612245, 0.00816326530612245],
[59, 0.894205105, 10870.83215212475, 0.01020408163265306, 0.00816326530612245, 0.00816326530612245],
[60, 0.9074545039999999, 10870.864072272117, 0.01020408163265306, 0.00816326530612245, 0.00816326530612245],
[61, 0.920526604, 10870.925058234923, 0.01020408163265306, 0.00816326530612245, 0.00816326530612245],
[62, 0.9353734029999999, 10870.871398642083, 0.01020408163265306, 0.00816326530612245, 0.00816326530612245],
[63, 0.9481310019999999, 10870.976308117584, 0.01020408163265306, 0.00816326530612245, 0.00816326530612245],
[64, 0.9620045019999999, 10870.866929373353, 0.01020408163265306, 0.00816326530612245, 0.00816326530612245],
[65, 0.9752334009999999, 10870.899518602128, 0.01020408163265306, 0.00816326530612245, 0.00816326530612245],
[66, 0.9887376999999999, 10871.0411257795, 0.01020408163265306, 0.00816326530612245, 0.00816326530612245],
[67, 1.002057, 10871.022332417613, 0.01020408163265306, 0.00816326530612245, 0.00816326530612245],
[68, 1.016024099, 10870.858014017776, 0.01020408163265306, 0.00816326530612245, 0.00816326530612245],
[69, 1.029242499, 10870.94440004006, 0.01020408163265306, 0.00816326530612245, 0.00816326530612245],
[70, 1.042745998, 10870.96896050324, 0.01020408163265306, 0.00816326530612245, 0.00816326530612245],
[71, 1.057127199, 10870.933934462693, 0.01020408163265306, 0.00816326530612245, 0.00816326530612245],
[72, 1.071724899, 10870.919176762847, 0.01020408163265306, 0.00816326530612245, 0.00816326530612245],
[73, 1.084824699, 10870.87058070662, 0.01020408163265306, 0.00816326530612245, 0.00816326530612245],
[74, 1.099078198, 10870.93796111266, 0.01020408163265306, 0.00816326530612245, 0.00816326530612245],
[75, 1.113170698, 10870.927195430833, 0.01020408163265306, 0.00816326530612245, 0.00816326530612245],
[76, 1.126565797, 10870.859792957102, 0.01020408163265306, 0.00816326530612245, 0.00816326530612245],
[77, 1.138292597, 10870.945265638577, 0.01020408163265306, 0.00816326530612245, 0.00816326530612245],
[78, 1.150640197, 10870.878928231214, 0.01020408163265306, 0.00816326530612245, 0.00816326530612245],
[79, 1.1631092969999999, 10870.978474196421, 0.01020408163265306, 0.00816326530612245, 0.00816326530612245],
[80, 1.1770529969999999, 10870.953830185455, 0.01020408163265306, 0.00816326530612245, 0.00816326530612245],
[81, 1.1893514969999999, 10870.889375677078, 0.01020408163265306, 0.00816326530612245, 0.00816326530612245],
[82, 1.202971997, 10870.881625161, 0.01020408163265306, 0.00816326530612245, 0.00816326530612245],
[83, 1.217692397, 10871.04416071214, 0.01020408163265306, 0.00816326530612245, 0.00816326530612245],
[84, 1.230183997, 10870.970498918588, 0.01020408163265306, 0.00816326530612245, 0.00816326530612245],
[85, 1.244461198, 10870.935669149148, 0.01020408163265306, 0.00816326530612245, 0.00816326530612245],
[86, 1.257168698, 10870.94927991753, 0.01020408163265306, 0.00816326530612245, 0.00816326530612245],
[87, 1.272075198, 10870.903092373577, 0.01020408163265306, 0.00816326530612245, 0.00816326530612245],
[88, 1.285540498, 10870.84112495697, 0.01020408163265306, 0.00816326530612245, 0.00816326530612245],
[89, 1.3002692980000001, 10870.947612954162, 0.01020408163265306, 0.00816326530612245, 0.00816326530612245],
[90, 1.3128487970000002, 10870.958282560197, 0.01020408163265306, 0.00816326530612245, 0.00816326530612245],
[91, 1.3255321970000002, 10870.9605331956, 0.01020408163265306, 0.00816326530612245, 0.00816326530612245],
[92, 1.3392097970000003, 10870.942495848652, 0.01020408163265306, 0.00816326530612245, 0.00816326530612245],
[93, 1.3541109970000003, 10870.927491647557, 0.01020408163265306, 0.00816326530612245, 0.00816326530612245],
[94, 1.3661272970000002, 10871.019473423003, 0.01020408163265306, 0.00816326530612245, 0.00816326530612245],
[95, 1.3786765970000003, 10870.867534353125, 0.01020408163265306, 0.00816326530612245, 0.00816326530612245],
[96, 1.3902645970000003, 10870.89834163922, 0.01020408163265306, 0.00816326530612245, 0.00816326530612245],
[97, 1.4028629970000002, 10870.901635682152, 0.01020408163265306, 0.00816326530612245, 0.00816326530612245],
[98, 1.4145793960000002, 10870.966926331783, 0.01020408163265306, 0.00816326530612245, 0.00816326530612245],
[99, 1.426772697, 10870.982628681093, 0.01020408163265306, 0.00816326530612245, 0.00816326530612245],
[100, 1.453825197, 10870.784427493687, 0.01020408163265306, 0.00816326530612245, 0.00816326530612245],
[101, 1.468685197, 10870.887794791015, 0.01020408163265306, 0.00816326530612245, 0.00816326530612245],
[102, 1.4825559970000002, 10870.92194602955, 0.01020408163265306, 0.00816326530612245, 0.00816326530612245],
[103, 1.4974491960000003, 10870.830213450905, 0.01020408163265306, 0.00816326530612245, 0.00816326530612245],
[104, 1.5113132950000003, 10870.945489539146, 0.01020408163265306, 0.00816326530612245, 0.00816326530612245],
[105, 1.5231061950000004, 10870.929638504616, 0.01020408163265306, 0.00816326530612245, 0.00816326530612245],
[106, 1.5356358940000003, 10870.899325740564, 0.01020408163265306, 0.00816326530612245, 0.00816326530612245],
[107, 1.5492023930000003, 10870.97140974813, 0.01020408163265306, 0.00816326530612245, 0.00816326530612245],
[108, 1.5616760930000002, 10870.997914041225, 0.01020408163265306, 0.00816326530612245, 0.00816326530612245],
[109, 1.5727658920000003, 10871.008911344501, 0.01020408163265306, 0.00816326530612245, 0.00816326530612245],
[110, 1.5850772920000002, 10871.067806492149, 0.01020408163265306, 0.00816326530612245, 0.00816326530612245],
[111, 1.5969253920000002, 10870.874517703536, 0.01020408163265306, 0.00816326530612245, 0.00816326530612245],
[112, 1.608166492, 10870.906945398929, 0.01020408163265306, 0.00816326530612245, 0.00816326530612245],
[113, 1.622221492, 10870.90912809474, 0.01020408163265306, 0.00816326530612245, 0.00816326530612245],
[114, 1.635973291, 10871.003389778132, 0.01020408163265306, 0.00816326530612245, 0.00816326530612245],
[115, 1.650509591, 10870.95065196257, 0.01020408163265306, 0.00816326530612245, 0.00816326530612245],
[116, 1.6633343900000002, 10870.898669422297, 0.01020408163265306, 0.00816326530612245, 0.00816326530612245],
[117, 1.676855589, 10871.01154632677, 0.01020408163265306, 0.00816326530612245, 0.00816326530612245],
[118, 1.690008989, 10870.768307233588, 0.01020408163265306, 0.00816326530612245, 0.00816326530612245],
[119, 1.703441089, 10870.907710568415, 0.01020408163265306, 0.00816326530612245, 0.00816326530612245],
[120, 1.71612669, 10870.861265103413, 0.01020408163265306, 0.00816326530612245, 0.00816326530612245],
[121, 1.729866689, 10870.92201012318, 0.01020408163265306, 0.00816326530612245, 0.00816326530612245],
