rank: 30, ratio of 0 vs 1: 3, lambda:2, learning_rate: 0.2
iter time objective_function precision@K = 1, 5, 10
[0,10969.751216867662, 0.0 0.01020408163265306 0.009183673469387756],
[1, 0.0138261, 10947.691613371615, 0.0, 0.01020408163265306, 0.01020408163265306],
[2, 0.028442299999999997, 10932.41800175087, 0.0, 0.01020408163265306, 0.014285714285714285],
[3, 0.041056101, 10920.128495835344, 0.01020408163265306, 0.006122448979591836, 0.012244897959183673],
[4, 0.055287301, 10909.021619527211, 0.01020408163265306, 0.0163265306122449, 0.012244897959183673],
[5, 0.07025050099999999, 10899.352626731306, 0.0, 0.00816326530612245, 0.012244897959183673],
[6, 0.0839636, 10889.74085349829, 0.01020408163265306, 0.004081632653061225, 0.00510204081632653],
[7, 0.0974467, 10880.825293778, 0.0, 0.006122448979591836, 0.00816326530612245],
[8, 0.11054159999999999, 10871.56892596349, 0.0, 0.006122448979591836, 0.007142857142857143],
[9, 0.12417239999999999, 10862.583022879555, 0.01020408163265306, 0.006122448979591836, 0.00816326530612245],
[10, 0.136836199, 10853.53210130661, 0.01020408163265306, 0.01020408163265306, 0.007142857142857143],
[11, 0.150285399, 10845.078742060094, 0.02040816326530612, 0.01020408163265306, 0.007142857142857143],
[12, 0.163790799, 10836.34491798684, 0.030612244897959183, 0.012244897959183673, 0.01020408163265306],
[13, 0.17748109899999998, 10827.68838844243, 0.01020408163265306, 0.014285714285714285, 0.011224489795918368],
[14, 0.190956, 10819.756713309831, 0.030612244897959183, 0.014285714285714285, 0.012244897959183673],
[15, 0.2054228, 10813.839550960345, 0.02040816326530612, 0.014285714285714285, 0.012244897959183673],
[16, 0.2893117, 10808.911361872408, 0.02040816326530612, 0.0163265306122449, 0.011224489795918368],
[17, 0.3031815, 10806.590456233373, 0.030612244897959183, 0.012244897959183673, 0.011224489795918368],
[18, 0.315752199, 10804.245264246001, 0.04081632653061224, 0.022448979591836737, 0.019387755102040816],
[19, 0.327674198, 10803.560530980065, 0.02040816326530612, 0.012244897959183673, 0.012244897959183673],
[20, 0.341715498, 10802.354271667937, 0.0, 0.012244897959183673, 0.017346938775510204],
[21, 0.359603598, 10802.59662958528, 0.0, 0.006122448979591836, 0.006122448979591836],
[22, 0.37160499900000005, 10802.109448774985, 0.0, 0.004081632653061225, 0.011224489795918368],
[23, 0.38590709900000003, 10802.400278983221, 0.0, 0.00816326530612245, 0.01020408163265306],
[24, 0.399121498, 10802.026453453293, 0.01020408163265306, 0.006122448979591836, 0.007142857142857143],
[25, 0.41283399800000004, 10802.331986486937, 0.0, 0.00816326530612245, 0.009183673469387756],
[26, 0.42473309900000006, 10802.005666776191, 0.0, 0.004081632653061225, 0.00816326530612245],
[27, 0.43798849900000003, 10802.306465174835, 0.0, 0.004081632653061225, 0.00816326530612245],
[28, 0.450620699, 10802.003486125723, 0.0, 0.0020408163265306124, 0.00816326530612245],
[29, 0.46371640000000003, 10802.296403004033, 0.0, 0.0020408163265306124, 0.007142857142857143],
[30, 0.477106199, 10801.999966116884, 0.01020408163265306, 0.006122448979591836, 0.006122448979591836],
[31, 0.490472798, 10802.295787186096, 0.01020408163265306, 0.00816326530612245, 0.011224489795918368],
[32, 0.504399099, 10801.997934399305, 0.0, 0.012244897959183673, 0.01020408163265306],
[33, 0.517521399, 10802.299705623509, 0.0, 0.006122448979591836, 0.012244897959183673],
[34, 0.5310722990000001, 10801.995500388584, 0.030612244897959183, 0.02040816326530612, 0.015306122448979591],
[35, 0.5454050990000001, 10802.301083530489, 0.01020408163265306, 0.00816326530612245, 0.009183673469387756],
[36, 0.5592054980000001, 10801.993178830086, 0.01020408163265306, 0.012244897959183673, 0.014285714285714285],
[37, 0.5719845990000001, 10802.30402888136, 0.02040816326530612, 0.00816326530612245, 0.01020408163265306],
[38, 0.5859312990000001, 10801.988927940934, 0.0, 0.02653061224489796, 0.019387755102040816],
[39, 0.598672599, 10802.307754978625, 0.0, 0.00816326530612245, 0.007142857142857143],
[40, 0.6121116, 10801.98860089046, 0.0, 0.00816326530612245, 0.009183673469387756],
[41, 0.6259741999999999, 10802.306773565833, 0.030612244897959183, 0.012244897959183673, 0.011224489795918368],
[42, 0.6391522, 10801.986515846362, 0.01020408163265306, 0.00816326530612245, 0.009183673469387756],
[43, 0.6530144, 10802.310258731424, 0.02040816326530612, 0.00816326530612245, 0.01020408163265306],
[44, 0.6663907, 10801.985958125855, 0.02040816326530612, 0.00816326530612245, 0.00816326530612245],
[45, 0.6797278, 10802.313058906571, 0.0, 0.0020408163265306124, 0.003061224489795918],
[46, 0.6935232, 10801.980368697781, 0.030612244897959183, 0.014285714285714285, 0.01020408163265306],
[47, 0.7073718, 10802.317942005928, 0.01020408163265306, 0.0163265306122449, 0.01326530612244898],
[48, 0.7218964999999999, 10801.975775053585, 0.01020408163265306, 0.01020408163265306, 0.012244897959183673],
[49, 0.7363341, 10802.320716952949, 0.02040816326530612, 0.00816326530612245, 0.006122448979591836],
[50, 0.7500222, 10801.973828304588, 0.0, 0.006122448979591836, 0.011224489795918368],
[51, 0.7650371, 10802.323126356408, 0.02040816326530612, 0.018367346938775512, 0.0163265306122449],
[52, 0.7772334000000001, 10801.972750231153, 0.0, 0.004081632653061225, 0.007142857142857143],
[53, 0.7908062000000001, 10802.326977265551, 0.0, 0.0020408163265306124, 0.007142857142857143],
[54, 0.8039238000000001, 10801.966286081288, 0.02040816326530612, 0.00816326530612245, 0.006122448979591836],
[55, 0.8182788000000001, 10802.32964336288, 0.0, 0.004081632653061225, 0.00816326530612245],
[56, 0.8316619000000001, 10801.967430420887, 0.04081632653061224, 0.012244897959183673, 0.00816326530612245],
[57, 0.8625553, 10802.331594827401, 0.02040816326530612, 0.01020408163265306, 0.011224489795918368],
[58, 0.8757163, 10801.96380314542, 0.030612244897959183, 0.01020408163265306, 0.01020408163265306],
[59, 0.8887016, 10802.334466223254, 0.0, 0.00816326530612245, 0.009183673469387756],
[60, 0.9026444, 10801.958601899896, 0.0, 0.00816326530612245, 0.012244897959183673],
[61, 0.9171555, 10802.338406847008, 0.0, 0.006122448979591836, 0.011224489795918368],
[62, 0.9306209990000001, 10801.957209423526, 0.02040816326530612, 0.012244897959183673, 0.01326530612244898],
[63, 0.9451598990000001, 10802.340051176727, 0.01020408163265306, 0.006122448979591836, 0.007142857142857143],
[64, 0.9598917990000001, 10801.956131229583, 0.0, 0.004081632653061225, 0.007142857142857143],
[65, 0.9729974990000001, 10802.340886772277, 0.0, 0.006122448979591836, 0.006122448979591836],
[66, 0.9876950990000001, 10801.95489781967, 0.01020408163265306, 0.012244897959183673, 0.012244897959183673],
[67, 1.002162499, 10802.343631053436, 0.02040816326530612, 0.014285714285714285, 0.00816326530612245],
[68, 1.0157042, 10801.953143951989, 0.0, 0.006122448979591836, 0.00510204081632653],
[69, 1.0306154010000002, 10802.346538404752, 0.0, 0.014285714285714285, 0.01326530612244898],
[70, 1.045097501, 10801.949767783832, 0.0, 0.018367346938775512, 0.01326530612244898],
[71, 1.059282901, 10802.34788053457, 0.0, 0.012244897959183673, 0.012244897959183673],
[72, 1.071919001, 10801.947426743587, 0.01020408163265306, 0.012244897959183673, 0.01020408163265306],
[73, 1.085033301, 10802.351185256312, 0.0, 0.01020408163265306, 0.006122448979591836],
[74, 1.098434101, 10801.947317188575, 0.030612244897959183, 0.02040816326530612, 0.018367346938775512],
[75, 1.113451701, 10802.35080083548, 0.0, 0.004081632653061225, 0.004081632653061225],
[76, 1.127560101, 10801.946721961429, 0.02040816326530612, 0.01020408163265306, 0.009183673469387756],
[77, 1.1416759, 10802.352081788358, 0.04081632653061224, 0.012244897959183673, 0.011224489795918368],
[78, 1.1547787, 10801.944928112322, 0.01020408163265306, 0.006122448979591836, 0.00816326530612245],
[79, 1.1705494, 10802.354046157463, 0.0, 0.0020408163265306124, 0.006122448979591836],
[80, 1.183734501, 10801.942548004552, 0.0, 0.0020408163265306124, 0.00510204081632653],
[81, 1.198917102, 10802.358140517403, 0.01020408163265306, 0.012244897959183673, 0.012244897959183673],
[82, 1.212078703, 10801.940390768103, 0.030612244897959183, 0.01020408163265306, 0.009183673469387756],
[83, 1.225961103, 10802.35939098786, 0.0, 0.012244897959183673, 0.012244897959183673],
[84, 1.237393703, 10801.9376751971, 0.01020408163265306, 0.006122448979591836, 0.01020408163265306],
[85, 1.250257003, 10802.361195505466, 0.01020408163265306, 0.01020408163265306, 0.012244897959183673],
[86, 1.263207704, 10801.935030510582, 0.0, 0.01020408163265306, 0.01020408163265306],
[87, 1.276576804, 10802.36353651739, 0.01020408163265306, 0.01020408163265306, 0.00816326530612245],
[88, 1.292071404, 10801.93291092986, 0.0, 0.01020408163265306, 0.00816326530612245],
[89, 1.304859403, 10802.365425966407, 0.01020408163265306, 0.01020408163265306, 0.009183673469387756],
[90, 1.318551203, 10801.932731548892, 0.0, 0.006122448979591836, 0.007142857142857143],
[91, 1.333160603, 10802.367713183121, 0.02040816326530612, 0.014285714285714285, 0.014285714285714285],
[92, 1.347862402, 10801.927380802095, 0.01020408163265306, 0.014285714285714285, 0.01326530612244898],
[93, 1.362115403, 10802.370348254444, 0.0, 0.01020408163265306, 0.012244897959183673],
[94, 1.375972803, 10801.926147701812, 0.030612244897959183, 0.022448979591836737, 0.014285714285714285],
[95, 1.390862603, 10802.37061957447, 0.030612244897959183, 0.01020408163265306, 0.011224489795918368],
[96, 1.404447302, 10801.925643310768, 0.030612244897959183, 0.0163265306122449, 0.01020408163265306],
[97, 1.417335302, 10802.372435243193, 0.0, 0.012244897959183673, 0.015306122448979591],
[98, 1.4929220019999998, 10801.923310448035, 0.0, 0.012244897959183673, 0.009183673469387756],
[99, 1.5063896019999998, 10802.376794683763, 0.01020408163265306, 0.00816326530612245, 0.01020408163265306],
[100, 1.5205665019999999, 10801.920000045877, 0.01020408163265306, 0.012244897959183673, 0.009183673469387756],
[101, 1.5350506019999999, 10802.381103238153, 0.02040816326530612, 0.01020408163265306, 0.00816326530612245],
[102, 1.550054903, 10801.916794448576, 0.0, 0.004081632653061225, 0.006122448979591836],
[103, 1.563584704, 10802.379776170135, 0.01020408163265306, 0.0163265306122449, 0.015306122448979591],
[104, 1.575461204, 10801.91852447977, 0.01020408163265306, 0.004081632653061225, 0.009183673469387756],
[105, 1.587866704, 10802.378959791211, 0.01020408163265306, 0.014285714285714285, 0.014285714285714285],
[106, 1.600025703, 10801.916205041121, 0.01020408163265306, 0.01020408163265306, 0.01020408163265306],
[107, 1.613785103, 10802.3842239901, 0.0, 0.012244897959183673, 0.009183673469387756],
[108, 1.628184303, 10801.913380172338, 0.01020408163265306, 0.014285714285714285, 0.009183673469387756],
[109, 1.641693902, 10802.386620417223, 0.030612244897959183, 0.02040816326530612, 0.0163265306122449],
[110, 1.6540393020000002, 10801.90963995778, 0.01020408163265306, 0.006122448979591836, 0.01020408163265306],
[111, 1.666231602, 10802.392086417649, 0.01020408163265306, 0.006122448979591836, 0.012244897959183673],
[112, 1.6796947020000002, 10801.906444936847, 0.0, 0.006122448979591836, 0.014285714285714285],
[113, 1.6931829010000001, 10802.392731732902, 0.01020408163265306, 0.01020408163265306, 0.01326530612244898],
[114, 1.7058834010000001, 10801.903946483131, 0.01020408163265306, 0.00816326530612245, 0.012244897959183673],
[115, 1.7189000010000002, 10802.395310648459, 0.02040816326530612, 0.006122448979591836, 0.009183673469387756],
[116, 1.732510001, 10801.90374784825, 0.0, 0.024489795918367346, 0.0163265306122449],
[117, 1.744711901, 10802.397164707825, 0.02040816326530612, 0.01020408163265306, 0.012244897959183673],
[118, 1.757810001, 10801.90132324202, 0.02040816326530612, 0.01020408163265306, 0.012244897959183673],
[119, 1.771732002, 10802.397606751258, 0.02040816326530612, 0.01020408163265306, 0.01326530612244898],
[120, 1.7859835020000001, 10801.901799882899, 0.01020408163265306, 0.004081632653061225, 0.003061224489795918],
[121, 1.7992735020000001, 10802.398302456442, 0.01020408163265306, 0.0163265306122449, 0.00816326530612245],
