rank: 30, ratio of 0 vs 1: 3, lambda:6, learning_rate: 0.2
iter time objective_function precision@K = 1, 5, 10
[0,11312.704385952433, 0.0 0.01020408163265306 0.009183673469387756],
[1, 0.1190417, 11162.575963308867, 0.01020408163265306, 0.012244897959183673, 0.011224489795918368],
[2, 0.13294040000000001, 11084.137905669295, 0.02040816326530612, 0.0163265306122449, 0.019387755102040816],
[3, 0.14604850000000003, 11022.68514080301, 0.01020408163265306, 0.01020408163265306, 0.009183673469387756],
[4, 0.15923530000000002, 10973.650596956735, 0.01020408163265306, 0.00816326530612245, 0.007142857142857143],
[5, 0.1735559, 10934.609183521905, 0.0, 0.01020408163265306, 0.009183673469387756],
[6, 0.1871535, 10903.30533975576, 0.01020408163265306, 0.00816326530612245, 0.007142857142857143],
[7, 0.200593, 10878.26791249863, 0.01020408163265306, 0.006122448979591836, 0.006122448979591836],
[8, 0.21328529999999998, 10858.363881445075, 0.0, 0.00816326530612245, 0.009183673469387756],
[9, 0.22651829999999998, 10844.522651185238, 0.0, 0.004081632653061225, 0.00816326530612245],
[10, 0.23969909999999997, 10833.212045417982, 0.0, 0.01020408163265306, 0.01020408163265306],
[11, 0.2530653, 10826.244718143975, 0.0, 0.006122448979591836, 0.01020408163265306],
[12, 0.26591640099999997, 10820.194355483112, 0.0, 0.004081632653061225, 0.009183673469387756],
[13, 0.27922610099999995, 10816.585421899128, 0.0, 0.006122448979591836, 0.009183673469387756],
[14, 0.2921794999999999, 10813.245209588806, 0.0, 0.004081632653061225, 0.01326530612244898],
[15, 0.3053659999999999, 10811.475129251285, 0.0, 0.006122448979591836, 0.011224489795918368],
[16, 0.3191412999999999, 10809.497460689458, 0.0, 0.006122448979591836, 0.011224489795918368],
[17, 0.3320424999999999, 10808.46980912446, 0.0, 0.006122448979591836, 0.011224489795918368],
[18, 0.3455513989999999, 10807.244631257952, 0.0, 0.006122448979591836, 0.01020408163265306],
[19, 0.35853619899999994, 10806.6706525834, 0.0, 0.006122448979591836, 0.01020408163265306],
[20, 0.37206369899999997, 10805.891903364058, 0.0, 0.004081632653061225, 0.01020408163265306],
[21, 0.38568109899999997, 10805.545127507585, 0.0, 0.004081632653061225, 0.009183673469387756],
[22, 0.39854819799999996, 10805.085943602391, 0.0, 0.00816326530612245, 0.01020408163265306],
[23, 0.41247069799999997, 10804.857494096283, 0.0, 0.006122448979591836, 0.01020408163265306],
[24, 0.42507979799999995, 10804.567848717299, 0.0, 0.00816326530612245, 0.01020408163265306],
[25, 0.43913739799999996, 10804.432658072892, 0.0, 0.00816326530612245, 0.01020408163265306],
[26, 0.45196729799999996, 10804.240109210969, 0.0, 0.00816326530612245, 0.01020408163265306],
[27, 0.464856497, 10804.159293726963, 0.0, 0.00816326530612245, 0.01020408163265306],
[28, 0.478856896, 10804.02536616106, 0.0, 0.00816326530612245, 0.01020408163265306],
[29, 0.492566796, 10803.977747136936, 0.0, 0.00816326530612245, 0.01020408163265306],
[30, 0.5056794969999999, 10803.903199133207, 0.0, 0.00816326530612245, 0.01020408163265306],
[31, 0.518980197, 10803.860994953186, 0.0, 0.00816326530612245, 0.01020408163265306],
[32, 0.532696497, 10803.811801348045, 0.0, 0.00816326530612245, 0.009183673469387756],
[33, 0.545402497, 10803.790992208716, 0.0, 0.00816326530612245, 0.009183673469387756],
[34, 0.558990297, 10803.756747207932, 0.0, 0.00816326530612245, 0.009183673469387756],
[35, 0.571911497, 10803.7415375124, 0.0, 0.00816326530612245, 0.009183673469387756],
[36, 0.584976597, 10803.71877316945, 0.0, 0.00816326530612245, 0.009183673469387756],
[37, 0.5981650970000001, 10803.709501565896, 0.0, 0.00816326530612245, 0.009183673469387756],
[38, 0.6124595970000001, 10803.699581690675, 0.0, 0.00816326530612245, 0.009183673469387756],
[39, 0.6257389970000001, 10803.692977215673, 0.0, 0.00816326530612245, 0.009183673469387756],
[40, 0.6385725970000001, 10803.68350085086, 0.0, 0.00816326530612245, 0.009183673469387756],
[41, 0.6518512970000001, 10803.679094787753, 0.0, 0.00816326530612245, 0.009183673469387756],
[42, 0.6726770970000001, 10803.673890130047, 0.0, 0.00816326530612245, 0.009183673469387756],
[43, 0.6861053960000001, 10803.673028926542, 0.0, 0.00816326530612245, 0.009183673469387756],
[44, 0.6996512960000001, 10803.666147158894, 0.0, 0.00816326530612245, 0.009183673469387756],
[45, 0.7126075960000001, 10803.667075463476, 0.0, 0.00816326530612245, 0.009183673469387756],
[46, 0.7264197970000001, 10803.664645708257, 0.0, 0.00816326530612245, 0.009183673469387756],
[47, 0.7392353970000002, 10803.663191924823, 0.0, 0.00816326530612245, 0.009183673469387756],
[48, 0.7531580970000001, 10803.664490702868, 0.0, 0.00816326530612245, 0.009183673469387756],
[49, 0.7657480970000001, 10803.663432673291, 0.0, 0.00816326530612245, 0.009183673469387756],
[50, 0.7786781980000002, 10803.660714681084, 0.0, 0.00816326530612245, 0.009183673469387756],
[51, 0.7918525990000002, 10803.661377525783, 0.0, 0.00816326530612245, 0.009183673469387756],
[52, 0.8052784980000002, 10803.66026189349, 0.0, 0.00816326530612245, 0.009183673469387756],
[53, 0.8176270970000001, 10803.66412449589, 0.0, 0.00816326530612245, 0.009183673469387756],
[54, 0.8307909970000001, 10803.657217330448, 0.0, 0.00816326530612245, 0.009183673469387756],
[55, 0.8445603970000002, 10803.659798583863, 0.0, 0.00816326530612245, 0.009183673469387756],
[56, 0.8576095970000002, 10803.662154445636, 0.0, 0.00816326530612245, 0.009183673469387756],
[57, 0.8704246970000001, 10803.65862996136, 0.0, 0.00816326530612245, 0.009183673469387756],
[58, 0.8848367980000001, 10803.657745340279, 0.0, 0.00816326530612245, 0.009183673469387756],
[59, 0.8982074980000001, 10803.65600071954, 0.0, 0.00816326530612245, 0.009183673469387756],
[60, 0.9114812980000001, 10803.657325800074, 0.0, 0.00816326530612245, 0.009183673469387756],
[61, 0.9240248980000001, 10803.660541169931, 0.0, 0.00816326530612245, 0.009183673469387756],
[62, 0.9370788980000001, 10803.65957070307, 0.0, 0.00816326530612245, 0.009183673469387756],
[63, 0.950067897, 10803.659307981776, 0.0, 0.00816326530612245, 0.009183673469387756],
[64, 0.963441497, 10803.658178432455, 0.0, 0.00816326530612245, 0.009183673469387756],
[65, 0.976237797, 10803.656001543704, 0.0, 0.00816326530612245, 0.009183673469387756],
[66, 0.989282497, 10803.66114169494, 0.0, 0.00816326530612245, 0.009183673469387756],
[67, 1.0020359970000001, 10803.661101516484, 0.0, 0.00816326530612245, 0.009183673469387756],
[68, 1.0158104970000001, 10803.656978821922, 0.0, 0.00816326530612245, 0.009183673469387756],
[69, 1.0282482970000002, 10803.65771127714, 0.0, 0.00816326530612245, 0.009183673469387756],
[70, 1.0422189970000002, 10803.662277381729, 0.0, 0.00816326530612245, 0.009183673469387756],
[71, 1.0550423970000002, 10803.657690773185, 0.0, 0.00816326530612245, 0.009183673469387756],
[72, 1.0674516970000003, 10803.655373375665, 0.0, 0.00816326530612245, 0.009183673469387756],
[73, 1.0803792980000002, 10803.659910489943, 0.0, 0.00816326530612245, 0.009183673469387756],
[74, 1.0923448980000001, 10803.660447416696, 0.0, 0.00816326530612245, 0.009183673469387756],
[75, 1.1051180980000002, 10803.658118405101, 0.0, 0.00816326530612245, 0.009183673469387756],
[76, 1.1186239980000001, 10803.655629458064, 0.0, 0.00816326530612245, 0.009183673469387756],
[77, 1.1329140990000002, 10803.6591000754, 0.0, 0.00816326530612245, 0.009183673469387756],
[78, 1.1460442990000002, 10803.658983475261, 0.0, 0.00816326530612245, 0.009183673469387756],
[79, 1.1595018990000001, 10803.659707063125, 0.0, 0.00816326530612245, 0.009183673469387756],
[80, 1.1721957, 10803.660966142683, 0.0, 0.00816326530612245, 0.009183673469387756],
[81, 1.1854497990000001, 10803.65976340911, 0.0, 0.00816326530612245, 0.009183673469387756],
[82, 1.198594399, 10803.659659960926, 0.0, 0.00816326530612245, 0.009183673469387756],
[83, 1.2261304990000002, 10803.66099058777, 0.0, 0.00816326530612245, 0.009183673469387756],
[84, 1.2392446990000001, 10803.659471347752, 0.0, 0.00816326530612245, 0.009183673469387756],
[85, 1.2517155990000002, 10803.660138406256, 0.0, 0.00816326530612245, 0.009183673469387756],
[86, 1.2648997990000002, 10803.658800711102, 0.0, 0.00816326530612245, 0.009183673469387756],
[87, 1.2779985980000002, 10803.659924441015, 0.0, 0.00816326530612245, 0.009183673469387756],
[88, 1.290646297, 10803.655274098955, 0.0, 0.00816326530612245, 0.009183673469387756],
[89, 1.3037728960000001, 10803.660109990211, 0.0, 0.00816326530612245, 0.009183673469387756],
[90, 1.3164084960000002, 10803.658172150179, 0.0, 0.00816326530612245, 0.009183673469387756],
[91, 1.3297070960000001, 10803.660842420579, 0.0, 0.00816326530612245, 0.009183673469387756],
[92, 1.342384596, 10803.657353475694, 0.0, 0.00816326530612245, 0.009183673469387756],
[93, 1.355293997, 10803.660606767937, 0.0, 0.00816326530612245, 0.009183673469387756],
[94, 1.369031997, 10803.658938261977, 0.0, 0.00816326530612245, 0.009183673469387756],
[95, 1.381403097, 10803.657968983307, 0.0, 0.00816326530612245, 0.009183673469387756],
[96, 1.395882898, 10803.659614011214, 0.0, 0.00816326530612245, 0.009183673469387756],
[97, 1.408728198, 10803.660536776137, 0.0, 0.00816326530612245, 0.009183673469387756],
[98, 1.4215205979999999, 10803.659297902854, 0.0, 0.00816326530612245, 0.009183673469387756],
[99, 1.434377898, 10803.660723494557, 0.0, 0.00816326530612245, 0.009183673469387756],
[100, 1.4476821979999999, 10803.657340565964, 0.0, 0.00816326530612245, 0.009183673469387756],
[101, 1.460899598, 10803.657524494723, 0.0, 0.00816326530612245, 0.009183673469387756],
[102, 1.4739136979999998, 10803.65728167288, 0.0, 0.00816326530612245, 0.009183673469387756],
[103, 1.4870985979999998, 10803.655463177574, 0.0, 0.00816326530612245, 0.009183673469387756],
[104, 1.5000097979999998, 10803.659891861484, 0.0, 0.00816326530612245, 0.009183673469387756],
[105, 1.5126848979999998, 10803.659383154167, 0.0, 0.00816326530612245, 0.009183673469387756],
[106, 1.5259702969999998, 10803.658844176487, 0.0, 0.00816326530612245, 0.009183673469387756],
[107, 1.5387766969999999, 10803.65891698958, 0.0, 0.00816326530612245, 0.009183673469387756],
[108, 1.5517927969999998, 10803.661169137164, 0.0, 0.00816326530612245, 0.009183673469387756],
[109, 1.5645390959999999, 10803.658234637851, 0.0, 0.00816326530612245, 0.009183673469387756],
[110, 1.5773689949999998, 10803.659105889094, 0.0, 0.00816326530612245, 0.009183673469387756],
[111, 1.5902022949999999, 10803.65911485935, 0.0, 0.00816326530612245, 0.009183673469387756],
[112, 1.603265295, 10803.6559452768, 0.0, 0.00816326530612245, 0.009183673469387756],
[113, 1.6161367949999998, 10803.656599625521, 0.0, 0.00816326530612245, 0.009183673469387756],
[114, 1.628755295, 10803.660724406762, 0.0, 0.00816326530612245, 0.009183673469387756],
[115, 1.641538995, 10803.658672327329, 0.0, 0.00816326530612245, 0.009183673469387756],
[116, 1.654416395, 10803.656785255342, 0.0, 0.00816326530612245, 0.009183673469387756],
[117, 1.667280195, 10803.659233481963, 0.0, 0.00816326530612245, 0.009183673469387756],
[118, 1.6799558940000001, 10803.656122154243, 0.0, 0.00816326530612245, 0.009183673469387756],
[119, 1.692727094, 10803.658960644318, 0.0, 0.00816326530612245, 0.009183673469387756],
[120, 1.7061889940000001, 10803.658032876587, 0.0, 0.00816326530612245, 0.009183673469387756],
[121, 1.719834394, 10803.658143146824, 0.0, 0.00816326530612245, 0.009183673469387756],
