rank: 30, ratio of 0 vs 1: 3, lambda:3, learning_rate: 0.2
iter time objective_function precision@K = 1, 5, 10
[0,11055.489509138855, 0.0 0.01020408163265306 0.009183673469387756],
[1, 0.0137586, 11011.612416260607, 0.0, 0.012244897959183673, 0.01020408163265306],
[2, 0.025345399999999997, 10984.854812222064, 0.0, 0.00816326530612245, 0.015306122448979591],
[3, 0.0380823, 10964.101830962763, 0.01020408163265306, 0.006122448979591836, 0.014285714285714285],
[4, 0.0512885, 10946.30471217903, 0.01020408163265306, 0.014285714285714285, 0.01020408163265306],
[5, 0.0628002, 10931.103508393577, 0.0, 0.01020408163265306, 0.011224489795918368],
[6, 0.0777058, 10917.392944890553, 0.01020408163265306, 0.004081632653061225, 0.00510204081632653],
[7, 0.0904402, 10905.318252080027, 0.0, 0.00816326530612245, 0.007142857142857143],
[8, 0.1060721, 10894.226455473061, 0.01020408163265306, 0.004081632653061225, 0.007142857142857143],
[9, 0.1194969, 10884.349398760876, 0.01020408163265306, 0.006122448979591836, 0.007142857142857143],
[10, 0.133888999, 10875.281155742114, 0.01020408163265306, 0.006122448979591836, 0.007142857142857143],
[11, 0.148063298, 10867.423063835515, 0.01020408163265306, 0.006122448979591836, 0.009183673469387756],
[12, 0.162696798, 10860.165419393843, 0.02040816326530612, 0.012244897959183673, 0.00816326530612245],
[13, 0.176134698, 10853.653016455333, 0.01020408163265306, 0.00816326530612245, 0.006122448979591836],
[14, 0.189564797, 10847.820676670673, 0.01020408163265306, 0.01020408163265306, 0.007142857142857143],
[15, 0.203863596, 10842.584999971981, 0.01020408163265306, 0.012244897959183673, 0.007142857142857143],
[16, 0.218641297, 10837.759891908303, 0.01020408163265306, 0.012244897959183673, 0.00816326530612245],
[17, 0.231199597, 10833.513588682199, 0.0, 0.012244897959183673, 0.01020408163265306],
[18, 0.244154498, 10829.679586448754, 0.0, 0.012244897959183673, 0.01020408163265306],
[19, 0.257509397, 10826.390856034524, 0.0, 0.012244897959183673, 0.011224489795918368],
[20, 0.288598197, 10823.552903689233, 0.0, 0.012244897959183673, 0.011224489795918368],
[21, 0.302700697, 10821.069888952483, 0.01020408163265306, 0.012244897959183673, 0.011224489795918368],
[22, 0.316670897, 10818.89357333453, 0.01020408163265306, 0.01020408163265306, 0.011224489795918368],
[23, 0.330641397, 10816.936015634468, 0.02040816326530612, 0.01020408163265306, 0.011224489795918368],
[24, 0.344298697, 10815.371651502164, 0.02040816326530612, 0.01020408163265306, 0.012244897959183673],
[25, 0.356086897, 10813.861236919949, 0.02040816326530612, 0.012244897959183673, 0.014285714285714285],
[26, 0.368053397, 10812.638536191167, 0.01020408163265306, 0.01020408163265306, 0.014285714285714285],
[27, 0.380495198, 10811.609791309425, 0.02040816326530612, 0.014285714285714285, 0.014285714285714285],
[28, 0.39392079799999996, 10810.680315915648, 0.01020408163265306, 0.014285714285714285, 0.01326530612244898],
[29, 0.40567189699999995, 10809.841505580496, 0.01020408163265306, 0.0163265306122449, 0.01326530612244898],
[30, 0.4183636969999999, 10809.152897559707, 0.01020408163265306, 0.014285714285714285, 0.011224489795918368],
[31, 0.4310650979999999, 10808.473357691626, 0.01020408163265306, 0.014285714285714285, 0.011224489795918368],
[32, 0.44344009799999995, 10807.902361774397, 0.01020408163265306, 0.0163265306122449, 0.012244897959183673],
[33, 0.45696699799999996, 10807.38277057202, 0.01020408163265306, 0.014285714285714285, 0.012244897959183673],
[34, 0.47161979899999995, 10806.942130623174, 0.01020408163265306, 0.014285714285714285, 0.012244897959183673],
[35, 0.48409309899999997, 10806.559976835664, 0.01020408163265306, 0.014285714285714285, 0.012244897959183673],
[36, 0.497973998, 10806.190749770842, 0.01020408163265306, 0.014285714285714285, 0.012244897959183673],
[37, 0.5114024979999999, 10805.890476337809, 0.01020408163265306, 0.014285714285714285, 0.01326530612244898],
[38, 0.5283497979999999, 10805.63635939142, 0.01020408163265306, 0.014285714285714285, 0.01326530612244898],
[39, 0.5399299969999999, 10805.40979432163, 0.01020408163265306, 0.014285714285714285, 0.01326530612244898],
[40, 0.5530470969999999, 10805.176956578103, 0.01020408163265306, 0.014285714285714285, 0.01326530612244898],
[41, 0.5645924979999999, 10805.009426254292, 0.01020408163265306, 0.014285714285714285, 0.01326530612244898],
[42, 0.5788071979999999, 10804.832787426443, 0.01020408163265306, 0.014285714285714285, 0.01326530612244898],
[43, 0.5935557979999999, 10804.700133486647, 0.01020408163265306, 0.014285714285714285, 0.01326530612244898],
[44, 0.606423898, 10804.552490011847, 0.01020408163265306, 0.014285714285714285, 0.01326530612244898],
[45, 0.618381497, 10804.463050463777, 0.01020408163265306, 0.014285714285714285, 0.01326530612244898],
[46, 0.629829797, 10804.34727920712, 0.01020408163265306, 0.014285714285714285, 0.01326530612244898],
[47, 0.641241897, 10804.280108660208, 0.01020408163265306, 0.014285714285714285, 0.01326530612244898],
[48, 0.654245996, 10804.194711807915, 0.01020408163265306, 0.014285714285714285, 0.01326530612244898],
[49, 0.666606996, 10804.142320420975, 0.01020408163265306, 0.014285714285714285, 0.01326530612244898],
[50, 0.6791039959999999, 10804.058113926603, 0.01020408163265306, 0.014285714285714285, 0.01326530612244898],
[51, 0.6918456959999999, 10804.01652614382, 0.01020408163265306, 0.014285714285714285, 0.01326530612244898],
[52, 0.7052439959999999, 10803.95298614988, 0.01020408163265306, 0.014285714285714285, 0.01326530612244898],
[53, 0.7191175959999999, 10803.935111191175, 0.01020408163265306, 0.014285714285714285, 0.01326530612244898],
[54, 0.7329185959999999, 10803.861795772329, 0.01020408163265306, 0.014285714285714285, 0.01326530612244898],
[55, 0.7468638949999998, 10803.837813800614, 0.01020408163265306, 0.014285714285714285, 0.01326530612244898],
[56, 0.7590059949999999, 10803.80883455149, 0.01020408163265306, 0.014285714285714285, 0.01326530612244898],
[57, 0.7718806949999999, 10803.770911560332, 0.01020408163265306, 0.014285714285714285, 0.01326530612244898],
[58, 0.7838060949999999, 10803.744220733437, 0.01020408163265306, 0.014285714285714285, 0.01326530612244898],
[59, 0.7966978949999999, 10803.708379627635, 0.01020408163265306, 0.014285714285714285, 0.01326530612244898],
[60, 0.8088879949999999, 10803.688837926153, 0.01020408163265306, 0.014285714285714285, 0.01326530612244898],
[61, 0.8975203949999999, 10803.689087405042, 0.01020408163265306, 0.014285714285714285, 0.01326530612244898],
[62, 0.911138995, 10803.666051542103, 0.01020408163265306, 0.014285714285714285, 0.01326530612244898],
[63, 0.9269738959999999, 10803.651796772996, 0.01020408163265306, 0.014285714285714285, 0.01326530612244898],
[64, 0.9406066969999999, 10803.630207313703, 0.01020408163265306, 0.014285714285714285, 0.01326530612244898],
[65, 0.9565011979999999, 10803.612773625446, 0.01020408163265306, 0.014285714285714285, 0.01326530612244898],
[66, 0.9693328989999999, 10803.62568098505, 0.01020408163265306, 0.014285714285714285, 0.01326530612244898],
[67, 0.9836290989999998, 10803.611599867672, 0.01020408163265306, 0.014285714285714285, 0.01326530612244898],
[68, 0.9979808989999999, 10803.585203879715, 0.01020408163265306, 0.014285714285714285, 0.01326530612244898],
[69, 1.0111232979999998, 10803.587234433708, 0.01020408163265306, 0.014285714285714285, 0.012244897959183673],
[70, 1.0229761979999998, 10803.589486649807, 0.01020408163265306, 0.014285714285714285, 0.012244897959183673],
[71, 1.036319697, 10803.569912754141, 0.01020408163265306, 0.014285714285714285, 0.012244897959183673],
[72, 1.049394296, 10803.557528527295, 0.01020408163265306, 0.014285714285714285, 0.011224489795918368],
[73, 1.062072896, 10803.564856683608, 0.01020408163265306, 0.014285714285714285, 0.011224489795918368],
[74, 1.074628197, 10803.563949931851, 0.01020408163265306, 0.014285714285714285, 0.011224489795918368],
[75, 1.086818496, 10803.5505187632, 0.01020408163265306, 0.014285714285714285, 0.011224489795918368],
[76, 1.100073196, 10803.536078119387, 0.01020408163265306, 0.014285714285714285, 0.011224489795918368],
[77, 1.114418396, 10803.54682211044, 0.01020408163265306, 0.014285714285714285, 0.011224489795918368],
[78, 1.128497596, 10803.542182614485, 0.01020408163265306, 0.014285714285714285, 0.011224489795918368],
[79, 1.142681496, 10803.543228034056, 0.01020408163265306, 0.014285714285714285, 0.011224489795918368],
[80, 1.158046996, 10803.542896227824, 0.01020408163265306, 0.014285714285714285, 0.011224489795918368],
[81, 1.171452296, 10803.538173083616, 0.01020408163265306, 0.014285714285714285, 0.011224489795918368],
[82, 1.186101396, 10803.537944967567, 0.01020408163265306, 0.014285714285714285, 0.011224489795918368],
[83, 1.198697497, 10803.536350895682, 0.01020408163265306, 0.014285714285714285, 0.011224489795918368],
[84, 1.212318497, 10803.53357730422, 0.01020408163265306, 0.014285714285714285, 0.011224489795918368],
[85, 1.2251696970000001, 10803.53409375639, 0.01020408163265306, 0.014285714285714285, 0.011224489795918368],
[86, 1.238834098, 10803.529987772617, 0.01020408163265306, 0.014285714285714285, 0.011224489795918368],
[87, 1.2523314980000002, 10803.53153195672, 0.01020408163265306, 0.014285714285714285, 0.011224489795918368],
[88, 1.2656201970000003, 10803.506869930263, 0.01020408163265306, 0.014285714285714285, 0.011224489795918368],
[89, 1.2795461960000003, 10803.529761952004, 0.01020408163265306, 0.014285714285714285, 0.011224489795918368],
[90, 1.2938039970000004, 10803.523354470568, 0.01020408163265306, 0.014285714285714285, 0.011224489795918368],
[91, 1.3089349970000004, 10803.532403323068, 0.01020408163265306, 0.014285714285714285, 0.011224489795918368],
[92, 1.3248476960000004, 10803.519710882483, 0.01020408163265306, 0.014285714285714285, 0.011224489795918368],
[93, 1.3397742970000004, 10803.528747233862, 0.01020408163265306, 0.014285714285714285, 0.011224489795918368],
[94, 1.3539516970000003, 10803.52384820247, 0.01020408163265306, 0.014285714285714285, 0.011224489795918368],
[95, 1.3676610970000003, 10803.52082320769, 0.01020408163265306, 0.014285714285714285, 0.011224489795918368],
[96, 1.3803626970000002, 10803.52166863229, 0.01020408163265306, 0.014285714285714285, 0.011224489795918368],
[97, 1.3934022970000002, 10803.521678710282, 0.01020408163265306, 0.014285714285714285, 0.011224489795918368],
[98, 1.4073250970000002, 10803.527737882418, 0.01020408163265306, 0.014285714285714285, 0.011224489795918368],
[99, 1.4202239970000001, 10803.527019756464, 0.01020408163265306, 0.014285714285714285, 0.011224489795918368],
[100, 1.4327841970000001, 10803.513590348392, 0.01020408163265306, 0.014285714285714285, 0.011224489795918368],
[101, 1.446271896, 10803.510865523325, 0.01020408163265306, 0.014285714285714285, 0.011224489795918368],
[102, 1.465955296, 10803.50911848448, 0.01020408163265306, 0.014285714285714285, 0.011224489795918368],
[103, 1.478624896, 10803.50651048512, 0.01020408163265306, 0.014285714285714285, 0.011224489795918368],
[104, 1.4933545959999999, 10803.524064186882, 0.01020408163265306, 0.014285714285714285, 0.011224489795918368],
[105, 1.5065515959999998, 10803.520843433213, 0.01020408163265306, 0.014285714285714285, 0.011224489795918368],
[106, 1.5193193959999998, 10803.517884028332, 0.01020408163265306, 0.014285714285714285, 0.011224489795918368],
[107, 1.5318206949999997, 10803.522637047396, 0.01020408163265306, 0.014285714285714285, 0.011224489795918368],
[108, 1.5456343949999998, 10803.522944525525, 0.01020408163265306, 0.014285714285714285, 0.011224489795918368],
[109, 1.5579010949999998, 10803.517758203934, 0.01020408163265306, 0.014285714285714285, 0.011224489795918368],
[110, 1.5705748949999998, 10803.523543412444, 0.01020408163265306, 0.014285714285714285, 0.011224489795918368],
[111, 1.5832293949999998, 10803.520764295832, 0.01020408163265306, 0.014285714285714285, 0.011224489795918368],
[112, 1.5966436939999997, 10803.504470979058, 0.01020408163265306, 0.014285714285714285, 0.011224489795918368],
[113, 1.6085869939999997, 10803.506698795713, 0.01020408163265306, 0.014285714285714285, 0.011224489795918368],
[114, 1.6232246929999996, 10803.523252799989, 0.01020408163265306, 0.014285714285714285, 0.011224489795918368],
[115, 1.6367045919999996, 10803.515789097954, 0.01020408163265306, 0.014285714285714285, 0.011224489795918368],
[116, 1.6506156919999997, 10803.508641024544, 0.01020408163265306, 0.014285714285714285, 0.011224489795918368],
[117, 1.6639214909999998, 10803.524789761363, 0.01020408163265306, 0.014285714285714285, 0.011224489795918368],
[118, 1.6759038919999998, 10803.504019366062, 0.01020408163265306, 0.014285714285714285, 0.011224489795918368],
[119, 1.6913632919999997, 10803.513122298997, 0.01020408163265306, 0.014285714285714285, 0.011224489795918368],
[120, 1.7043972919999997, 10803.514469729913, 0.01020408163265306, 0.014285714285714285, 0.011224489795918368],
[121, 1.7173872919999997, 10803.5150767027, 0.01020408163265306, 0.014285714285714285, 0.011224489795918368],
