rank: 30, ratio of 0 vs 1: 3, lambda:10, learning_rate: 0.35
iter time objective_function precision@K = 1, 5, 10
[0,11655.657555037204, 0.0 0.01020408163265306 0.009183673469387756],
[1, 0.0125958, 11333.706012661485, 0.01020408163265306, 0.006122448979591836, 0.007142857142857143],
[2, 0.025886499, 11119.793338567653, 0.02040816326530612, 0.0163265306122449, 0.014285714285714285],
[3, 0.038804899000000004, 11078.415224775461, 0.02040816326530612, 0.014285714285714285, 0.014285714285714285],
[4, 0.052935099000000006, 10885.216013518504, 0.0, 0.012244897959183673, 0.011224489795918368],
[5, 0.065320899, 10961.106378575965, 0.01020408163265306, 0.018367346938775512, 0.012244897959183673],
[6, 0.078167599, 10840.614470267334, 0.01020408163265306, 0.006122448979591836, 0.00816326530612245],
[7, 0.092492399, 10929.590863820527, 0.02040816326530612, 0.018367346938775512, 0.014285714285714285],
[8, 0.105119299, 10822.675304692872, 0.01020408163265306, 0.00816326530612245, 0.01326530612244898],
[9, 0.118257, 10898.29349745854, 0.01020408163265306, 0.0163265306122449, 0.017346938775510204],
[10, 0.132442001, 10811.676032878106, 0.0, 0.012244897959183673, 0.009183673469387756],
[11, 0.145479201, 10873.901526068847, 0.01020408163265306, 0.018367346938775512, 0.018367346938775512],
[12, 0.1586726, 10807.535301813396, 0.01020408163265306, 0.018367346938775512, 0.01326530612244898],
[13, 0.17184, 10852.505526631583, 0.0, 0.00816326530612245, 0.007142857142857143],
[14, 0.1855263, 10803.819772093457, 0.01020408163265306, 0.014285714285714285, 0.012244897959183673],
[15, 0.198041999, 10837.7899154581, 0.01020408163265306, 0.006122448979591836, 0.011224489795918368],
[16, 0.212039999, 10802.80030769666, 0.01020408163265306, 0.01020408163265306, 0.01326530612244898],
[17, 0.225349398, 10825.496716617345, 0.02040816326530612, 0.0163265306122449, 0.0163265306122449],
[18, 0.23948829800000002, 10800.51848856803, 0.02040816326530612, 0.012244897959183673, 0.017346938775510204],
[19, 0.251724497, 10818.162083251142, 0.01020408163265306, 0.0020408163265306124, 0.00510204081632653],
[20, 0.265243497, 10799.960605268305, 0.01020408163265306, 0.014285714285714285, 0.014285714285714285],
[21, 0.280160797, 10811.944526773428, 0.01020408163265306, 0.014285714285714285, 0.007142857142857143],
[22, 0.29291009700000004, 10798.84536163536, 0.0, 0.00816326530612245, 0.01326530612244898],
[23, 0.30708999700000006, 10807.867893808678, 0.01020408163265306, 0.006122448979591836, 0.00816326530612245],
[24, 0.3216753970000001, 10798.555461711727, 0.01020408163265306, 0.00816326530612245, 0.011224489795918368],
[25, 0.33489829700000007, 10804.622993509212, 0.01020408163265306, 0.00816326530612245, 0.01326530612244898],
[26, 0.3480467970000001, 10797.9627620431, 0.01020408163265306, 0.014285714285714285, 0.011224489795918368],
[27, 0.3627123970000001, 10802.50762623228, 0.01020408163265306, 0.01020408163265306, 0.015306122448979591],
[28, 0.3771192980000001, 10797.772174417558, 0.01020408163265306, 0.014285714285714285, 0.01326530612244898],
[29, 0.3906806980000001, 10800.901020619385, 0.01020408163265306, 0.02040816326530612, 0.018367346938775512],
[30, 0.4035172980000001, 10797.391187529416, 0.02040816326530612, 0.00816326530612245, 0.01020408163265306],
[31, 0.41779509700000006, 10799.814047935328, 0.01020408163265306, 0.012244897959183673, 0.01020408163265306],
[32, 0.4309132970000001, 10797.332044030447, 0.02040816326530612, 0.012244897959183673, 0.011224489795918368],
[33, 0.45029799700000006, 10798.929056100436, 0.0, 0.004081632653061225, 0.006122448979591836],
[34, 0.4640239970000001, 10797.140998190342, 0.0, 0.012244897959183673, 0.012244897959183673],
[35, 0.47789729700000005, 10798.365309237133, 0.0, 0.01020408163265306, 0.011224489795918368],
[36, 0.49118119700000007, 10797.103481713082, 0.01020408163265306, 0.0163265306122449, 0.014285714285714285],
[37, 0.504847397, 10797.908384623386, 0.01020408163265306, 0.014285714285714285, 0.014285714285714285],
[38, 0.519432597, 10796.99205299217, 0.01020408163265306, 0.006122448979591836, 0.011224489795918368],
[39, 0.534739896, 10797.625055677, 0.01020408163265306, 0.01020408163265306, 0.011224489795918368],
[40, 0.549968495, 10796.969874017579, 0.0, 0.014285714285714285, 0.01326530612244898],
[41, 0.5642073950000001, 10797.395482099728, 0.030612244897959183, 0.00816326530612245, 0.009183673469387756],
[42, 0.5793594950000001, 10796.911779980303, 0.02040816326530612, 0.012244897959183673, 0.011224489795918368],
[43, 0.5934829960000001, 10797.239188617004, 0.0, 0.01020408163265306, 0.01020408163265306],
[44, 0.6068352960000001, 10796.896390557748, 0.02040816326530612, 0.01020408163265306, 0.00816326530612245],
[45, 0.6209147960000001, 10797.12358212149, 0.01020408163265306, 0.006122448979591836, 0.012244897959183673],
[46, 0.6342899970000001, 10796.868560396275, 0.0, 0.00816326530612245, 0.00816326530612245],
[47, 0.6473211980000001, 10797.040203494345, 0.01020408163265306, 0.006122448979591836, 0.009183673469387756],
[48, 0.6612758970000001, 10796.863670680317, 0.01020408163265306, 0.006122448979591836, 0.01326530612244898],
[49, 0.6760764970000002, 10796.977054701109, 0.030612244897959183, 0.01020408163265306, 0.01020408163265306],
[50, 0.6890239980000001, 10796.846238154374, 0.01020408163265306, 0.02040816326530612, 0.014285714285714285],
[51, 0.7036731980000002, 10796.93607524459, 0.02040816326530612, 0.018367346938775512, 0.012244897959183673],
[52, 0.7180408980000001, 10796.842842713131, 0.01020408163265306, 0.014285714285714285, 0.011224489795918368],
[53, 0.7320814970000001, 10796.90331355502, 0.0, 0.014285714285714285, 0.01326530612244898],
[54, 0.7468419970000001, 10796.834837591272, 0.02040816326530612, 0.012244897959183673, 0.014285714285714285],
[55, 0.7608391970000001, 10796.881587645794, 0.02040816326530612, 0.012244897959183673, 0.01020408163265306],
[56, 0.7759954960000002, 10796.832799966736, 0.01020408163265306, 0.0163265306122449, 0.01326530612244898],
[57, 0.7895858950000002, 10796.864753250782, 0.01020408163265306, 0.006122448979591836, 0.011224489795918368],
[58, 0.8034607950000002, 10796.82867083194, 0.0, 0.012244897959183673, 0.012244897959183673],
[59, 0.8171652940000003, 10796.853108048605, 0.0, 0.012244897959183673, 0.011224489795918368],
[60, 0.8307969940000003, 10796.827723400671, 0.01020408163265306, 0.014285714285714285, 0.012244897959183673],
[61, 0.8447454940000003, 10796.844200792828, 0.0, 0.01020408163265306, 0.01020408163265306],
[62, 0.8581077940000004, 10796.82558465312, 0.01020408163265306, 0.012244897959183673, 0.015306122448979591],
[63, 0.8720119940000004, 10796.83817132414, 0.01020408163265306, 0.012244897959183673, 0.009183673469387756],
[64, 0.8863794940000004, 10796.825000642555, 0.02040816326530612, 0.006122448979591836, 0.00816326530612245],
[65, 0.9000833930000004, 10796.833676554681, 0.02040816326530612, 0.012244897959183673, 0.014285714285714285],
[66, 0.9129807940000004, 10796.82376424849, 0.0, 0.006122448979591836, 0.015306122448979591],
[67, 0.9263761930000004, 10796.830558082373, 0.01020408163265306, 0.01020408163265306, 0.01020408163265306],
[68, 0.9407361930000004, 10796.823651175091, 0.02040816326530612, 0.0163265306122449, 0.012244897959183673],
[69, 0.9532977940000005, 10796.828030982344, 0.0, 0.01020408163265306, 0.007142857142857143],
[70, 0.9669319940000005, 10796.823011348812, 0.030612244897959183, 0.0163265306122449, 0.015306122448979591],
[71, 0.9806198940000005, 10796.826429248473, 0.030612244897959183, 0.014285714285714285, 0.01020408163265306],
[72, 0.9948670940000005, 10796.822834892737, 0.01020408163265306, 0.0163265306122449, 0.014285714285714285],
[73, 1.0090377950000005, 10796.825190730935, 0.0, 0.00816326530612245, 0.009183673469387756],
[74, 1.0387896950000004, 10796.822539235965, 0.01020408163265306, 0.01020408163265306, 0.011224489795918368],
[75, 1.0508011950000005, 10796.824340070372, 0.01020408163265306, 0.006122448979591836, 0.00816326530612245],
[76, 1.0636624950000004, 10796.822464549436, 0.02040816326530612, 0.01020408163265306, 0.015306122448979591],
[77, 1.0780518950000004, 10796.82368320727, 0.0, 0.0163265306122449, 0.015306122448979591],
[78, 1.0910325950000004, 10796.822288235595, 0.01020408163265306, 0.012244897959183673, 0.015306122448979591],
[79, 1.1054720950000003, 10796.823244807967, 0.01020408163265306, 0.01020408163265306, 0.007142857142857143],
[80, 1.1169680950000003, 10796.822254332017, 0.01020408163265306, 0.012244897959183673, 0.01020408163265306],
[81, 1.1304178950000003, 10796.822900818961, 0.01020408163265306, 0.00816326530612245, 0.00816326530612245],
[82, 1.1432290950000004, 10796.822172047789, 0.02040816326530612, 0.014285714285714285, 0.0163265306122449],
[83, 1.1561196950000003, 10796.822664067007, 0.0, 0.01020408163265306, 0.01020408163265306],
[84, 1.1694677950000003, 10796.822152443043, 0.0, 0.00816326530612245, 0.015306122448979591],
[85, 1.1826423960000003, 10796.822485231234, 0.01020408163265306, 0.01020408163265306, 0.01326530612244898],
[86, 1.1970019960000002, 10796.822105881969, 0.030612244897959183, 0.014285714285714285, 0.01326530612244898],
[87, 1.2103188960000002, 10796.822364800613, 0.02040816326530612, 0.00816326530612245, 0.014285714285714285],
[88, 1.2230790970000003, 10796.82209908648, 0.0, 0.01020408163265306, 0.011224489795918368],
[89, 1.2357064970000002, 10796.822271117051, 0.04081632653061224, 0.0163265306122449, 0.017346938775510204],
[90, 1.2493249980000003, 10796.822071879178, 0.0, 0.01020408163265306, 0.0163265306122449],
[91, 1.2622261980000002, 10796.822208930536, 0.01020408163265306, 0.014285714285714285, 0.014285714285714285],
[92, 1.2756131970000002, 10796.822067246883, 0.01020408163265306, 0.018367346938775512, 0.015306122448979591],
[93, 1.2882644970000001, 10796.822158864286, 0.02040816326530612, 0.018367346938775512, 0.018367346938775512],
[94, 1.3017752960000002, 10796.822056280687, 0.01020408163265306, 0.012244897959183673, 0.01326530612244898],
[95, 1.3161507950000002, 10796.822126387606, 0.01020408163265306, 0.018367346938775512, 0.012244897959183673],
[96, 1.3288343950000001, 10796.822053294354, 0.01020408163265306, 0.0163265306122449, 0.01326530612244898],
[97, 1.341757995, 10796.822100140043, 0.0, 0.00816326530612245, 0.00816326530612245],
[98, 1.3554648950000001, 10796.822046793755, 0.04081632653061224, 0.012244897959183673, 0.009183673469387756],
[99, 1.370901495, 10796.822083372974, 0.01020408163265306, 0.01020408163265306, 0.01326530612244898],
[100, 1.384640194, 10796.822045381832, 0.0, 0.01020408163265306, 0.011224489795918368],
[101, 1.397150095, 10796.822070114336, 0.0, 0.006122448979591836, 0.00816326530612245],
[102, 1.411462994, 10796.822041901842, 0.030612244897959183, 0.018367346938775512, 0.012244897959183673],
[103, 1.4285487940000001, 10796.822061040906, 0.01020408163265306, 0.018367346938775512, 0.012244897959183673],
[104, 1.442040894, 10796.82204117836, 0.02040816326530612, 0.006122448979591836, 0.00816326530612245],
[105, 1.455000694, 10796.82205414955, 0.01020408163265306, 0.00816326530612245, 0.00816326530612245],
[106, 1.467997394, 10796.822039409139, 0.0, 0.01020408163265306, 0.012244897959183673],
[107, 1.481251994, 10796.822049464065, 0.01020408163265306, 0.01020408163265306, 0.0163265306122449],
[108, 1.494261694, 10796.822039098122, 0.0, 0.012244897959183673, 0.012244897959183673],
[109, 1.508104894, 10796.82204578165, 0.01020408163265306, 0.014285714285714285, 0.011224489795918368],
[110, 1.523061394, 10796.822038155424, 0.01020408163265306, 0.02040816326530612, 0.0163265306122449],
[111, 1.536894194, 10796.822043332451, 0.01020408163265306, 0.01020408163265306, 0.01020408163265306],
[112, 1.549803394, 10796.822037926986, 0.02040816326530612, 0.012244897959183673, 0.011224489795918368],
[113, 1.563299394, 10796.822041501855, 0.01020408163265306, 0.014285714285714285, 0.01326530612244898],
[114, 1.575851893, 10796.822037442573, 0.01020408163265306, 0.01020408163265306, 0.012244897959183673],
[115, 1.740300693, 10796.822040201136, 0.01020408163265306, 0.004081632653061225, 0.007142857142857143],
[116, 1.754027593, 10796.82203739328, 0.01020408163265306, 0.01020408163265306, 0.012244897959183673],
[117, 1.770038592, 10796.822039165043, 0.030612244897959183, 0.018367346938775512, 0.01326530612244898],
[118, 1.7834283919999998, 10796.822037104002, 0.01020408163265306, 0.0163265306122449, 0.012244897959183673],
[119, 1.7986836919999998, 10796.822038540608, 0.04081632653061224, 0.014285714285714285, 0.01326530612244898],
[120, 1.8131565909999998, 10796.822037055308, 0.02040816326530612, 0.012244897959183673, 0.009183673469387756],
[121, 1.8255519909999998, 10796.822038014267, 0.0, 0.01020408163265306, 0.00816326530612245],
