rank: 30, ratio of 0 vs 1: 3, lambda:6, learning_rate: 0.35
iter time objective_function precision@K = 1, 5, 10
[0,11312.704385952433, 0.0 0.01020408163265306 0.009183673469387756],
[1, 0.013115699, 11114.785975523035, 0.02040816326530612, 0.00816326530612245, 0.01326530612244898],
[2, 0.0258989, 10940.178199551634, 0.01020408163265306, 0.01020408163265306, 0.009183673469387756],
[3, 0.040334099, 10841.576976602733, 0.0, 0.014285714285714285, 0.011224489795918368],
[4, 0.052807799, 10922.363071169208, 0.0, 0.0020408163265306124, 0.004081632653061225],
[5, 0.065862899, 10840.699040186004, 0.01020408163265306, 0.01020408163265306, 0.009183673469387756],
[6, 0.079030499, 10922.487402357245, 0.02040816326530612, 0.014285714285714285, 0.01326530612244898],
[7, 0.09154429900000001, 10840.526839980854, 0.02040816326530612, 0.01020408163265306, 0.00510204081632653],
[8, 0.104727199, 10922.498916739733, 0.0, 0.00816326530612245, 0.011224489795918368],
[9, 0.11743739900000001, 10840.292666583495, 0.0, 0.00816326530612245, 0.01020408163265306],
[10, 0.129707398, 10922.579092093707, 0.0, 0.01020408163265306, 0.007142857142857143],
[11, 0.143702399, 10840.106938407711, 0.0, 0.014285714285714285, 0.011224489795918368],
[12, 0.156845899, 10922.599648206902, 0.0, 0.006122448979591836, 0.018367346938775512],
[13, 0.16934369900000001, 10839.947523761906, 0.0, 0.01020408163265306, 0.011224489795918368],
[14, 0.18148529900000002, 10922.76229034966, 0.030612244897959183, 0.012244897959183673, 0.00816326530612245],
[15, 0.194427599, 10839.725523728142, 0.030612244897959183, 0.014285714285714285, 0.0163265306122449],
[16, 0.2073588, 10922.844214713044, 0.01020408163265306, 0.01020408163265306, 0.012244897959183673],
[17, 0.22057010000000002, 10839.70156925912, 0.01020408163265306, 0.01020408163265306, 0.01326530612244898],
[18, 0.233095399, 10923.013057699063, 0.0, 0.006122448979591836, 0.01020408163265306],
[19, 0.245643099, 10839.46284162122, 0.01020408163265306, 0.014285714285714285, 0.011224489795918368],
[20, 0.258940299, 10923.230433506265, 0.02040816326530612, 0.012244897959183673, 0.006122448979591836],
[21, 0.271972799, 10839.24658585741, 0.0, 0.006122448979591836, 0.003061224489795918],
[22, 0.28496769899999996, 10923.314366477176, 0.0, 0.006122448979591836, 0.006122448979591836],
[23, 0.298022199, 10839.16586192959, 0.0, 0.022448979591836737, 0.02040816326530612],
[24, 0.31145809999999996, 10923.515745727118, 0.0, 0.012244897959183673, 0.012244897959183673],
[25, 0.3240376, 10838.958010522356, 0.01020408163265306, 0.006122448979591836, 0.011224489795918368],
[26, 0.337314201, 10923.632581357426, 0.0, 0.004081632653061225, 0.00510204081632653],
[27, 0.350645, 10838.836975169443, 0.01020408163265306, 0.012244897959183673, 0.011224489795918368],
[28, 0.3640747, 10923.866605309957, 0.02040816326530612, 0.006122448979591836, 0.009183673469387756],
[29, 0.3773337, 10838.58682436416, 0.01020408163265306, 0.006122448979591836, 0.012244897959183673],
[30, 0.3908224, 10924.07291288641, 0.0, 0.00816326530612245, 0.012244897959183673],
[31, 0.4053925, 10838.41414348107, 0.01020408163265306, 0.006122448979591836, 0.006122448979591836],
[32, 0.41995580099999996, 10924.189457874538, 0.02040816326530612, 0.006122448979591836, 0.00816326530612245],
[33, 0.530245702, 10838.339148322062, 0.01020408163265306, 0.01020408163265306, 0.00816326530612245],
[34, 0.545119602, 10924.3730586143, 0.01020408163265306, 0.006122448979591836, 0.00816326530612245],
[35, 0.561516302, 10838.127639537779, 0.01020408163265306, 0.014285714285714285, 0.01020408163265306],
[36, 0.5745698020000001, 10924.590384543548, 0.02040816326530612, 0.0163265306122449, 0.015306122448979591],
[37, 0.5870958020000001, 10837.886934155995, 0.030612244897959183, 0.00816326530612245, 0.011224489795918368],
[38, 0.5999029020000001, 10924.699824645608, 0.01020408163265306, 0.0020408163265306124, 0.009183673469387756],
[39, 0.6120425020000001, 10837.804167128414, 0.01020408163265306, 0.004081632653061225, 0.01020408163265306],
[40, 0.6249600010000002, 10924.967594726208, 0.02040816326530612, 0.004081632653061225, 0.009183673469387756],
[41, 0.6382021020000002, 10837.505671043038, 0.02040816326530612, 0.022448979591836737, 0.015306122448979591],
[42, 0.6508683020000001, 10925.153649512828, 0.01020408163265306, 0.006122448979591836, 0.01326530612244898],
[43, 0.6644660010000001, 10837.348782024688, 0.0, 0.00816326530612245, 0.007142857142857143],
[44, 0.6769673, 10925.364197366049, 0.01020408163265306, 0.004081632653061225, 0.011224489795918368],
[45, 0.6916462990000001, 10837.138162823505, 0.0, 0.006122448979591836, 0.012244897959183673],
[46, 0.7039718990000001, 10925.556074812968, 0.0, 0.012244897959183673, 0.011224489795918368],
[47, 0.7178335990000001, 10836.967573364005, 0.01020408163265306, 0.006122448979591836, 0.007142857142857143],
[48, 0.7306931990000001, 10925.70920442517, 0.02040816326530612, 0.00816326530612245, 0.00816326530612245],
[49, 0.7430907990000001, 10836.774944775178, 0.0, 0.006122448979591836, 0.009183673469387756],
[50, 0.755668399, 10925.922395305151, 0.01020408163265306, 0.014285714285714285, 0.0163265306122449],
[51, 0.768436599, 10836.630248343807, 0.02040816326530612, 0.02040816326530612, 0.0163265306122449],
[52, 0.781066299, 10926.190440874158, 0.01020408163265306, 0.012244897959183673, 0.01326530612244898],
[53, 0.793965999, 10836.441318167683, 0.0, 0.00816326530612245, 0.007142857142857143],
[54, 0.806818899, 10926.3244020534, 0.0, 0.01020408163265306, 0.01020408163265306],
[55, 0.819577599, 10836.224159640207, 0.0, 0.006122448979591836, 0.00816326530612245],
[56, 0.834413198, 10926.467839602385, 0.01020408163265306, 0.004081632653061225, 0.00816326530612245],
[57, 0.847493097, 10836.034241173484, 0.01020408163265306, 0.006122448979591836, 0.00816326530612245],
[58, 0.860515697, 10926.666498736184, 0.0, 0.004081632653061225, 0.007142857142857143],
[59, 0.874278296, 10835.869865394001, 0.0, 0.0020408163265306124, 0.004081632653061225],
[60, 0.886468296, 10926.779410972742, 0.0, 0.012244897959183673, 0.01326530612244898],
[61, 0.899385295, 10835.799122475146, 0.02040816326530612, 0.012244897959183673, 0.0163265306122449],
[62, 0.9120889959999999, 10926.87287168166, 0.04081632653061224, 0.018367346938775512, 0.015306122448979591],
[63, 0.9247257959999999, 10835.703211100448, 0.0, 0.004081632653061225, 0.007142857142857143],
[64, 0.937033496, 10927.059960750095, 0.02040816326530612, 0.0163265306122449, 0.01020408163265306],
[65, 0.950994597, 10835.513574627621, 0.01020408163265306, 0.006122448979591836, 0.007142857142857143],
[66, 0.964256297, 10927.21549231035, 0.02040816326530612, 0.012244897959183673, 0.012244897959183673],
[67, 0.976540697, 10835.42277472526, 0.0, 0.00816326530612245, 0.014285714285714285],
[68, 0.9907715970000001, 10927.402530744534, 0.01020408163265306, 0.00816326530612245, 0.01326530612244898],
[69, 1.003689697, 10835.223422501727, 0.01020408163265306, 0.014285714285714285, 0.012244897959183673],
[70, 1.017411997, 10927.514902737703, 0.0, 0.018367346938775512, 0.011224489795918368],
[71, 1.030373998, 10835.185028744569, 0.01020408163265306, 0.0163265306122449, 0.01326530612244898],
[72, 1.043507998, 10927.621009630055, 0.01020408163265306, 0.0163265306122449, 0.011224489795918368],
[73, 1.056664798, 10835.061683486607, 0.01020408163265306, 0.00816326530612245, 0.009183673469387756],
[74, 1.076768897, 10927.755499742618, 0.01020408163265306, 0.006122448979591836, 0.007142857142857143],
[75, 1.089857398, 10834.882544110478, 0.01020408163265306, 0.006122448979591836, 0.01020408163265306],
[76, 1.1032019979999999, 10927.818598918071, 0.01020408163265306, 0.0163265306122449, 0.014285714285714285],
[77, 1.1165653979999999, 10834.811296873326, 0.01020408163265306, 0.006122448979591836, 0.009183673469387756],
[78, 1.129098698, 10927.937637133386, 0.01020408163265306, 0.014285714285714285, 0.014285714285714285],
[79, 1.142446898, 10834.809299747056, 0.01020408163265306, 0.00816326530612245, 0.00816326530612245],
[80, 1.155433998, 10928.09275370827, 0.01020408163265306, 0.006122448979591836, 0.009183673469387756],
[81, 1.168244299, 10834.700665166814, 0.02040816326530612, 0.018367346938775512, 0.014285714285714285],
[82, 1.181015398, 10928.15509965821, 0.0, 0.012244897959183673, 0.01326530612244898],
[83, 1.193821398, 10834.5105308898, 0.0, 0.012244897959183673, 0.01020408163265306],
[84, 1.2070779980000002, 10928.25729790735, 0.0, 0.006122448979591836, 0.00816326530612245],
[85, 1.2198131980000002, 10834.417307874906, 0.0, 0.004081632653061225, 0.00510204081632653],
[86, 1.2321693990000002, 10928.380002244969, 0.01020408163265306, 0.004081632653061225, 0.004081632653061225],
[87, 1.2447417990000003, 10834.36450958643, 0.0, 0.014285714285714285, 0.02040816326530612],
[88, 1.2570887990000004, 10928.530466598815, 0.01020408163265306, 0.00816326530612245, 0.012244897959183673],
[89, 1.2695686000000004, 10834.222827152116, 0.0, 0.00816326530612245, 0.009183673469387756],
[90, 1.2833216000000003, 10928.640157746553, 0.01020408163265306, 0.014285714285714285, 0.011224489795918368],
[91, 1.2968873000000003, 10834.152025710246, 0.02040816326530612, 0.012244897959183673, 0.009183673469387756],
[92, 1.3093865000000002, 10928.78766111473, 0.0, 0.018367346938775512, 0.014285714285714285],
[93, 1.3218093000000002, 10833.981683025591, 0.02040816326530612, 0.014285714285714285, 0.01326530612244898],
[94, 1.3347807000000003, 10928.88267136458, 0.01020408163265306, 0.00816326530612245, 0.007142857142857143],
[95, 1.3467965000000002, 10833.84967338841, 0.0, 0.00816326530612245, 0.007142857142857143],
[96, 1.3595047000000002, 10928.999605739486, 0.01020408163265306, 0.01020408163265306, 0.01020408163265306],
[97, 1.3723763000000002, 10833.833104263396, 0.02040816326530612, 0.0163265306122449, 0.02040816326530612],
[98, 1.3852067000000001, 10929.138655157361, 0.02040816326530612, 0.012244897959183673, 0.014285714285714285],
[99, 1.3995373000000002, 10833.7298286915, 0.0, 0.012244897959183673, 0.012244897959183673],
[100, 1.4140771000000003, 10929.189196877469, 0.01020408163265306, 0.01020408163265306, 0.006122448979591836],
[101, 1.4270169000000004, 10833.647293469006, 0.01020408163265306, 0.01020408163265306, 0.01020408163265306],
[102, 1.4399462010000004, 10929.281480212543, 0.01020408163265306, 0.006122448979591836, 0.00510204081632653],
[103, 1.4543414020000003, 10833.550163533511, 0.01020408163265306, 0.0163265306122449, 0.01326530612244898],
[104, 1.4674307020000004, 10929.357392595592, 0.02040816326530612, 0.01020408163265306, 0.0163265306122449],
[105, 1.4809628020000003, 10833.434347686061, 0.01020408163265306, 0.018367346938775512, 0.015306122448979591],
[106, 1.4931708020000003, 10929.461895295812, 0.0, 0.012244897959183673, 0.012244897959183673],
[107, 1.5058830020000002, 10833.372916845916, 0.0, 0.012244897959183673, 0.009183673469387756],
[108, 1.5190267030000002, 10929.48842422563, 0.0, 0.006122448979591836, 0.01020408163265306],
[109, 1.5319901040000001, 10833.381427931474, 0.02040816326530612, 0.0163265306122449, 0.01326530612244898],
[110, 1.5450412040000001, 10929.549690302698, 0.02040816326530612, 0.012244897959183673, 0.01020408163265306],
[111, 1.5585401040000002, 10833.302637764064, 0.0, 0.01020408163265306, 0.014285714285714285],
[112, 1.571627204, 10929.618926500383, 0.02040816326530612, 0.014285714285714285, 0.014285714285714285],
[113, 1.584443204, 10833.161253496397, 0.0, 0.00816326530612245, 0.007142857142857143],
[114, 1.597203504, 10929.718088887043, 0.02040816326530612, 0.00816326530612245, 0.01326530612244898],
[115, 1.6254763030000001, 10833.115548088686, 0.0, 0.006122448979591836, 0.012244897959183673],
[116, 1.638929402, 10929.7396170842, 0.01020408163265306, 0.014285714285714285, 0.014285714285714285],
[117, 1.652369102, 10833.11127497036, 0.0, 0.00816326530612245, 0.014285714285714285],
[118, 1.665878102, 10929.7988255646, 0.02040816326530612, 0.018367346938775512, 0.011224489795918368],
[119, 1.678513602, 10832.988045264417, 0.01020408163265306, 0.012244897959183673, 0.01326530612244898],
[120, 1.690792702, 10929.887256549844, 0.02040816326530612, 0.014285714285714285, 0.009183673469387756],
[121, 1.704387802, 10833.049321716879, 0.02040816326530612, 0.014285714285714285, 0.01020408163265306],
