rank: 30, ratio of 0 vs 1: 3, lambda:11, learning_rate: 0.35
iter time objective_function precision@K = 1, 5, 10
[0,11741.395847308395, 0.0 0.01020408163265306 0.009183673469387756],
[1, 0.0137826, 11429.595070855206, 0.01020408163265306, 0.004081632653061225, 0.006122448979591836],
[2, 0.026631301000000003, 11303.195784858799, 0.02040816326530612, 0.0163265306122449, 0.017346938775510204],
[3, 0.040567201000000004, 11087.709457403951, 0.01020408163265306, 0.014285714285714285, 0.011224489795918368],
[4, 0.055527101, 10912.579790520876, 0.01020408163265306, 0.012244897959183673, 0.009183673469387756],
[5, 0.0704564, 10918.964494268243, 0.0, 0.01020408163265306, 0.009183673469387756],
[6, 0.084691001, 10859.982020968702, 0.01020408163265306, 0.01020408163265306, 0.006122448979591836],
[7, 0.098158002, 10881.844831854418, 0.0, 0.01020408163265306, 0.01020408163265306],
[8, 0.112404902, 10836.775123030147, 0.01020408163265306, 0.004081632653061225, 0.009183673469387756],
[9, 0.125682602, 10853.647103105623, 0.0, 0.01020408163265306, 0.011224489795918368],
[10, 0.138983902, 10820.874948436032, 0.0, 0.018367346938775512, 0.02040816326530612],
[11, 0.152911302, 10834.561574283258, 0.030612244897959183, 0.018367346938775512, 0.018367346938775512],
[12, 0.166329902, 10812.70317319602, 0.030612244897959183, 0.0163265306122449, 0.012244897959183673],
[13, 0.181254902, 10821.290975265607, 0.01020408163265306, 0.0163265306122449, 0.0163265306122449],
[14, 0.193417102, 10806.69117300654, 0.04081632653061224, 0.012244897959183673, 0.012244897959183673],
[15, 0.206542802, 10812.803168840654, 0.02040816326530612, 0.01020408163265306, 0.00816326530612245],
[16, 0.221107003, 10802.644758976885, 0.0, 0.006122448979591836, 0.006122448979591836],
[17, 0.234010803, 10807.569513912234, 0.0, 0.01020408163265306, 0.011224489795918368],
[18, 0.24707200299999998, 10800.95946053576, 0.0, 0.004081632653061225, 0.00816326530612245],
[19, 0.274658203, 10803.341617491395, 0.0, 0.014285714285714285, 0.014285714285714285],
[20, 0.28901420299999997, 10799.205046498735, 0.01020408163265306, 0.014285714285714285, 0.01326530612244898],
[21, 0.30127420299999996, 10801.19463390515, 0.0, 0.00816326530612245, 0.015306122448979591],
[22, 0.31472190199999994, 10798.468161635703, 0.0, 0.012244897959183673, 0.015306122448979591],
[23, 0.32816040199999996, 10799.545990707884, 0.01020408163265306, 0.006122448979591836, 0.01020408163265306],
[24, 0.34045320199999995, 10797.815866791721, 0.05102040816326531, 0.02653061224489796, 0.023469387755102038],
[25, 0.353924602, 10798.628545348554, 0.01020408163265306, 0.01020408163265306, 0.011224489795918368],
[26, 0.366931203, 10797.511628123391, 0.030612244897959183, 0.014285714285714285, 0.014285714285714285],
[27, 0.37958270299999997, 10797.939096712053, 0.0, 0.00816326530612245, 0.012244897959183673],
[28, 0.392960602, 10797.2376876309, 0.0, 0.00816326530612245, 0.011224489795918368],
[29, 0.408552703, 10797.542027232885, 0.02040816326530612, 0.018367346938775512, 0.012244897959183673],
[30, 0.424009103, 10797.09436453938, 0.02040816326530612, 0.01020408163265306, 0.00816326530612245],
[31, 0.437920403, 10797.29018466539, 0.01020408163265306, 0.00816326530612245, 0.01020408163265306],
[32, 0.450936002, 10796.998280151118, 0.01020408163265306, 0.018367346938775512, 0.014285714285714285],
[33, 0.464076901, 10797.114564224825, 0.02040816326530612, 0.014285714285714285, 0.014285714285714285],
[34, 0.477422101, 10796.934094077165, 0.01020408163265306, 0.00816326530612245, 0.009183673469387756],
[35, 0.491018202, 10797.013692667324, 0.02040816326530612, 0.00816326530612245, 0.011224489795918368],
[36, 0.504124703, 10796.894054904558, 0.01020408163265306, 0.024489795918367346, 0.018367346938775512],
[37, 0.517233904, 10796.943004044915, 0.02040816326530612, 0.012244897959183673, 0.011224489795918368],
[38, 0.530749004, 10796.867120999403, 0.02040816326530612, 0.012244897959183673, 0.015306122448979591],
[39, 0.544922504, 10796.90036283409, 0.0, 0.004081632653061225, 0.009183673469387756],
[40, 0.562061004, 10796.851959958472, 0.02040816326530612, 0.01020408163265306, 0.012244897959183673],
[41, 0.575522004, 10796.872653481618, 0.01020408163265306, 0.014285714285714285, 0.01020408163265306],
[42, 0.588783704, 10796.842071915897, 0.030612244897959183, 0.018367346938775512, 0.015306122448979591],
[43, 0.601833905, 10796.852812989122, 0.01020408163265306, 0.014285714285714285, 0.0163265306122449],
[44, 0.614784206, 10796.834613734005, 0.0, 0.01020408163265306, 0.009183673469387756],
[45, 0.628109107, 10796.843271759719, 0.01020408163265306, 0.01020408163265306, 0.01020408163265306],
[46, 0.642241207, 10796.82994825032, 0.01020408163265306, 0.012244897959183673, 0.01326530612244898],
[47, 0.656662007, 10796.835592247126, 0.01020408163265306, 0.00816326530612245, 0.01020408163265306],
[48, 0.671694708, 10796.827529819455, 0.02040816326530612, 0.018367346938775512, 0.01326530612244898],
[49, 0.686973708, 10796.830946067003, 0.0, 0.006122448979591836, 0.015306122448979591],
[50, 0.699923208, 10796.825457659526, 0.01020408163265306, 0.014285714285714285, 0.015306122448979591],
[51, 0.713001608, 10796.827998400237, 0.01020408163265306, 0.006122448979591836, 0.00816326530612245],
[52, 0.725966008, 10796.824740941236, 0.01020408163265306, 0.00816326530612245, 0.00816326530612245],
[53, 0.739508109, 10796.825910535523, 0.0, 0.00816326530612245, 0.009183673469387756],
[54, 0.752665209, 10796.823686758293, 0.02040816326530612, 0.014285714285714285, 0.012244897959183673],
[55, 0.767368509, 10796.824809423471, 0.0, 0.006122448979591836, 0.01326530612244898],
[56, 0.779739109, 10796.823455938775, 0.0, 0.006122448979591836, 0.01326530612244898],
[57, 0.792464709, 10796.823908518549, 0.01020408163265306, 0.006122448979591836, 0.006122448979591836],
[58, 0.805042109, 10796.823040890333, 0.04081632653061224, 0.02040816326530612, 0.015306122448979591],
[59, 0.817783009, 10796.82348753933, 0.030612244897959183, 0.0163265306122449, 0.012244897959183673],
[60, 0.969787409, 10796.822919065362, 0.02040816326530612, 0.014285714285714285, 0.01326530612244898],
[61, 0.982346209, 10796.8231040563, 0.02040816326530612, 0.014285714285714285, 0.012244897959183673],
[62, 0.997076709, 10796.82277050893, 0.0, 0.006122448979591836, 0.006122448979591836],
[63, 1.01047241, 10796.822934061698, 0.030612244897959183, 0.014285714285714285, 0.0163265306122449],
[64, 1.02326681, 10796.822691556685, 0.0, 0.012244897959183673, 0.012244897959183673],
[65, 1.03699971, 10796.822790692586, 0.0, 0.00816326530612245, 0.009183673469387756],
[66, 1.0498100099999998, 10796.822649258631, 0.02040816326530612, 0.012244897959183673, 0.009183673469387756],
[67, 1.06368581, 10796.822707679572, 0.02040816326530612, 0.0163265306122449, 0.014285714285714285],
[68, 1.07698721, 10796.822615777488, 0.01020408163265306, 0.02040816326530612, 0.014285714285714285],
[69, 1.090605011, 10796.822652190587, 0.01020408163265306, 0.01020408163265306, 0.007142857142857143],
[70, 1.1029749100000001, 10796.82259424013, 0.05102040816326531, 0.02857142857142857, 0.02040816326530612],
[71, 1.11563301, 10796.822620697438, 0.0, 0.0020408163265306124, 0.01020408163265306],
[72, 1.128386509, 10796.822580272912, 0.01020408163265306, 0.02040816326530612, 0.011224489795918368],
[73, 1.140935708, 10796.822597741133, 0.02040816326530612, 0.012244897959183673, 0.011224489795918368],
[74, 1.152886908, 10796.822573404856, 0.0, 0.014285714285714285, 0.012244897959183673],
[75, 1.166289908, 10796.82258304623, 0.0, 0.004081632653061225, 0.009183673469387756],
[76, 1.179263009, 10796.822567389929, 0.02040816326530612, 0.02040816326530612, 0.015306122448979591],
[77, 1.1920008100000001, 10796.822574233218, 0.01020408163265306, 0.01020408163265306, 0.00816326530612245],
[78, 1.204747009, 10796.822564235883, 0.02040816326530612, 0.0163265306122449, 0.0163265306122449],
[79, 1.2192953100000001, 10796.822568707412, 0.0, 0.01020408163265306, 0.01020408163265306],
[80, 1.2335060100000002, 10796.822562036565, 0.01020408163265306, 0.012244897959183673, 0.014285714285714285],
[81, 1.2457522100000002, 10796.822564536069, 0.01020408163265306, 0.014285714285714285, 0.0163265306122449],
[82, 1.2593357100000002, 10796.822560707054, 0.02040816326530612, 0.014285714285714285, 0.012244897959183673],
[83, 1.2719471090000003, 10796.822562419116, 0.0, 0.006122448979591836, 0.011224489795918368],
[84, 1.2842068090000003, 10796.82255967837, 0.01020408163265306, 0.00816326530612245, 0.009183673469387756],
[85, 1.2971801090000004, 10796.822560804107, 0.01020408163265306, 0.00816326530612245, 0.012244897959183673],
[86, 1.3109322090000004, 10796.822559205191, 0.01020408163265306, 0.02040816326530612, 0.017346938775510204],
[87, 1.3264818090000003, 10796.82255990617, 0.01020408163265306, 0.006122448979591836, 0.006122448979591836],
[88, 1.3396126090000005, 10796.822558785658, 0.02040816326530612, 0.012244897959183673, 0.007142857142857143],
[89, 1.3527455090000005, 10796.822559240089, 0.01020408163265306, 0.006122448979591836, 0.00816326530612245],
[90, 1.3657980090000004, 10796.822558554588, 0.0, 0.018367346938775512, 0.012244897959183673],
[91, 1.3788792080000003, 10796.822558854092, 0.0, 0.00816326530612245, 0.009183673469387756],
[92, 1.3924620090000004, 10796.822558427035, 0.05102040816326531, 0.02040816326530612, 0.017346938775510204],
[93, 1.4060933090000003, 10796.822558594718, 0.02040816326530612, 0.014285714285714285, 0.0163265306122449],
[94, 1.4195959080000002, 10796.822558309212, 0.02040816326530612, 0.01020408163265306, 0.011224489795918368],
[95, 1.4323000080000003, 10796.822558443284, 0.01020408163265306, 0.01020408163265306, 0.01020408163265306],
[96, 1.4470238080000004, 10796.822558259828, 0.01020408163265306, 0.01020408163265306, 0.01020408163265306],
[97, 1.4597302090000004, 10796.8225583253, 0.02040816326530612, 0.012244897959183673, 0.009183673469387756],
[98, 1.4726413090000003, 10796.822558214371, 0.02040816326530612, 0.018367346938775512, 0.02040816326530612],
[99, 1.4854016090000004, 10796.822558267595, 0.01020408163265306, 0.0163265306122449, 0.015306122448979591],
[100, 1.4987479090000004, 10796.82255819082, 0.0, 0.014285714285714285, 0.01326530612244898],
[101, 1.5274180080000004, 10796.82255822115, 0.01020408163265306, 0.004081632653061225, 0.006122448979591836],
[102, 1.5395364080000005, 10796.822558174468, 0.01020408163265306, 0.0163265306122449, 0.014285714285714285],
[103, 1.5523520090000005, 10796.822558195418, 0.02040816326530612, 0.014285714285714285, 0.011224489795918368],
[104, 1.5653906100000006, 10796.822558165202, 0.02040816326530612, 0.01020408163265306, 0.01326530612244898],
[105, 1.5788315090000005, 10796.822558176904, 0.0, 0.006122448979591836, 0.01020408163265306],
[106, 1.5916510090000004, 10796.822558157151, 0.01020408163265306, 0.022448979591836737, 0.018367346938775512],
[107, 1.6044482090000005, 10796.822558165797, 0.02040816326530612, 0.014285714285714285, 0.014285714285714285],
[108, 1.6175335080000006, 10796.822558154077, 0.02040816326530612, 0.00816326530612245, 0.007142857142857143],
[109, 1.6299267080000006, 10796.822558158845, 0.0, 0.01020408163265306, 0.01020408163265306],
[110, 1.6429550090000007, 10796.82255815073, 0.02040816326530612, 0.014285714285714285, 0.011224489795918368],
[111, 1.6554841090000008, 10796.822558154176, 0.01020408163265306, 0.01020408163265306, 0.00816326530612245],
[112, 1.6694290100000007, 10796.822558149091, 0.01020408163265306, 0.014285714285714285, 0.012244897959183673],
[113, 1.6828701100000008, 10796.822558151363, 0.01020408163265306, 0.00816326530612245, 0.01020408163265306],
[114, 1.6964893100000007, 10796.822558148095, 0.01020408163265306, 0.006122448979591836, 0.00816326530612245],
[115, 1.7091005110000006, 10796.822558149332, 0.0, 0.01020408163265306, 0.009183673469387756],
[116, 1.7217839110000006, 10796.82255814735, 0.0, 0.006122448979591836, 0.012244897959183673],
[117, 1.7347776100000005, 10796.822558148218, 0.0, 0.00816326530612245, 0.009183673469387756],
[118, 1.7477332090000006, 10796.822558146849, 0.030612244897959183, 0.014285714285714285, 0.0163265306122449],
[119, 1.7601048090000007, 10796.822558147449, 0.02040816326530612, 0.01020408163265306, 0.015306122448979591],
[120, 1.7728905090000007, 10796.822558146603, 0.01020408163265306, 0.00816326530612245, 0.009183673469387756],
[121, 1.7852427090000007, 10796.822558146918, 0.0, 0.0163265306122449, 0.01326530612244898],
