rank: 30, ratio of 0 vs 1: 3, lambda:2, learning_rate: 0.35
iter time objective_function precision@K = 1, 5, 10
[0,10969.751216867662, 0.0 0.01020408163265306 0.009183673469387756],
[1, 0.0132089, 10937.590117670057, 0.01020408163265306, 0.012244897959183673, 0.011224489795918368],
[2, 0.027638599, 10920.33275639372, 0.030612244897959183, 0.012244897959183673, 0.01326530612244898],
[3, 0.042438698999999996, 10907.136475466952, 0.0, 0.01020408163265306, 0.011224489795918368],
[4, 0.055764298999999996, 10896.345222745498, 0.01020408163265306, 0.01020408163265306, 0.01020408163265306],
[5, 0.068716299, 10887.820579308884, 0.01020408163265306, 0.006122448979591836, 0.007142857142857143],
[6, 0.08232229899999999, 10880.390564666906, 0.030612244897959183, 0.00816326530612245, 0.007142857142857143],
[7, 0.09515629899999999, 10874.483525054338, 0.02040816326530612, 0.004081632653061225, 0.011224489795918368],
[8, 0.10890039899999998, 10869.156626532893, 0.01020408163265306, 0.004081632653061225, 0.007142857142857143],
[9, 0.12393319899999998, 10864.70572629102, 0.02040816326530612, 0.00816326530612245, 0.009183673469387756],
[10, 0.13768179999999997, 10860.826987933044, 0.02040816326530612, 0.012244897959183673, 0.009183673469387756],
[11, 0.15112580099999998, 10858.025483197182, 0.02040816326530612, 0.012244897959183673, 0.009183673469387756],
[12, 0.16455160199999996, 10855.229450866877, 0.02040816326530612, 0.014285714285714285, 0.01020408163265306],
[13, 0.17885840099999997, 10853.025902079311, 0.02040816326530612, 0.014285714285714285, 0.011224489795918368],
[14, 0.19225260099999997, 10851.146716785894, 0.02040816326530612, 0.014285714285714285, 0.011224489795918368],
[15, 0.20735260099999997, 10849.810065692218, 0.01020408163265306, 0.014285714285714285, 0.01020408163265306],
[16, 0.22154520099999997, 10848.076976190685, 0.02040816326530612, 0.014285714285714285, 0.011224489795918368],
[17, 0.23540280099999997, 10847.146322977937, 0.02040816326530612, 0.014285714285714285, 0.012244897959183673],
[18, 0.24858639999999996, 10846.22744861621, 0.02040816326530612, 0.014285714285714285, 0.011224489795918368],
[19, 0.26285239899999996, 10845.056521908567, 0.02040816326530612, 0.014285714285714285, 0.012244897959183673],
[20, 0.27735749899999995, 10844.343292178271, 0.02040816326530612, 0.0163265306122449, 0.011224489795918368],
[21, 0.29121469899999997, 10844.000036323398, 0.02040816326530612, 0.0163265306122449, 0.011224489795918368],
[22, 0.305658799, 10843.351040018662, 0.030612244897959183, 0.018367346938775512, 0.011224489795918368],
[23, 0.319065999, 10842.590757457046, 0.030612244897959183, 0.018367346938775512, 0.012244897959183673],
[24, 0.3338879, 10842.684621706252, 0.02040816326530612, 0.018367346938775512, 0.012244897959183673],
[25, 0.3479875, 10841.992189012473, 0.02040816326530612, 0.018367346938775512, 0.012244897959183673],
[26, 0.36094170000000003, 10841.822858410951, 0.02040816326530612, 0.018367346938775512, 0.012244897959183673],
[27, 0.3744237, 10841.83985174048, 0.02040816326530612, 0.018367346938775512, 0.012244897959183673],
[28, 0.38758810000000005, 10841.327073834495, 0.02040816326530612, 0.018367346938775512, 0.012244897959183673],
[29, 0.40087310000000004, 10841.410235059413, 0.02040816326530612, 0.018367346938775512, 0.012244897959183673],
[30, 0.41384350000000003, 10841.43197073335, 0.02040816326530612, 0.018367346938775512, 0.012244897959183673],
[31, 0.427154299, 10841.174336685055, 0.02040816326530612, 0.018367346938775512, 0.012244897959183673],
[32, 0.44140280000000004, 10840.953831256926, 0.02040816326530612, 0.018367346938775512, 0.01326530612244898],
[33, 0.45568110000000006, 10840.961907775283, 0.02040816326530612, 0.018367346938775512, 0.01326530612244898],
[34, 0.4687170990000001, 10840.968847775388, 0.02040816326530612, 0.018367346938775512, 0.01326530612244898],
[35, 0.4807731990000001, 10840.685067317489, 0.02040816326530612, 0.018367346938775512, 0.01326530612244898],
[36, 0.4943168000000001, 10840.514292031918, 0.02040816326530612, 0.018367346938775512, 0.01326530612244898],
[37, 0.5080010990000001, 10840.407508175344, 0.02040816326530612, 0.018367346938775512, 0.01326530612244898],
[38, 0.5361530000000001, 10840.533535633002, 0.02040816326530612, 0.018367346938775512, 0.01326530612244898],
[39, 0.5502189010000001, 10840.513244769174, 0.02040816326530612, 0.018367346938775512, 0.01326530612244898],
[40, 0.5627045000000002, 10840.324642698497, 0.02040816326530612, 0.018367346938775512, 0.01326530612244898],
[41, 0.5756038000000001, 10840.375000440024, 0.02040816326530612, 0.018367346938775512, 0.01326530612244898],
[42, 0.5903160990000001, 10840.317194117291, 0.02040816326530612, 0.018367346938775512, 0.01326530612244898],
[43, 0.6031668990000002, 10840.46961414074, 0.02040816326530612, 0.018367346938775512, 0.01326530612244898],
[44, 0.6177728990000002, 10840.341786718718, 0.02040816326530612, 0.018367346938775512, 0.01326530612244898],
[45, 0.6300877990000002, 10840.422905927931, 0.02040816326530612, 0.018367346938775512, 0.01326530612244898],
[46, 0.6424435990000003, 10840.284931262508, 0.02040816326530612, 0.018367346938775512, 0.01326530612244898],
[47, 0.6566378990000002, 10840.490294321717, 0.02040816326530612, 0.018367346938775512, 0.01326530612244898],
[48, 0.6693540980000002, 10840.325553066421, 0.02040816326530612, 0.018367346938775512, 0.01326530612244898],
[49, 0.6829997980000002, 10840.649903347576, 0.02040816326530612, 0.018367346938775512, 0.01326530612244898],
[50, 0.6947825970000002, 10840.352330603906, 0.02040816326530612, 0.018367346938775512, 0.01326530612244898],
[51, 0.7063788970000002, 10840.424860905636, 0.02040816326530612, 0.018367346938775512, 0.01326530612244898],
[52, 0.7196401970000003, 10840.229045589167, 0.02040816326530612, 0.018367346938775512, 0.01326530612244898],
[53, 0.7327700970000003, 10840.582414676941, 0.02040816326530612, 0.018367346938775512, 0.01326530612244898],
[54, 0.7462618970000003, 10840.324223669144, 0.02040816326530612, 0.018367346938775512, 0.01326530612244898],
[55, 0.7592680960000003, 10840.511634997014, 0.02040816326530612, 0.018367346938775512, 0.01326530612244898],
[56, 0.7730443960000003, 10840.49570249393, 0.02040816326530612, 0.018367346938775512, 0.01326530612244898],
[57, 0.7858797960000004, 10840.372682027548, 0.02040816326530612, 0.018367346938775512, 0.01326530612244898],
[58, 0.7987269960000003, 10840.32754292797, 0.02040816326530612, 0.018367346938775512, 0.01326530612244898],
[59, 0.8107697950000003, 10840.156378726619, 0.02040816326530612, 0.018367346938775512, 0.01326530612244898],
[60, 0.8235572950000003, 10840.257725259831, 0.02040816326530612, 0.018367346938775512, 0.01326530612244898],
[61, 0.8382700950000003, 10840.363200686797, 0.02040816326530612, 0.018367346938775512, 0.01326530612244898],
[62, 0.8521074950000003, 10840.258443059533, 0.02040816326530612, 0.018367346938775512, 0.01326530612244898],
[63, 0.8656419950000003, 10840.488477798046, 0.02040816326530612, 0.018367346938775512, 0.01326530612244898],
[64, 0.8794119950000002, 10840.24247976982, 0.02040816326530612, 0.018367346938775512, 0.01326530612244898],
[65, 0.8933154950000002, 10840.273888265101, 0.02040816326530612, 0.018367346938775512, 0.01326530612244898],
[66, 0.9083107950000002, 10840.587533802727, 0.02040816326530612, 0.018367346938775512, 0.01326530612244898],
[67, 0.9222045940000002, 10840.452039543878, 0.02040816326530612, 0.018367346938775512, 0.01326530612244898],
[68, 0.9368339940000002, 10840.318912956714, 0.02040816326530612, 0.018367346938775512, 0.01326530612244898],
[69, 0.9505222950000002, 10840.434689306561, 0.02040816326530612, 0.018367346938775512, 0.01326530612244898],
[70, 0.9641406950000002, 10840.429914128128, 0.02040816326530612, 0.018367346938775512, 0.01326530612244898],
[71, 0.9776951950000002, 10840.312346325069, 0.02040816326530612, 0.018367346938775512, 0.01326530612244898],
[72, 0.9905425950000002, 10840.404047240216, 0.02040816326530612, 0.018367346938775512, 0.01326530612244898],
[73, 1.0044257950000002, 10840.322469293505, 0.02040816326530612, 0.018367346938775512, 0.01326530612244898],
[74, 1.018964895, 10840.38105116583, 0.02040816326530612, 0.018367346938775512, 0.01326530612244898],
[75, 1.032805994, 10840.367150606793, 0.02040816326530612, 0.018367346938775512, 0.01326530612244898],
[76, 1.0450403940000002, 10840.27538747793, 0.02040816326530612, 0.018367346938775512, 0.01326530612244898],
[77, 1.0569277940000001, 10840.43454345675, 0.02040816326530612, 0.018367346938775512, 0.01326530612244898],
[78, 1.0703177940000002, 10840.23806750651, 0.02040816326530612, 0.018367346938775512, 0.01326530612244898],
[79, 1.1466633940000002, 10840.443770541298, 0.02040816326530612, 0.018367346938775512, 0.01326530612244898],
[80, 1.1608579940000001, 10840.397406391381, 0.02040816326530612, 0.018367346938775512, 0.01326530612244898],
[81, 1.173535594, 10840.338837796085, 0.02040816326530612, 0.018367346938775512, 0.01326530612244898],
[82, 1.1879370930000002, 10840.324451595627, 0.02040816326530612, 0.018367346938775512, 0.01326530612244898],
[83, 1.2014647930000002, 10840.533083797212, 0.02040816326530612, 0.018367346938775512, 0.01326530612244898],
[84, 1.214928892, 10840.45330853838, 0.02040816326530612, 0.018367346938775512, 0.01326530612244898],
[85, 1.2297794930000001, 10840.410059255846, 0.02040816326530612, 0.018367346938775512, 0.01326530612244898],
[86, 1.2444572930000002, 10840.450162703808, 0.02040816326530612, 0.018367346938775512, 0.01326530612244898],
[87, 1.2574988930000002, 10840.325907669281, 0.02040816326530612, 0.018367346938775512, 0.01326530612244898],
[88, 1.2710179940000002, 10840.163992951911, 0.02040816326530612, 0.018367346938775512, 0.01326530612244898],
[89, 1.283690495, 10840.408910841168, 0.02040816326530612, 0.018367346938775512, 0.01326530612244898],
[90, 1.296413295, 10840.391966280082, 0.02040816326530612, 0.018367346938775512, 0.01326530612244898],
[91, 1.309389794, 10840.458920386625, 0.02040816326530612, 0.018367346938775512, 0.01326530612244898],
[92, 1.3222326940000002, 10840.36468153924, 0.02040816326530612, 0.018367346938775512, 0.01326530612244898],
[93, 1.3348600940000002, 10840.401497146986, 0.02040816326530612, 0.018367346938775512, 0.01326530612244898],
[94, 1.3495237930000001, 10840.578274362495, 0.02040816326530612, 0.018367346938775512, 0.01326530612244898],
[95, 1.3621767930000002, 10840.291310933388, 0.02040816326530612, 0.018367346938775512, 0.01326530612244898],
[96, 1.3790114930000001, 10840.30730383511, 0.02040816326530612, 0.018367346938775512, 0.01326530612244898],
[97, 1.3915417930000002, 10840.372833473688, 0.02040816326530612, 0.018367346938775512, 0.01326530612244898],
[98, 1.4047139930000003, 10840.446476466506, 0.02040816326530612, 0.018367346938775512, 0.01326530612244898],
[99, 1.4177926930000004, 10840.480714364634, 0.02040816326530612, 0.018367346938775512, 0.01326530612244898],
[100, 1.4300570930000005, 10840.227685914153, 0.02040816326530612, 0.018367346938775512, 0.01326530612244898],
[101, 1.4446873930000006, 10840.289158096903, 0.02040816326530612, 0.018367346938775512, 0.01326530612244898],
[102, 1.4575333930000005, 10840.323676450786, 0.02040816326530612, 0.018367346938775512, 0.01326530612244898],
[103, 1.4695017940000006, 10840.20852056804, 0.02040816326530612, 0.018367346938775512, 0.01326530612244898],
[104, 1.4824876940000007, 10840.401007090155, 0.02040816326530612, 0.018367346938775512, 0.01326530612244898],
[105, 1.4968497930000007, 10840.403184622483, 0.02040816326530612, 0.018367346938775512, 0.01326530612244898],
[106, 1.5104947930000006, 10840.305197491894, 0.02040816326530612, 0.018367346938775512, 0.01326530612244898],
[107, 1.5244847930000005, 10840.460043633557, 0.02040816326530612, 0.018367346938775512, 0.01326530612244898],
[108, 1.5379043930000005, 10840.497298050323, 0.02040816326530612, 0.018367346938775512, 0.01326530612244898],
[109, 1.5527839930000005, 10840.508105666378, 0.02040816326530612, 0.018367346938775512, 0.01326530612244898],
[110, 1.5667226930000004, 10840.689923093105, 0.02040816326530612, 0.018367346938775512, 0.01326530612244898],
[111, 1.5816546930000004, 10840.267884320841, 0.02040816326530612, 0.018367346938775512, 0.01326530612244898],
[112, 1.5975238930000004, 10840.300232705808, 0.02040816326530612, 0.018367346938775512, 0.01326530612244898],
[113, 1.6093397940000005, 10840.31201025828, 0.02040816326530612, 0.018367346938775512, 0.01326530612244898],
[114, 1.6224393940000006, 10840.428969942039, 0.02040816326530612, 0.018367346938775512, 0.01326530612244898],
[115, 1.6368775930000006, 10840.420061303399, 0.02040816326530612, 0.018367346938775512, 0.01326530612244898],
[116, 1.6517622930000007, 10840.289294321497, 0.02040816326530612, 0.018367346938775512, 0.01326530612244898],
[117, 1.6647054930000007, 10840.53218717803, 0.02040816326530612, 0.018367346938775512, 0.01326530612244898],
[118, 1.6773723930000006, 10840.086841347449, 0.02040816326530612, 0.018367346938775512, 0.01326530612244898],
[119, 1.6922123930000006, 10840.268203352167, 0.02040816326530612, 0.018367346938775512, 0.01326530612244898],
[120, 1.7247219920000005, 10840.261564889086, 0.02040816326530612, 0.018367346938775512, 0.01326530612244898],
[121, 1.7373931920000005, 10840.408068647637, 0.02040816326530612, 0.018367346938775512, 0.01326530612244898],
