rank: 30, ratio of 0 vs 1: 3, lambda:4, learning_rate: 0.35
iter time objective_function precision@K = 1, 5, 10
[0,11141.227801410048, 0.0 0.01020408163265306 0.009183673469387756],
[1, 0.0142166, 11036.942231568859, 0.02040816326530612, 0.01020408163265306, 0.007142857142857143],
[2, 0.0272258, 10980.566383222214, 0.01020408163265306, 0.012244897959183673, 0.01326530612244898],
[3, 0.040851701000000004, 10938.855211741682, 0.0, 0.014285714285714285, 0.012244897959183673],
[4, 0.054866601, 10907.743291788536, 0.0, 0.00816326530612245, 0.007142857142857143],
[5, 0.07159700199999999, 10884.597389536795, 0.0, 0.014285714285714285, 0.00816326530612245],
[6, 0.085731302, 10867.156228442742, 0.0, 0.0020408163265306124, 0.00816326530612245],
[7, 0.099403402, 10854.085908448875, 0.0, 0.004081632653061225, 0.009183673469387756],
[8, 0.113109202, 10844.248013738996, 0.0, 0.004081632653061225, 0.006122448979591836],
[9, 0.133530801, 10837.1825659098, 0.0, 0.006122448979591836, 0.00510204081632653],
[10, 0.14694200100000002, 10832.287860977987, 0.0, 0.006122448979591836, 0.00816326530612245],
[11, 0.16055370200000002, 10828.41814603636, 0.0, 0.006122448979591836, 0.006122448979591836],
[12, 0.17411590100000002, 10825.80593943385, 0.0, 0.0020408163265306124, 0.007142857142857143],
[13, 0.18774970200000002, 10823.733620998266, 0.0, 0.0020408163265306124, 0.007142857142857143],
[14, 0.20069460300000003, 10822.409680885952, 0.0, 0.0020408163265306124, 0.007142857142857143],
[15, 0.214382903, 10821.239324767572, 0.0, 0.0020408163265306124, 0.006122448979591836],
[16, 0.22740970300000002, 10820.471638792862, 0.0, 0.0020408163265306124, 0.006122448979591836],
[17, 0.24057130300000001, 10819.82323366858, 0.0, 0.0020408163265306124, 0.006122448979591836],
[18, 0.25871640300000004, 10819.436135332151, 0.0, 0.0020408163265306124, 0.00510204081632653],
[19, 0.27128610200000003, 10819.040918306053, 0.0, 0.0020408163265306124, 0.004081632653061225],
[20, 0.285029902, 10818.82902157887, 0.0, 0.0020408163265306124, 0.004081632653061225],
[21, 0.298975701, 10818.656925279758, 0.0, 0.0020408163265306124, 0.00510204081632653],
[22, 0.313474901, 10818.508157345355, 0.0, 0.0020408163265306124, 0.004081632653061225],
[23, 0.326504401, 10818.376124397973, 0.0, 0.0020408163265306124, 0.004081632653061225],
[24, 0.3388249, 10818.342074713157, 0.0, 0.0020408163265306124, 0.00510204081632653],
[25, 0.3521008, 10818.25719806311, 0.0, 0.0020408163265306124, 0.004081632653061225],
[26, 0.36496049999999997, 10818.21096825682, 0.0, 0.0020408163265306124, 0.00510204081632653],
[27, 0.3772211, 10818.214169051702, 0.0, 0.0020408163265306124, 0.00510204081632653],
[28, 0.390897999, 10818.152579246662, 0.0, 0.0020408163265306124, 0.00510204081632653],
[29, 0.404645099, 10818.15896929768, 0.0, 0.0020408163265306124, 0.00510204081632653],
[30, 0.417574098, 10818.155756714312, 0.0, 0.0020408163265306124, 0.00510204081632653],
[31, 0.431491298, 10818.124126890327, 0.0, 0.0020408163265306124, 0.00510204081632653],
[32, 0.44455729800000005, 10818.115339093882, 0.0, 0.0020408163265306124, 0.00510204081632653],
[33, 0.45756159800000007, 10818.123014181438, 0.0, 0.0020408163265306124, 0.00510204081632653],
[34, 0.4698428990000001, 10818.112933071401, 0.0, 0.0020408163265306124, 0.00510204081632653],
[35, 0.48284549900000007, 10818.101023890707, 0.0, 0.0020408163265306124, 0.00510204081632653],
[36, 0.4962249000000001, 10818.081546209121, 0.0, 0.0020408163265306124, 0.00510204081632653],
[37, 0.5094916, 10818.079349122192, 0.0, 0.0020408163265306124, 0.00510204081632653],
[38, 0.5225596, 10818.10116419653, 0.0, 0.0020408163265306124, 0.00510204081632653],
[39, 0.536706101, 10818.097059439871, 0.0, 0.0020408163265306124, 0.00510204081632653],
[40, 0.5508530020000001, 10818.083725654984, 0.0, 0.0020408163265306124, 0.00510204081632653],
[41, 0.5649212020000001, 10818.081256276406, 0.0, 0.0020408163265306124, 0.00510204081632653],
[42, 0.579534701, 10818.07957568435, 0.0, 0.0020408163265306124, 0.00510204081632653],
[43, 0.5933627, 10818.103709884681, 0.0, 0.0020408163265306124, 0.00510204081632653],
[44, 0.6073454, 10818.078924656913, 0.0, 0.0020408163265306124, 0.00510204081632653],
[45, 0.620421701, 10818.088427989464, 0.0, 0.0020408163265306124, 0.00510204081632653],
[46, 0.633950601, 10818.0832750734, 0.0, 0.0020408163265306124, 0.00510204081632653],
[47, 0.648706402, 10818.09183045593, 0.0, 0.0020408163265306124, 0.00510204081632653],
[48, 0.6617890009999999, 10818.091466734395, 0.0, 0.0020408163265306124, 0.00510204081632653],
[49, 0.6752090009999999, 10818.107558755999, 0.0, 0.0020408163265306124, 0.00510204081632653],
[50, 0.7028055009999999, 10818.092853890943, 0.0, 0.0020408163265306124, 0.00510204081632653],
[51, 0.716240602, 10818.09130356713, 0.0, 0.0020408163265306124, 0.00510204081632653],
[52, 0.7293278019999999, 10818.085867169002, 0.0, 0.0020408163265306124, 0.00510204081632653],
[53, 0.7430660009999999, 10818.116363043211, 0.0, 0.0020408163265306124, 0.00510204081632653],
[54, 0.7566408009999999, 10818.081013611149, 0.0, 0.0020408163265306124, 0.00510204081632653],
[55, 0.7699730009999999, 10818.099885920608, 0.0, 0.0020408163265306124, 0.00510204081632653],
[56, 0.7832813009999999, 10818.108550832723, 0.0, 0.0020408163265306124, 0.00510204081632653],
[57, 0.796085101, 10818.09357935755, 0.0, 0.0020408163265306124, 0.00510204081632653],
[58, 0.809449101, 10818.08323735496, 0.0, 0.0020408163265306124, 0.00510204081632653],
[59, 0.823427801, 10818.06517883096, 0.0, 0.0020408163265306124, 0.00510204081632653],
[60, 0.836663001, 10818.082532090817, 0.0, 0.0020408163265306124, 0.00510204081632653],
[61, 0.850201801, 10818.093176359396, 0.0, 0.0020408163265306124, 0.00510204081632653],
[62, 0.863166001, 10818.087992606574, 0.0, 0.0020408163265306124, 0.00510204081632653],
[63, 0.877045302, 10818.099624175285, 0.0, 0.0020408163265306124, 0.00510204081632653],
[64, 0.890539002, 10818.08744968923, 0.0, 0.0020408163265306124, 0.00510204081632653],
[65, 0.9044867010000001, 10818.076427738728, 0.0, 0.0020408163265306124, 0.00510204081632653],
[66, 0.918140001, 10818.113107865964, 0.0, 0.0020408163265306124, 0.00510204081632653],
[67, 0.930718602, 10818.0951967068, 0.0, 0.0020408163265306124, 0.00510204081632653],
[68, 0.944113203, 10818.086291774054, 0.0, 0.0020408163265306124, 0.00510204081632653],
[69, 0.957082604, 10818.095363268985, 0.0, 0.0020408163265306124, 0.00510204081632653],
[70, 0.970724504, 10818.109715572833, 0.0, 0.0020408163265306124, 0.00510204081632653],
[71, 0.984080204, 10818.089504433185, 0.0, 0.0020408163265306124, 0.00510204081632653],
[72, 0.997797704, 10818.082377180695, 0.0, 0.0020408163265306124, 0.00510204081632653],
[73, 1.010268804, 10818.093701486987, 0.0, 0.0020408163265306124, 0.00510204081632653],
[74, 1.023590703, 10818.098241423646, 0.0, 0.0020408163265306124, 0.00510204081632653],
[75, 1.037498703, 10818.088192318502, 0.0, 0.0020408163265306124, 0.00510204081632653],
[76, 1.050214603, 10818.077081223264, 0.0, 0.0020408163265306124, 0.00510204081632653],
[77, 1.063525602, 10818.098511769436, 0.0, 0.0020408163265306124, 0.00510204081632653],
[78, 1.077137703, 10818.086641187072, 0.0, 0.0020408163265306124, 0.00510204081632653],
[79, 1.090611102, 10818.103956807829, 0.0, 0.0020408163265306124, 0.00510204081632653],
[80, 1.105369301, 10818.100979244318, 0.0, 0.0020408163265306124, 0.00510204081632653],
[81, 1.1189953000000001, 10818.097660542353, 0.0, 0.0020408163265306124, 0.00510204081632653],
[82, 1.133026099, 10818.087362296226, 0.0, 0.0020408163265306124, 0.00510204081632653],
[83, 1.146238799, 10818.111285139265, 0.0, 0.0020408163265306124, 0.00510204081632653],
[84, 1.159838799, 10818.096153660856, 0.0, 0.0020408163265306124, 0.00510204081632653],
[85, 1.1737267980000001, 10818.101854224775, 0.0, 0.0020408163265306124, 0.00510204081632653],
[86, 1.187479699, 10818.098865338126, 0.0, 0.0020408163265306124, 0.00510204081632653],
[87, 1.199987098, 10818.093002711106, 0.0, 0.0020408163265306124, 0.00510204081632653],
[88, 1.213524898, 10818.075315658898, 0.0, 0.0020408163265306124, 0.00510204081632653],
[89, 1.227657098, 10818.100708182894, 0.0, 0.0020408163265306124, 0.00510204081632653],
[90, 1.241264398, 10818.0935217955, 0.0, 0.0020408163265306124, 0.00510204081632653],
[91, 1.346528697, 10818.104471890603, 0.0, 0.0020408163265306124, 0.00510204081632653],
[92, 1.360267198, 10818.093092687825, 0.0, 0.0020408163265306124, 0.00510204081632653],
[93, 1.3743821980000002, 10818.098208245045, 0.0, 0.0020408163265306124, 0.00510204081632653],
[94, 1.3873314980000002, 10818.099796446462, 0.0, 0.0020408163265306124, 0.00510204081632653],
[95, 1.4011489980000003, 10818.085560430272, 0.0, 0.0020408163265306124, 0.00510204081632653],
[96, 1.4150504980000003, 10818.10181935345, 0.0, 0.0020408163265306124, 0.00510204081632653],
[97, 1.4282196980000004, 10818.109065254775, 0.0, 0.0020408163265306124, 0.00510204081632653],
[98, 1.4440830970000005, 10818.097299240317, 0.0, 0.0020408163265306124, 0.00510204081632653],
[99, 1.4579748980000005, 10818.109592702764, 0.0, 0.0020408163265306124, 0.00510204081632653],
[100, 1.4720565970000004, 10818.07723867548, 0.0, 0.0020408163265306124, 0.00510204081632653],
[101, 1.4883762980000004, 10818.086292230404, 0.0, 0.0020408163265306124, 0.00510204081632653],
[102, 1.5017627970000005, 10818.085203489356, 0.0, 0.0020408163265306124, 0.00510204081632653],
[103, 1.5147414980000005, 10818.071792683455, 0.0, 0.0020408163265306124, 0.00510204081632653],
[104, 1.5290223970000005, 10818.092382420431, 0.0, 0.0020408163265306124, 0.00510204081632653],
[105, 1.5421715970000005, 10818.091960224197, 0.0, 0.0020408163265306124, 0.00510204081632653],
[106, 1.5557889960000004, 10818.092111283566, 0.0, 0.0020408163265306124, 0.00510204081632653],
[107, 1.5683888960000005, 10818.098636199535, 0.0, 0.0020408163265306124, 0.00510204081632653],
[108, 1.5809509960000006, 10818.106174294715, 0.0, 0.0020408163265306124, 0.00510204081632653],
[109, 1.5943253970000006, 10818.102217325895, 0.0, 0.0020408163265306124, 0.00510204081632653],
[110, 1.6075615980000006, 10818.107318844923, 0.0, 0.0020408163265306124, 0.00510204081632653],
[111, 1.6211531980000007, 10818.095250425984, 0.0, 0.0020408163265306124, 0.00510204081632653],
[112, 1.6344430980000006, 10818.084992430986, 0.0, 0.0020408163265306124, 0.00510204081632653],
[113, 1.6483808980000005, 10818.079235978157, 0.0, 0.0020408163265306124, 0.00510204081632653],
[114, 1.6620206990000006, 10818.098197773299, 0.0, 0.0020408163265306124, 0.00510204081632653],
[115, 1.6749835990000006, 10818.09319008066, 0.0, 0.0020408163265306124, 0.00510204081632653],
[116, 1.6877202990000006, 10818.082626253938, 0.0, 0.0020408163265306124, 0.00510204081632653],
[117, 1.7034790990000006, 10818.109520097878, 0.0, 0.0020408163265306124, 0.00510204081632653],
[118, 1.7173606990000005, 10818.074379680438, 0.0, 0.0020408163265306124, 0.00510204081632653],
[119, 1.7348323990000005, 10818.088018832332, 0.0, 0.0020408163265306124, 0.00510204081632653],
[120, 1.7482212990000006, 10818.083401622602, 0.0, 0.0020408163265306124, 0.00510204081632653],
[121, 1.7622939990000006, 10818.096685986551, 0.0, 0.0020408163265306124, 0.00510204081632653],
