rank: 30, ratio of 0 vs 1: 3, lambda:7, learning_rate: 0.35
iter time objective_function precision@K = 1, 5, 10
[0,11398.442678223626, 0.0 0.01020408163265306 0.009183673469387756],
[1, 0.0135863, 11155.13284095328, 0.02040816326530612, 0.012244897959183673, 0.011224489795918368],
[2, 0.027162399, 10949.35465812156, 0.01020408163265306, 0.00816326530612245, 0.00816326530612245],
[3, 0.039966699, 10835.304583608904, 0.01020408163265306, 0.004081632653061225, 0.007142857142857143],
[4, 0.053583398000000004, 10855.38025996598, 0.0, 0.014285714285714285, 0.01326530612244898],
[5, 0.066270198, 10820.098010457841, 0.02040816326530612, 0.012244897959183673, 0.012244897959183673],
[6, 0.079581998, 10829.444813472, 0.01020408163265306, 0.006122448979591836, 0.007142857142857143],
[7, 0.092552998, 10809.919078235838, 0.01020408163265306, 0.00816326530612245, 0.011224489795918368],
[8, 0.105598297, 10815.697154725942, 0.0, 0.006122448979591836, 0.007142857142857143],
[9, 0.12022559599999999, 10803.817292810727, 0.0, 0.012244897959183673, 0.009183673469387756],
[10, 0.134347695, 10807.798870580764, 0.0, 0.006122448979591836, 0.00816326530612245],
[11, 0.14727639599999998, 10800.740525717745, 0.02040816326530612, 0.014285714285714285, 0.014285714285714285],
[12, 0.16061689599999998, 10802.889818825626, 0.01020408163265306, 0.012244897959183673, 0.009183673469387756],
[13, 0.17960749699999998, 10799.353108196356, 0.0, 0.006122448979591836, 0.011224489795918368],
[14, 0.19262499699999996, 10800.102860224117, 0.030612244897959183, 0.012244897959183673, 0.014285714285714285],
[15, 0.20547139699999997, 10798.040312171137, 0.030612244897959183, 0.02040816326530612, 0.01326530612244898],
[16, 0.21880719599999998, 10798.83718750996, 0.02040816326530612, 0.012244897959183673, 0.012244897959183673],
[17, 0.231587096, 10797.571453765087, 0.01020408163265306, 0.00816326530612245, 0.006122448979591836],
[18, 0.244644496, 10797.861994663717, 0.0, 0.0, 0.006122448979591836],
[19, 0.257871796, 10797.248802872398, 0.0, 0.0020408163265306124, 0.00510204081632653],
[20, 0.270267997, 10797.449738583331, 0.01020408163265306, 0.0163265306122449, 0.011224489795918368],
[21, 0.282824396, 10797.060330224542, 0.02040816326530612, 0.01020408163265306, 0.01020408163265306],
[22, 0.29622359499999995, 10797.147611698601, 0.02040816326530612, 0.012244897959183673, 0.014285714285714285],
[23, 0.31062769599999995, 10796.959036888584, 0.0, 0.00816326530612245, 0.009183673469387756],
[24, 0.32444809599999996, 10797.015484090241, 0.02040816326530612, 0.006122448979591836, 0.00816326530612245],
[25, 0.33716649499999995, 10796.893235915735, 0.0, 0.014285714285714285, 0.015306122448979591],
[26, 0.34987839499999995, 10796.932089441874, 0.01020408163265306, 0.018367346938775512, 0.015306122448979591],
[27, 0.364159794, 10796.872841647739, 0.01020408163265306, 0.00816326530612245, 0.00816326530612245],
[28, 0.37801519299999997, 10796.881862596936, 0.01020408163265306, 0.01020408163265306, 0.01326530612244898],
[29, 0.390968092, 10796.84581016581, 0.02040816326530612, 0.0163265306122449, 0.017346938775510204],
[30, 0.403918491, 10796.857503651994, 0.0, 0.00816326530612245, 0.00816326530612245],
[31, 0.41646899, 10796.83649609893, 0.0, 0.0163265306122449, 0.011224489795918368],
[32, 0.430670591, 10796.843843745613, 0.0, 0.004081632653061225, 0.006122448979591836],
[33, 0.443705091, 10796.831696113562, 0.0, 0.004081632653061225, 0.007142857142857143],
[34, 0.456487291, 10796.833848550845, 0.0, 0.01020408163265306, 0.00816326530612245],
[35, 0.469824091, 10796.827927417675, 0.0, 0.004081632653061225, 0.006122448979591836],
[36, 0.483190491, 10796.829773806414, 0.02040816326530612, 0.01020408163265306, 0.00816326530612245],
[37, 0.496200392, 10796.826324858548, 0.0, 0.006122448979591836, 0.009183673469387756],
[38, 0.508562492, 10796.827092106221, 0.02040816326530612, 0.0163265306122449, 0.012244897959183673],
[39, 0.5211582920000001, 10796.824930298115, 0.02040816326530612, 0.006122448979591836, 0.01020408163265306],
[40, 0.534744792, 10796.825755963338, 0.01020408163265306, 0.012244897959183673, 0.01020408163265306],
[41, 0.549545892, 10796.824549874145, 0.02040816326530612, 0.006122448979591836, 0.009183673469387756],
[42, 0.5623422920000001, 10796.824763695084, 0.02040816326530612, 0.012244897959183673, 0.00816326530612245],
[43, 0.5750843910000001, 10796.824168267434, 0.01020408163265306, 0.012244897959183673, 0.009183673469387756],
[44, 0.58765489, 10796.824362569934, 0.0, 0.018367346938775512, 0.015306122448979591],
[45, 0.599953091, 10796.823985936478, 0.01020408163265306, 0.01020408163265306, 0.01020408163265306],
[46, 0.6124446910000001, 10796.824078050804, 0.02040816326530612, 0.012244897959183673, 0.01020408163265306],
[47, 0.6255762920000001, 10796.823876917522, 0.0, 0.004081632653061225, 0.01020408163265306],
[48, 0.638642192, 10796.823937694531, 0.01020408163265306, 0.018367346938775512, 0.014285714285714285],
[49, 0.651738891, 10796.823823008299, 0.01020408163265306, 0.004081632653061225, 0.006122448979591836],
[50, 0.6649288910000001, 10796.823857280498, 0.0, 0.006122448979591836, 0.006122448979591836],
[51, 0.6780541910000001, 10796.823784935723, 0.0, 0.014285714285714285, 0.00816326530612245],
[52, 0.6909473910000001, 10796.823808021514, 0.0, 0.01020408163265306, 0.00816326530612245],
[53, 0.7038285910000002, 10796.823770530527, 0.0, 0.014285714285714285, 0.012244897959183673],
[54, 0.7341300910000002, 10796.823780534232, 0.0, 0.004081632653061225, 0.009183673469387756],
[55, 0.7472621900000002, 10796.823759841227, 0.0, 0.00816326530612245, 0.006122448979591836],
[56, 0.7601812900000001, 10796.82376594126, 0.0, 0.01020408163265306, 0.00816326530612245],
[57, 0.7726330900000001, 10796.823754191388, 0.02040816326530612, 0.014285714285714285, 0.011224489795918368],
[58, 0.7858644900000001, 10796.823756731656, 0.01020408163265306, 0.006122448979591836, 0.009183673469387756],
[59, 0.7985114910000002, 10796.82375072478, 0.04081632653061224, 0.018367346938775512, 0.017346938775510204],
[60, 0.8130305910000002, 10796.823753051929, 0.0, 0.006122448979591836, 0.007142857142857143],
[61, 0.8253355920000002, 10796.823748682666, 0.0, 0.006122448979591836, 0.007142857142857143],
[62, 0.8393184920000002, 10796.823749918134, 0.0, 0.014285714285714285, 0.011224489795918368],
[63, 0.8518388920000002, 10796.82374782422, 0.01020408163265306, 0.006122448979591836, 0.007142857142857143],
[64, 0.8641285920000001, 10796.82374837342, 0.02040816326530612, 0.00816326530612245, 0.009183673469387756],
[65, 0.8765413920000001, 10796.823747183644, 0.0, 0.004081632653061225, 0.009183673469387756],
[66, 0.8884133920000001, 10796.823747611452, 0.01020408163265306, 0.00816326530612245, 0.01020408163265306],
[67, 0.9016060920000001, 10796.823746950178, 0.01020408163265306, 0.006122448979591836, 0.011224489795918368],
[68, 0.9166803910000001, 10796.823747064538, 0.01020408163265306, 0.00816326530612245, 0.00510204081632653],
[69, 0.9292724920000001, 10796.823746735901, 0.0, 0.01020408163265306, 0.011224489795918368],
[70, 0.9416610930000001, 10796.823746820555, 0.01020408163265306, 0.01020408163265306, 0.009183673469387756],
[71, 0.9559890930000001, 10796.8237466173, 0.0, 0.006122448979591836, 0.007142857142857143],
[72, 0.9685364930000001, 10796.823746688398, 0.02040816326530612, 0.012244897959183673, 0.012244897959183673],
[73, 0.9811599920000001, 10796.823746565982, 0.01020408163265306, 0.012244897959183673, 0.01326530612244898],
[74, 0.9938890930000002, 10796.823746596134, 0.02040816326530612, 0.0163265306122449, 0.014285714285714285],
[75, 1.0068827930000002, 10796.823746527689, 0.01020408163265306, 0.012244897959183673, 0.012244897959183673],
[76, 1.0195628930000002, 10796.823746551328, 0.01020408163265306, 0.004081632653061225, 0.00510204081632653],
[77, 1.0320639930000002, 10796.823746513724, 0.01020408163265306, 0.0020408163265306124, 0.00510204081632653],
[78, 1.045817492, 10796.82374652251, 0.0, 0.006122448979591836, 0.007142857142857143],
[79, 1.0587242920000002, 10796.823746500919, 0.02040816326530612, 0.0163265306122449, 0.014285714285714285],
[80, 1.071886692, 10796.823746509011, 0.01020408163265306, 0.0163265306122449, 0.012244897959183673],
[81, 1.0845716920000001, 10796.82374649702, 0.01020408163265306, 0.012244897959183673, 0.01326530612244898],
[82, 1.097278892, 10796.823746498747, 0.0, 0.004081632653061225, 0.004081632653061225],
[83, 1.1100188930000001, 10796.823746492728, 0.0, 0.01020408163265306, 0.01020408163265306],
[84, 1.122425194, 10796.823746495269, 0.01020408163265306, 0.0163265306122449, 0.019387755102040816],
[85, 1.135261893, 10796.823746491227, 0.02040816326530612, 0.012244897959183673, 0.014285714285714285],
[86, 1.148035493, 10796.82374649201, 0.01020408163265306, 0.012244897959183673, 0.011224489795918368],
[87, 1.161763993, 10796.82374649012, 0.0, 0.00816326530612245, 0.006122448979591836],
[88, 1.174474293, 10796.823746490716, 0.0, 0.004081632653061225, 0.009183673469387756],
[89, 1.187493093, 10796.823746489448, 0.02040816326530612, 0.0163265306122449, 0.011224489795918368],
[90, 1.200497493, 10796.82374648987, 0.0, 0.01020408163265306, 0.007142857142857143],
[91, 1.213281693, 10796.82374648919, 0.02040816326530612, 0.014285714285714285, 0.012244897959183673],
[92, 1.2259291920000002, 10796.823746489346, 0.01020408163265306, 0.01020408163265306, 0.00816326530612245],
[93, 1.2392571920000002, 10796.823746488984, 0.0, 0.00816326530612245, 0.01020408163265306],
[94, 1.2526986910000002, 10796.823746489106, 0.01020408163265306, 0.01020408163265306, 0.009183673469387756],
[95, 1.3600622900000001, 10796.823746488886, 0.01020408163265306, 0.01020408163265306, 0.015306122448979591],
[96, 1.3729998900000002, 10796.823746488935, 0.01020408163265306, 0.006122448979591836, 0.01020408163265306],
[97, 1.3861086900000001, 10796.82374648883, 0.01020408163265306, 0.012244897959183673, 0.014285714285714285],
[98, 1.3981765890000002, 10796.823746488863, 0.0, 0.0, 0.00816326530612245],
[99, 1.4106814890000001, 10796.82374648879, 0.01020408163265306, 0.012244897959183673, 0.01326530612244898],
[100, 1.423916589, 10796.823746488813, 0.01020408163265306, 0.014285714285714285, 0.014285714285714285],
[101, 1.43707659, 10796.823746488777, 0.0, 0.006122448979591836, 0.009183673469387756],
[102, 1.44994959, 10796.823746488784, 0.0, 0.0020408163265306124, 0.006122448979591836],
[103, 1.46243759, 10796.823746488762, 0.02040816326530612, 0.02040816326530612, 0.0163265306122449],
[104, 1.47491369, 10796.823746488772, 0.030612244897959183, 0.01020408163265306, 0.007142857142857143],
[105, 1.4869701899999999, 10796.823746488759, 0.030612244897959183, 0.01020408163265306, 0.0163265306122449],
[106, 1.500135989, 10796.823746488762, 0.0, 0.01020408163265306, 0.009183673469387756],
[107, 1.513232789, 10796.823746488755, 0.0, 0.014285714285714285, 0.012244897959183673],
[108, 1.529607489, 10796.823746488757, 0.0, 0.01020408163265306, 0.009183673469387756],
[109, 1.541779488, 10796.823746488753, 0.0, 0.01020408163265306, 0.00816326530612245],
[110, 1.554392688, 10796.823746488755, 0.0, 0.00816326530612245, 0.0163265306122449],
[111, 1.5668635880000001, 10796.823746488753, 0.0, 0.01020408163265306, 0.01326530612244898],
[112, 1.5793165880000002, 10796.823746488753, 0.0, 0.012244897959183673, 0.01020408163265306],
[113, 1.5927136880000001, 10796.823746488752, 0.02040816326530612, 0.012244897959183673, 0.014285714285714285],
[114, 1.605291687, 10796.823746488752, 0.01020408163265306, 0.012244897959183673, 0.01020408163265306],
[115, 1.6186232870000001, 10796.823746488752, 0.02040816326530612, 0.024489795918367346, 0.018367346938775512],
[116, 1.6315155860000001, 10796.823746488752, 0.02040816326530612, 0.00816326530612245, 0.011224489795918368],
[117, 1.644430687, 10796.823746488752, 0.0, 0.02040816326530612, 0.0163265306122449],
[118, 1.657339488, 10796.823746488752, 0.02040816326530612, 0.012244897959183673, 0.011224489795918368],
[119, 1.669900087, 10796.823746488752, 0.0, 0.004081632653061225, 0.00816326530612245],
[120, 1.682880587, 10796.823746488752, 0.01020408163265306, 0.014285714285714285, 0.011224489795918368],
[121, 1.696116787, 10796.823746488752, 0.02040816326530612, 0.02040816326530612, 0.011224489795918368],
