rank: 30, ratio of 0 vs 1: 3, lambda:7, learning_rate: 0.35
iter time objective_function precision@K = 1, 5, 10
[0,11398.442678223626, 0.0 0.01020408163265306 0.009183673469387756],
[1, 0.0121772, 11155.13284095328, 0.02040816326530612, 0.012244897959183673, 0.011224489795918368],
[2, 0.0251845, 10925.642052979694, 0.0, 0.00816326530612245, 0.009183673469387756],
[3, 0.038141499999999995, 10868.124840059434, 0.01020408163265306, 0.01020408163265306, 0.01020408163265306],
[4, 0.051106599999999995, 10893.685617915828, 0.0, 0.006122448979591836, 0.00816326530612245],
[5, 0.06413530099999999, 10851.142473829515, 0.0, 0.00816326530612245, 0.009183673469387756],
[6, 0.076936202, 10877.757371552463, 0.0, 0.0163265306122449, 0.012244897959183673],
[7, 0.089588102, 10840.90259563289, 0.030612244897959183, 0.014285714285714285, 0.0163265306122449],
[8, 0.102131102, 10862.654624636089, 0.01020408163265306, 0.01020408163265306, 0.00816326530612245],
[9, 0.11496010200000001, 10831.53215388095, 0.0, 0.00816326530612245, 0.01020408163265306],
[10, 0.12817520200000002, 10851.765380560148, 0.02040816326530612, 0.012244897959183673, 0.01326530612244898],
[11, 0.14196730200000002, 10825.238490754573, 0.0, 0.00816326530612245, 0.007142857142857143],
[12, 0.155666502, 10840.761614214245, 0.0, 0.014285714285714285, 0.009183673469387756],
[13, 0.169021302, 10819.19206507422, 0.01020408163265306, 0.01020408163265306, 0.011224489795918368],
[14, 0.183491602, 10833.621312400564, 0.02040816326530612, 0.012244897959183673, 0.012244897959183673],
[15, 0.196069002, 10815.584518606716, 0.0, 0.01020408163265306, 0.01326530612244898],
[16, 0.21072840199999998, 10825.602204377587, 0.01020408163265306, 0.004081632653061225, 0.006122448979591836],
[17, 0.22413040199999998, 10811.77280361886, 0.01020408163265306, 0.004081632653061225, 0.007142857142857143],
[18, 0.253576902, 10820.961037424417, 0.0, 0.006122448979591836, 0.007142857142857143],
[19, 0.265732202, 10809.338462942322, 0.0, 0.014285714285714285, 0.009183673469387756],
[20, 0.278398102, 10815.84662757634, 0.01020408163265306, 0.004081632653061225, 0.01020408163265306],
[21, 0.291485801, 10806.439402210843, 0.030612244897959183, 0.014285714285714285, 0.011224489795918368],
[22, 0.3045869, 10812.87147968031, 0.01020408163265306, 0.004081632653061225, 0.009183673469387756],
[23, 0.3178338, 10805.094389334221, 0.02040816326530612, 0.01020408163265306, 0.014285714285714285],
[24, 0.3316615, 10809.429596482754, 0.01020408163265306, 0.014285714285714285, 0.00816326530612245],
[25, 0.344663401, 10803.064529364829, 0.030612244897959183, 0.01020408163265306, 0.011224489795918368],
[26, 0.357175001, 10807.34501895415, 0.0, 0.00816326530612245, 0.011224489795918368],
[27, 0.369705401, 10802.311494587379, 0.01020408163265306, 0.014285714285714285, 0.015306122448979591],
[28, 0.38242340199999997, 10805.039374986723, 0.0, 0.01020408163265306, 0.009183673469387756],
[29, 0.39651960199999997, 10800.952129975327, 0.02040816326530612, 0.018367346938775512, 0.015306122448979591],
[30, 0.409583502, 10803.766428257562, 0.01020408163265306, 0.01020408163265306, 0.012244897959183673],
[31, 0.424030403, 10800.4868461395, 0.02040816326530612, 0.014285714285714285, 0.012244897959183673],
[32, 0.439267102, 10802.181947164643, 0.01020408163265306, 0.014285714285714285, 0.01020408163265306],
[33, 0.45132430100000004, 10799.577010991528, 0.01020408163265306, 0.018367346938775512, 0.018367346938775512],
[34, 0.46491530100000006, 10801.357922074902, 0.0, 0.004081632653061225, 0.01020408163265306],
[35, 0.48065170100000004, 10799.212559439706, 0.04081632653061224, 0.02040816326530612, 0.018367346938775512],
[36, 0.494111801, 10800.336013276676, 0.0, 0.012244897959183673, 0.007142857142857143],
[37, 0.505864701, 10798.634006686589, 0.02040816326530612, 0.012244897959183673, 0.01326530612244898],
[38, 0.518445401, 10799.801141400701, 0.02040816326530612, 0.014285714285714285, 0.011224489795918368],
[39, 0.5316913010000001, 10798.397968606878, 0.01020408163265306, 0.014285714285714285, 0.011224489795918368],
[40, 0.544246701, 10799.128808104942, 0.01020408163265306, 0.01020408163265306, 0.011224489795918368],
[41, 0.557305401, 10798.0131115317, 0.0, 0.01020408163265306, 0.01020408163265306],
[42, 0.5700898010000001, 10798.76834922124, 0.0, 0.004081632653061225, 0.007142857142857143],
[43, 0.5830449010000001, 10797.854833186218, 0.02040816326530612, 0.012244897959183673, 0.009183673469387756],
[44, 0.5957911020000001, 10798.333659855885, 0.02040816326530612, 0.014285714285714285, 0.015306122448979591],
[45, 0.609351802, 10797.606518439408, 0.0, 0.01020408163265306, 0.00816326530612245],
[46, 0.621931903, 10798.098451188109, 0.030612244897959183, 0.018367346938775512, 0.018367346938775512],
[47, 0.635062003, 10797.506761767894, 0.02040816326530612, 0.02040816326530612, 0.015306122448979591],
[48, 0.648032703, 10797.807830575262, 0.0, 0.006122448979591836, 0.00510204081632653],
[49, 0.661264403, 10797.338977374899, 0.02040816326530612, 0.02040816326530612, 0.012244897959183673],
[50, 0.674879303, 10797.65791178276, 0.01020408163265306, 0.00816326530612245, 0.012244897959183673],
[51, 0.687648703, 10797.270423525804, 0.0, 0.004081632653061225, 0.006122448979591836],
[52, 0.701368403, 10797.467212733676, 0.02040816326530612, 0.014285714285714285, 0.015306122448979591],
[53, 0.7150899030000001, 10797.163401036552, 0.02040816326530612, 0.014285714285714285, 0.015306122448979591],
[54, 0.727888704, 10797.367560398265, 0.01020408163265306, 0.0163265306122449, 0.0163265306122449],
[55, 0.740551503, 10797.120100550123, 0.01020408163265306, 0.0163265306122449, 0.017346938775510204],
[56, 0.753630903, 10797.242910211708, 0.0, 0.012244897959183673, 0.012244897959183673],
[57, 0.766883503, 10797.048559160958, 0.0, 0.01020408163265306, 0.015306122448979591],
[58, 0.781960902, 10797.177260956549, 0.01020408163265306, 0.01020408163265306, 0.009183673469387756],
[59, 0.8864082010000001, 10797.0192130756, 0.0, 0.004081632653061225, 0.00816326530612245],
[60, 0.8991382000000001, 10797.095332870897, 0.0, 0.012244897959183673, 0.012244897959183673],
[61, 0.9115516010000001, 10796.973173699163, 0.0, 0.01020408163265306, 0.011224489795918368],
[62, 0.9243977020000002, 10797.055144782535, 0.030612244897959183, 0.022448979591836737, 0.017346938775510204],
[63, 0.9369084030000001, 10796.951552335018, 0.02040816326530612, 0.014285714285714285, 0.011224489795918368],
[64, 0.9492621030000001, 10797.001513183244, 0.0, 0.006122448979591836, 0.007142857142857143],
[65, 0.9625275030000001, 10796.921146579925, 0.01020408163265306, 0.018367346938775512, 0.01326530612244898],
[66, 0.9763135040000002, 10796.974658501036, 0.0, 0.004081632653061225, 0.009183673469387756],
[67, 0.9896195030000001, 10796.90727780407, 0.0, 0.006122448979591836, 0.006122448979591836],
[68, 1.002281503, 10796.939598242396, 0.0, 0.01020408163265306, 0.00816326530612245],
[69, 1.015074003, 10796.88655509798, 0.0, 0.018367346938775512, 0.0163265306122449],
[70, 1.027491903, 10796.922347097789, 0.01020408163265306, 0.01020408163265306, 0.012244897959183673],
[71, 1.0403500030000001, 10796.877574564165, 0.01020408163265306, 0.006122448979591836, 0.009183673469387756],
[72, 1.0529313040000001, 10796.899288491619, 0.01020408163265306, 0.006122448979591836, 0.01326530612244898],
[73, 1.0652941040000001, 10796.864631400906, 0.0, 0.006122448979591836, 0.011224489795918368],
[74, 1.0779742040000002, 10796.88769767331, 0.04081632653061224, 0.0163265306122449, 0.01326530612244898],
[75, 1.0902352040000003, 10796.858671686728, 0.02040816326530612, 0.014285714285714285, 0.015306122448979591],
[76, 1.1029003040000003, 10796.87236800162, 0.02040816326530612, 0.0163265306122449, 0.012244897959183673],
[77, 1.1160967050000004, 10796.849751628422, 0.01020408163265306, 0.006122448979591836, 0.009183673469387756],
[78, 1.1296199050000004, 10796.864982055426, 0.030612244897959183, 0.0163265306122449, 0.018367346938775512],
[79, 1.1420728050000004, 10796.845840018945, 0.01020408163265306, 0.01020408163265306, 0.01326530612244898],
[80, 1.1554442060000003, 10796.855276006338, 0.030612244897959183, 0.018367346938775512, 0.01326530612244898],
[81, 1.1684665060000003, 10796.840201614175, 0.0, 0.00816326530612245, 0.014285714285714285],
[82, 1.1811950060000003, 10796.850211041728, 0.030612244897959183, 0.012244897959183673, 0.01020408163265306],
[83, 1.1939721070000002, 10796.837653381106, 0.01020408163265306, 0.012244897959183673, 0.007142857142857143],
[84, 1.2072037070000001, 10796.843576365802, 0.02040816326530612, 0.00816326530612245, 0.007142857142857143],
[85, 1.223722108, 10796.83387575862, 0.030612244897959183, 0.018367346938775512, 0.014285714285714285],
[86, 1.235598609, 10796.840457305587, 0.02040816326530612, 0.014285714285714285, 0.01326530612244898],
[87, 1.2488192089999999, 10796.832146033841, 0.030612244897959183, 0.01020408163265306, 0.00816326530612245],
[88, 1.26204671, 10796.836172617504, 0.01020408163265306, 0.018367346938775512, 0.015306122448979591],
[89, 1.274368711, 10796.82977068617, 0.02040816326530612, 0.012244897959183673, 0.01326530612244898],
[90, 1.286554411, 10796.834027142466, 0.02040816326530612, 0.012244897959183673, 0.01020408163265306],
[91, 1.299893711, 10796.828648715506, 0.0, 0.01020408163265306, 0.01326530612244898],
[92, 1.31306291, 10796.831225957854, 0.01020408163265306, 0.012244897959183673, 0.00816326530612245],
[93, 1.32592711, 10796.826995136083, 0.01020408163265306, 0.00816326530612245, 0.009183673469387756],
[94, 1.3382870100000002, 10796.829842526784, 0.01020408163265306, 0.00816326530612245, 0.009183673469387756],
[95, 1.3515823100000002, 10796.826279188654, 0.02040816326530612, 0.012244897959183673, 0.011224489795918368],
[96, 1.3645281100000002, 10796.828002278382, 0.02040816326530612, 0.02040816326530612, 0.015306122448979591],
[97, 1.377559809, 10796.82524495369, 0.030612244897959183, 0.00816326530612245, 0.011224489795918368],
[98, 1.3904958090000001, 10796.827077382512, 0.030612244897959183, 0.0163265306122449, 0.011224489795918368],
[99, 1.4035421090000002, 10796.824770561285, 0.01020408163265306, 0.012244897959183673, 0.014285714285714285],
[100, 1.4235863090000003, 10796.825876995155, 0.02040816326530612, 0.014285714285714285, 0.012244897959183673],
[101, 1.4398952090000003, 10796.824054952769, 0.02040816326530612, 0.00816326530612245, 0.007142857142857143],
[102, 1.4526506090000004, 10796.825285705352, 0.02040816326530612, 0.012244897959183673, 0.01020408163265306],
[103, 1.4660669090000005, 10796.823741857916, 0.0, 0.01020408163265306, 0.0163265306122449],
[104, 1.4789198090000004, 10796.824480728608, 0.0, 0.01020408163265306, 0.007142857142857143],
[105, 1.4915454090000004, 10796.823299227102, 0.01020408163265306, 0.006122448979591836, 0.007142857142857143],
[106, 1.5043943090000005, 10796.824092585939, 0.01020408163265306, 0.018367346938775512, 0.011224489795918368],
[107, 1.5164549090000006, 10796.823093882836, 0.01020408163265306, 0.004081632653061225, 0.01020408163265306],
[108, 1.5291431090000005, 10796.823577573508, 0.030612244897959183, 0.02040816326530612, 0.015306122448979591],
[109, 1.5421020090000006, 10796.822788261452, 0.05102040816326531, 0.0163265306122449, 0.011224489795918368],
[110, 1.5563252090000006, 10796.8233142844, 0.01020408163265306, 0.006122448979591836, 0.012244897959183673],
[111, 1.5699276100000006, 10796.822658810543, 0.01020408163265306, 0.0163265306122449, 0.012244897959183673],
[112, 1.5824920110000005, 10796.822968461978, 0.01020408163265306, 0.00816326530612245, 0.00816326530612245],
[113, 1.5953898110000004, 10796.822463935716, 0.0, 0.00816326530612245, 0.01020408163265306],
[114, 1.6074192110000005, 10796.822804781432, 0.01020408163265306, 0.0163265306122449, 0.015306122448979591],
[115, 1.6197487110000006, 10796.822372203651, 0.0, 0.01020408163265306, 0.01326530612244898],
[116, 1.6326801120000005, 10796.822582965899, 0.01020408163265306, 0.00816326530612245, 0.01020408163265306],
[117, 1.6450220120000005, 10796.822245842613, 0.01020408163265306, 0.004081632653061225, 0.00816326530612245],
[118, 1.6568025120000005, 10796.822468481663, 0.02040816326530612, 0.00816326530612245, 0.007142857142857143],
[119, 1.6700956110000005, 10796.822184994973, 0.01020408163265306, 0.012244897959183673, 0.01020408163265306],
[120, 1.6830885100000004, 10796.822322517477, 0.02040816326530612, 0.012244897959183673, 0.012244897959183673],
[121, 1.6953599100000003, 10796.822102498376, 0.02040816326530612, 0.00816326530612245, 0.015306122448979591],
