rank: 30, ratio of 0 vs 1: 3, lambda:9, learning_rate: 0.35
iter time objective_function precision@K = 1, 5, 10
[0,11569.91926276601, 0.0 0.01020408163265306 0.009183673469387756],
[1, 0.0138303, 11259.752966174061, 0.01020408163265306, 0.01020408163265306, 0.009183673469387756],
[2, 0.026466200000000002, 10990.662646972614, 0.01020408163265306, 0.014285714285714285, 0.012244897959183673],
[3, 0.040118100000000004, 11053.342846884343, 0.02040816326530612, 0.012244897959183673, 0.014285714285714285],
[4, 0.0531353, 10864.78882275464, 0.0, 0.006122448979591836, 0.00816326530612245],
[5, 0.0815945, 10985.15504491394, 0.0, 0.01020408163265306, 0.00816326530612245],
[6, 0.0941237, 10832.66279408892, 0.01020408163265306, 0.012244897959183673, 0.015306122448979591],
[7, 0.1072608, 10962.960907797833, 0.01020408163265306, 0.00816326530612245, 0.014285714285714285],
[8, 0.120079399, 10818.175005417499, 0.01020408163265306, 0.0163265306122449, 0.0163265306122449],
[9, 0.134759599, 10938.6927363432, 0.01020408163265306, 0.00816326530612245, 0.011224489795918368],
[10, 0.14830199800000002, 10809.67678632582, 0.02040816326530612, 0.012244897959183673, 0.01326530612244898],
[11, 0.162349398, 10916.002195464382, 0.02040816326530612, 0.018367346938775512, 0.015306122448979591],
[12, 0.17559259800000002, 10805.53192167235, 0.01020408163265306, 0.022448979591836737, 0.017346938775510204],
[13, 0.19154399800000002, 10894.977753683881, 0.01020408163265306, 0.0163265306122449, 0.011224489795918368],
[14, 0.20455069800000003, 10802.465864379783, 0.0, 0.014285714285714285, 0.01020408163265306],
[15, 0.21882799800000002, 10877.7062230983, 0.01020408163265306, 0.012244897959183673, 0.01326530612244898],
[16, 0.23224309800000004, 10801.42633589388, 0.030612244897959183, 0.022448979591836737, 0.017346938775510204],
[17, 0.24496269800000003, 10862.28563763976, 0.0, 0.018367346938775512, 0.015306122448979591],
[18, 0.25948149800000003, 10799.979617310068, 0.01020408163265306, 0.00816326530612245, 0.01020408163265306],
[19, 0.273344097, 10850.412089951196, 0.0, 0.00816326530612245, 0.014285714285714285],
[20, 0.28694589600000003, 10799.70824239369, 0.0, 0.004081632653061225, 0.007142857142857143],
[21, 0.300051396, 10839.897780595442, 0.0, 0.0163265306122449, 0.017346938775510204],
[22, 0.313074096, 10798.740707196215, 0.02040816326530612, 0.012244897959183673, 0.011224489795918368],
[23, 0.327210995, 10832.130842037126, 0.02040816326530612, 0.018367346938775512, 0.011224489795918368],
[24, 0.341187495, 10798.873014080567, 0.01020408163265306, 0.018367346938775512, 0.015306122448979591],
[25, 0.354993195, 10824.924175783934, 0.0, 0.012244897959183673, 0.012244897959183673],
[26, 0.36832039499999997, 10798.131462023335, 0.02040816326530612, 0.0163265306122449, 0.011224489795918368],
[27, 0.382993895, 10819.936173343174, 0.0, 0.012244897959183673, 0.01326530612244898],
[28, 0.394972895, 10798.125008132476, 0.0, 0.006122448979591836, 0.007142857142857143],
[29, 0.408500195, 10815.301885817178, 0.0, 0.012244897959183673, 0.01020408163265306],
[30, 0.422017696, 10797.61936505111, 0.0, 0.00816326530612245, 0.007142857142857143],
[31, 0.435248896, 10812.048584612714, 0.01020408163265306, 0.01020408163265306, 0.00816326530612245],
[32, 0.448623597, 10797.740126328536, 0.04081632653061224, 0.022448979591836737, 0.01326530612244898],
[33, 0.461935298, 10808.883143043942, 0.01020408163265306, 0.0020408163265306124, 0.00816326530612245],
[34, 0.475638398, 10797.367440145128, 0.01020408163265306, 0.006122448979591836, 0.011224489795918368],
[35, 0.489518697, 10806.78973260962, 0.0, 0.0, 0.003061224489795918],
[36, 0.503300697, 10797.381258668802, 0.01020408163265306, 0.00816326530612245, 0.006122448979591836],
[37, 0.516488496, 10804.778273769518, 0.01020408163265306, 0.01020408163265306, 0.011224489795918368],
[38, 0.530426596, 10797.171722072984, 0.030612244897959183, 0.0163265306122449, 0.019387755102040816],
[39, 0.543281797, 10803.369802078701, 0.030612244897959183, 0.0163265306122449, 0.01020408163265306],
[40, 0.557150396, 10797.228655300312, 0.01020408163265306, 0.006122448979591836, 0.01020408163265306],
[41, 0.571390696, 10802.002263246308, 0.01020408163265306, 0.014285714285714285, 0.011224489795918368],
[42, 0.5847253960000001, 10797.050301827785, 0.02040816326530612, 0.0163265306122449, 0.01020408163265306],
[43, 0.5991067950000001, 10801.119022101768, 0.030612244897959183, 0.014285714285714285, 0.015306122448979591],
[44, 0.6127203960000001, 10797.065442538476, 0.0, 0.00816326530612245, 0.007142857142857143],
[45, 0.626037496, 10800.244005559747, 0.0, 0.01020408163265306, 0.011224489795918368],
[46, 0.775595695, 10796.975321813781, 0.01020408163265306, 0.00816326530612245, 0.011224489795918368],
[47, 0.789708995, 10799.637610649417, 0.02040816326530612, 0.0163265306122449, 0.012244897959183673],
[48, 0.8034874940000001, 10796.99619206788, 0.0, 0.01020408163265306, 0.012244897959183673],
[49, 0.817081994, 10799.052573147565, 0.02040816326530612, 0.00816326530612245, 0.006122448979591836],
[50, 0.830991594, 10796.920806236656, 0.01020408163265306, 0.014285714285714285, 0.011224489795918368],
[51, 0.843879293, 10798.670985095692, 0.02040816326530612, 0.02040816326530612, 0.017346938775510204],
[52, 0.856437394, 10796.9264522658, 0.02040816326530612, 0.02040816326530612, 0.017346938775510204],
[53, 0.871846794, 10798.295181349999, 0.01020408163265306, 0.004081632653061225, 0.006122448979591836],
[54, 0.884534494, 10796.886965317923, 0.01020408163265306, 0.004081632653061225, 0.009183673469387756],
[55, 0.898969795, 10798.034848065357, 0.030612244897959183, 0.012244897959183673, 0.01020408163265306],
[56, 0.9125068949999999, 10796.897244577187, 0.030612244897959183, 0.012244897959183673, 0.012244897959183673],
[57, 0.9260941949999999, 10797.781716893545, 0.01020408163265306, 0.014285714285714285, 0.014285714285714285],
[58, 0.9405462949999999, 10796.86424765918, 0.0, 0.006122448979591836, 0.009183673469387756],
[59, 0.9534713939999999, 10797.61800133544, 0.0, 0.004081632653061225, 0.007142857142857143],
[60, 0.9673586929999999, 10796.866846737705, 0.0, 0.00816326530612245, 0.006122448979591836],
[61, 0.9804335919999999, 10797.456063278523, 0.02040816326530612, 0.012244897959183673, 0.012244897959183673],
[62, 0.993609491, 10796.850535237874, 0.02040816326530612, 0.012244897959183673, 0.00816326530612245],
[63, 1.006103892, 10797.34331213715, 0.01020408163265306, 0.012244897959183673, 0.009183673469387756],
[64, 1.019720691, 10796.853795490237, 0.01020408163265306, 0.00816326530612245, 0.011224489795918368],
[65, 1.034847491, 10797.235510164915, 0.02040816326530612, 0.012244897959183673, 0.011224489795918368],
[66, 1.046796591, 10796.839483388456, 0.0, 0.014285714285714285, 0.012244897959183673],
[67, 1.0609112920000001, 10797.16514460454, 0.01020408163265306, 0.012244897959183673, 0.01326530612244898],
[68, 1.0743495920000001, 10796.841595851258, 0.0, 0.0163265306122449, 0.018367346938775512],
[69, 1.088129193, 10797.094442563292, 0.0, 0.006122448979591836, 0.009183673469387756],
[70, 1.101240894, 10796.834061460506, 0.01020408163265306, 0.01020408163265306, 0.00816326530612245],
[71, 1.114751294, 10797.046419042885, 0.02040816326530612, 0.01020408163265306, 0.009183673469387756],
[72, 1.127504893, 10796.835819264357, 0.01020408163265306, 0.018367346938775512, 0.012244897959183673],
[73, 1.140591492, 10796.999659734907, 0.02040816326530612, 0.0163265306122449, 0.011224489795918368],
[74, 1.153520692, 10796.82958767049, 0.01020408163265306, 0.0020408163265306124, 0.006122448979591836],
[75, 1.1674469920000001, 10796.969440074334, 0.01020408163265306, 0.006122448979591836, 0.007142857142857143],
[76, 1.180811693, 10796.83031534876, 0.01020408163265306, 0.01020408163265306, 0.00816326530612245],
[77, 1.193834394, 10796.939186659309, 0.01020408163265306, 0.00816326530612245, 0.012244897959183673],
[78, 1.208416694, 10796.826938909939, 0.0, 0.0163265306122449, 0.0163265306122449],
[79, 1.2212401940000002, 10796.918647869017, 0.0, 0.006122448979591836, 0.00816326530612245],
[80, 1.234512795, 10796.8277270116, 0.0, 0.0020408163265306124, 0.003061224489795918],
[81, 1.247423895, 10796.898488105833, 0.02040816326530612, 0.014285714285714285, 0.01326530612244898],
[82, 1.2616004950000002, 10796.825180750724, 0.0, 0.0020408163265306124, 0.009183673469387756],
[83, 1.2756408950000002, 10796.885343355134, 0.030612244897959183, 0.02040816326530612, 0.017346938775510204],
[84, 1.2885200940000001, 10796.825516791007, 0.02040816326530612, 0.014285714285714285, 0.017346938775510204],
[85, 1.3020472950000002, 10796.872297451415, 0.01020408163265306, 0.012244897959183673, 0.01020408163265306],
[86, 1.315790696, 10796.824119673363, 0.0, 0.00816326530612245, 0.012244897959183673],
[87, 1.345623095, 10796.863399621572, 0.0, 0.012244897959183673, 0.01020408163265306],
[88, 1.3598569950000001, 10796.824308839101, 0.030612244897959183, 0.02040816326530612, 0.01326530612244898],
[89, 1.3744632950000002, 10796.854871534797, 0.01020408163265306, 0.012244897959183673, 0.011224489795918368],
[90, 1.3886654960000002, 10796.823271694218, 0.01020408163265306, 0.00816326530612245, 0.00816326530612245],
[91, 1.4022236960000003, 10796.849154367146, 0.01020408163265306, 0.012244897959183673, 0.01020408163265306],
[92, 1.4165727960000003, 10796.823383549017, 0.01020408163265306, 0.01020408163265306, 0.011224489795918368],
[93, 1.4309985970000003, 10796.84357126986, 0.01020408163265306, 0.018367346938775512, 0.015306122448979591],
[94, 1.4450476970000004, 10796.822787629533, 0.01020408163265306, 0.012244897959183673, 0.014285714285714285],
[95, 1.4583511970000003, 10796.839735548481, 0.0, 0.006122448979591836, 0.01020408163265306],
[96, 1.4712407970000003, 10796.8229319148, 0.01020408163265306, 0.006122448979591836, 0.009183673469387756],
[97, 1.4849839970000003, 10796.83600163532, 0.01020408163265306, 0.01020408163265306, 0.011224489795918368],
[98, 1.4992280970000003, 10796.82243118711, 0.0, 0.006122448979591836, 0.006122448979591836],
[99, 1.5120348980000002, 10796.833594799898, 0.02040816326530612, 0.01020408163265306, 0.01326530612244898],
[100, 1.5267246970000001, 10796.822492000492, 0.01020408163265306, 0.0163265306122449, 0.012244897959183673],
[101, 1.5396595970000002, 10796.831178828923, 0.01020408163265306, 0.01020408163265306, 0.00816326530612245],
[102, 1.5535715970000001, 10796.822234107465, 0.01020408163265306, 0.00816326530612245, 0.01020408163265306],
[103, 1.5669206960000002, 10796.829529028086, 0.02040816326530612, 0.014285714285714285, 0.01020408163265306],
[104, 1.5805933960000003, 10796.822279512313, 0.030612244897959183, 0.018367346938775512, 0.017346938775510204],
[105, 1.5954457970000002, 10796.827938428814, 0.01020408163265306, 0.01020408163265306, 0.01326530612244898],
[106, 1.6083103970000001, 10796.822080655757, 0.01020408163265306, 0.004081632653061225, 0.007142857142857143],
[107, 1.621899097, 10796.826885663315, 0.01020408163265306, 0.012244897959183673, 0.012244897959183673],
[108, 1.635274896, 10796.82211685251, 0.0, 0.00816326530612245, 0.01326530612244898],
[109, 1.649090595, 10796.825835665324, 0.01020408163265306, 0.018367346938775512, 0.01326530612244898],
[110, 1.663203095, 10796.821992256977, 0.01020408163265306, 0.01020408163265306, 0.00816326530612245],
[111, 1.677476095, 10796.825139070279, 0.030612244897959183, 0.022448979591836737, 0.015306122448979591],
[112, 1.691508695, 10796.822017314087, 0.02040816326530612, 0.02040816326530612, 0.015306122448979591],
[113, 1.704127196, 10796.82444884753, 0.0, 0.004081632653061225, 0.00816326530612245],
[114, 1.717615196, 10796.821932863138, 0.01020408163265306, 0.012244897959183673, 0.011224489795918368],
[115, 1.7328864959999999, 10796.82399452248, 0.02040816326530612, 0.02040816326530612, 0.018367346938775512],
[116, 1.746532697, 10796.821941616061, 0.02040816326530612, 0.024489795918367346, 0.018367346938775512],
[117, 1.759529296, 10796.823549359111, 0.01020408163265306, 0.00816326530612245, 0.011224489795918368],
[118, 1.7731651959999999, 10796.821890269071, 0.01020408163265306, 0.01020408163265306, 0.00816326530612245],
[119, 1.7870315959999998, 10796.823247208473, 0.01020408163265306, 0.006122448979591836, 0.00510204081632653],
[120, 1.800267696, 10796.82190203645, 0.02040816326530612, 0.014285714285714285, 0.012244897959183673],
[121, 1.813995096, 10796.822949110912, 0.030612244897959183, 0.02040816326530612, 0.0163265306122449],
