rank: 30, ratio of 0 vs 1: 3, lambda:8, learning_rate: 0.35
iter time objective_function precision@K = 1, 5, 10
[0,11484.180970494817, 0.0 0.01020408163265306 0.009183673469387756],
[1, 0.012914299, 11201.930632146044, 0.01020408163265306, 0.014285714285714285, 0.009183673469387756],
[2, 0.026442499, 10914.047063678372, 0.01020408163265306, 0.01020408163265306, 0.01020408163265306],
[3, 0.0394103, 10890.657154639895, 0.02040816326530612, 0.01020408163265306, 0.01326530612244898],
[4, 0.054323300000000005, 10859.265831125842, 0.01020408163265306, 0.00816326530612245, 0.01326530612244898],
[5, 0.0678461, 10858.989642842831, 0.01020408163265306, 0.01020408163265306, 0.01020408163265306],
[6, 0.0805653, 10837.74634078879, 0.0, 0.006122448979591836, 0.007142857142857143],
[7, 0.09384930100000001, 10838.543449952167, 0.0, 0.01020408163265306, 0.009183673469387756],
[8, 0.10696380000000001, 10822.447397540443, 0.01020408163265306, 0.006122448979591836, 0.011224489795918368],
[9, 0.11998630000000002, 10824.006847844737, 0.01020408163265306, 0.004081632653061225, 0.006122448979591836],
[10, 0.13383180000000003, 10813.450026148554, 0.0, 0.012244897959183673, 0.012244897959183673],
[11, 0.14725380000000002, 10814.485110893414, 0.01020408163265306, 0.014285714285714285, 0.01326530612244898],
[12, 0.16088599900000003, 10807.756739780381, 0.01020408163265306, 0.012244897959183673, 0.01020408163265306],
[13, 0.17395149900000004, 10807.481006001046, 0.01020408163265306, 0.01020408163265306, 0.01020408163265306],
[14, 0.324983999, 10803.87068065371, 0.0, 0.012244897959183673, 0.012244897959183673],
[15, 0.338788399, 10803.999277118986, 0.02040816326530612, 0.00816326530612245, 0.00816326530612245],
[16, 0.3521188, 10801.370458245883, 0.02040816326530612, 0.00816326530612245, 0.011224489795918368],
[17, 0.3657704, 10801.315198793824, 0.01020408163265306, 0.02040816326530612, 0.015306122448979591],
[18, 0.37964559999999997, 10799.669759790417, 0.01020408163265306, 0.018367346938775512, 0.014285714285714285],
[19, 0.3928813, 10799.802012265229, 0.0, 0.0, 0.009183673469387756],
[20, 0.4054529, 10798.690718954007, 0.02040816326530612, 0.004081632653061225, 0.00816326530612245],
[21, 0.4196797, 10798.696448412999, 0.01020408163265306, 0.006122448979591836, 0.007142857142857143],
[22, 0.433703399, 10797.991991669865, 0.02040816326530612, 0.012244897959183673, 0.01020408163265306],
[23, 0.447422999, 10797.976479994159, 0.01020408163265306, 0.006122448979591836, 0.00816326530612245],
[24, 0.460719499, 10797.622359224282, 0.01020408163265306, 0.014285714285714285, 0.011224489795918368],
[25, 0.474707499, 10797.560873218174, 0.0, 0.01020408163265306, 0.00816326530612245],
[26, 0.48803289899999996, 10797.303109644221, 0.01020408163265306, 0.006122448979591836, 0.012244897959183673],
[27, 0.501244299, 10797.315135763367, 0.0, 0.012244897959183673, 0.011224489795918368],
[28, 0.515415499, 10797.144829537901, 0.0, 0.01020408163265306, 0.007142857142857143],
[29, 0.5300361990000001, 10797.135460398913, 0.01020408163265306, 0.00816326530612245, 0.012244897959183673],
[30, 0.5435556980000001, 10797.014552250395, 0.01020408163265306, 0.01020408163265306, 0.014285714285714285],
[31, 0.5559886990000001, 10797.025210223177, 0.030612244897959183, 0.012244897959183673, 0.01020408163265306],
[32, 0.5694236000000001, 10796.951771488113, 0.01020408163265306, 0.012244897959183673, 0.011224489795918368],
[33, 0.5833708000000002, 10796.946767279669, 0.02040816326530612, 0.018367346938775512, 0.014285714285714285],
[34, 0.5955759000000002, 10796.906422221879, 0.02040816326530612, 0.01020408163265306, 0.01020408163265306],
[35, 0.6092581000000001, 10796.904542307075, 0.0, 0.0020408163265306124, 0.007142857142857143],
[36, 0.6226979010000001, 10796.875359137855, 0.0, 0.006122448979591836, 0.009183673469387756],
[37, 0.6355157020000001, 10796.87307910478, 0.01020408163265306, 0.004081632653061225, 0.00816326530612245],
[38, 0.648834003, 10796.855699581916, 0.02040816326530612, 0.012244897959183673, 0.01326530612244898],
[39, 0.662768303, 10796.857529774476, 0.01020408163265306, 0.01020408163265306, 0.00816326530612245],
[40, 0.676000503, 10796.844053158125, 0.02040816326530612, 0.006122448979591836, 0.01020408163265306],
[41, 0.6887290030000001, 10796.842534714444, 0.0, 0.012244897959183673, 0.01020408163265306],
[42, 0.7017607020000001, 10796.836149025636, 0.0, 0.00816326530612245, 0.00816326530612245],
[43, 0.715172703, 10796.836903598332, 0.0, 0.006122448979591836, 0.009183673469387756],
[44, 0.7282897030000001, 10796.831335972198, 0.02040816326530612, 0.018367346938775512, 0.0163265306122449],
[45, 0.7403065030000001, 10796.83074611708, 0.04081632653061224, 0.018367346938775512, 0.011224489795918368],
[46, 0.7530036040000001, 10796.828003169927, 0.0, 0.014285714285714285, 0.01020408163265306],
[47, 0.7664186040000001, 10796.828284503936, 0.01020408163265306, 0.014285714285714285, 0.014285714285714285],
[48, 0.7794619030000001, 10796.826259134734, 0.01020408163265306, 0.00816326530612245, 0.00816326530612245],
[49, 0.7925403030000001, 10796.825813952273, 0.02040816326530612, 0.006122448979591836, 0.011224489795918368],
[50, 0.8065130040000001, 10796.8247115187, 0.0, 0.01020408163265306, 0.01326530612244898],
[51, 0.8205802040000001, 10796.824785419843, 0.02040816326530612, 0.00816326530612245, 0.00816326530612245],
[52, 0.834379304, 10796.823953913688, 0.0, 0.00816326530612245, 0.007142857142857143],
[53, 0.847644905, 10796.823933947278, 0.01020408163265306, 0.006122448979591836, 0.009183673469387756],
[54, 0.8617207060000001, 10796.823376114704, 0.02040816326530612, 0.014285714285714285, 0.014285714285714285],
[55, 0.8916680060000001, 10796.823369763324, 0.0, 0.01020408163265306, 0.014285714285714285],
[56, 0.9058713060000001, 10796.823057298941, 0.01020408163265306, 0.01020408163265306, 0.01020408163265306],
[57, 0.9195285060000001, 10796.823047087444, 0.030612244897959183, 0.018367346938775512, 0.019387755102040816],
[58, 0.9324317060000001, 10796.82283805967, 0.01020408163265306, 0.014285714285714285, 0.009183673469387756],
[59, 0.9446612060000001, 10796.82283014357, 0.02040816326530612, 0.014285714285714285, 0.011224489795918368],
[60, 0.9578375060000002, 10796.822702299549, 0.02040816326530612, 0.024489795918367346, 0.017346938775510204],
[61, 0.9705319060000002, 10796.822684407458, 0.0, 0.0020408163265306124, 0.006122448979591836],
[62, 0.9834485060000002, 10796.822604073199, 0.030612244897959183, 0.014285714285714285, 0.01020408163265306],
[63, 0.9966056050000002, 10796.822606549062, 0.0, 0.012244897959183673, 0.01020408163265306],
[64, 1.0100271050000003, 10796.822549493558, 0.030612244897959183, 0.014285714285714285, 0.01020408163265306],
[65, 1.0229962060000002, 10796.822543369875, 0.0, 0.00816326530612245, 0.011224489795918368],
[66, 1.0353484060000002, 10796.822511048438, 0.02040816326530612, 0.012244897959183673, 0.01020408163265306],
[67, 1.0486144060000002, 10796.822513669245, 0.01020408163265306, 0.012244897959183673, 0.00816326530612245],
[68, 1.0624995070000003, 10796.82248756298, 0.01020408163265306, 0.012244897959183673, 0.012244897959183673],
[69, 1.0758590070000003, 10796.822485848641, 0.0, 0.00816326530612245, 0.015306122448979591],
[70, 1.0882958070000002, 10796.822473541013, 0.030612244897959183, 0.01020408163265306, 0.012244897959183673],
[71, 1.1022000070000002, 10796.822472988833, 0.01020408163265306, 0.01020408163265306, 0.014285714285714285],
[72, 1.1168490070000001, 10796.82246295796, 0.0, 0.012244897959183673, 0.012244897959183673],
[73, 1.129500007, 10796.822463306518, 0.0, 0.006122448979591836, 0.009183673469387756],
[74, 1.142903307, 10796.822456981281, 0.0, 0.00816326530612245, 0.00816326530612245],
[75, 1.1556313070000002, 10796.822456830974, 0.0, 0.00816326530612245, 0.015306122448979591],
[76, 1.1685152060000001, 10796.822453450826, 0.01020408163265306, 0.006122448979591836, 0.007142857142857143],
[77, 1.182151906, 10796.8224529927, 0.0, 0.006122448979591836, 0.007142857142857143],
[78, 1.194926007, 10796.822450743632, 0.02040816326530612, 0.0163265306122449, 0.011224489795918368],
[79, 1.2091155070000001, 10796.822450632053, 0.01020408163265306, 0.014285714285714285, 0.014285714285714285],
[80, 1.222222308, 10796.82244904741, 0.02040816326530612, 0.004081632653061225, 0.007142857142857143],
[81, 1.235603908, 10796.822449026396, 0.0, 0.014285714285714285, 0.015306122448979591],
[82, 1.249748408, 10796.822447996978, 0.01020408163265306, 0.004081632653061225, 0.009183673469387756],
[83, 1.2634933080000001, 10796.822448047295, 0.01020408163265306, 0.012244897959183673, 0.017346938775510204],
[84, 1.276285107, 10796.822447431958, 0.01020408163265306, 0.014285714285714285, 0.011224489795918368],
[85, 1.289532707, 10796.822447298217, 0.02040816326530612, 0.01020408163265306, 0.01020408163265306],
[86, 1.302940407, 10796.822446932869, 0.0, 0.004081632653061225, 0.00816326530612245],
[87, 1.315628707, 10796.822446954382, 0.0, 0.014285714285714285, 0.01326530612244898],
[88, 1.3276662069999998, 10796.82244669684, 0.01020408163265306, 0.00816326530612245, 0.01020408163265306],
[89, 1.3412167069999998, 10796.822446668519, 0.01020408163265306, 0.012244897959183673, 0.012244897959183673],
[90, 1.354760507, 10796.822446495062, 0.030612244897959183, 0.014285714285714285, 0.012244897959183673],
[91, 1.369256606, 10796.822446508633, 0.02040816326530612, 0.00816326530612245, 0.00816326530612245],
[92, 1.382910106, 10796.82244639772, 0.0, 0.004081632653061225, 0.007142857142857143],
[93, 1.3962425059999999, 10796.822446386714, 0.0, 0.006122448979591836, 0.006122448979591836],
[94, 1.410222106, 10796.822446326833, 0.01020408163265306, 0.01020408163265306, 0.01020408163265306],
[95, 1.423577006, 10796.822446324422, 0.01020408163265306, 0.01020408163265306, 0.01326530612244898],
[96, 1.449172907, 10796.822446277532, 0.02040816326530612, 0.012244897959183673, 0.007142857142857143],
[97, 1.462419406, 10796.822446274622, 0.01020408163265306, 0.0163265306122449, 0.012244897959183673],
[98, 1.475608106, 10796.822446250402, 0.02040816326530612, 0.01020408163265306, 0.01020408163265306],
[99, 1.4888163049999998, 10796.822446249433, 0.0, 0.00816326530612245, 0.01020408163265306],
[100, 1.5024918049999998, 10796.822446229084, 0.01020408163265306, 0.01020408163265306, 0.012244897959183673],
[101, 1.5163723049999998, 10796.822446230195, 0.0, 0.01020408163265306, 0.011224489795918368],
[102, 1.5293762049999997, 10796.822446219556, 0.01020408163265306, 0.012244897959183673, 0.012244897959183673],
[103, 1.5431291059999996, 10796.822446218392, 0.02040816326530612, 0.014285714285714285, 0.01020408163265306],
[104, 1.5562330069999997, 10796.822446211028, 0.01020408163265306, 0.00816326530612245, 0.014285714285714285],
[105, 1.5692476079999997, 10796.822446210335, 0.01020408163265306, 0.006122448979591836, 0.01020408163265306],
[106, 1.5814021079999998, 10796.822446206466, 0.02040816326530612, 0.012244897959183673, 0.011224489795918368],
[107, 1.5944563079999998, 10796.822446206314, 0.0, 0.014285714285714285, 0.01326530612244898],
[108, 1.6075259079999997, 10796.82244620289, 0.01020408163265306, 0.01020408163265306, 0.01326530612244898],
[109, 1.6207240079999998, 10796.82244620292, 0.01020408163265306, 0.00816326530612245, 0.00510204081632653],
[110, 1.632707408, 10796.822446201018, 0.01020408163265306, 0.00816326530612245, 0.011224489795918368],
[111, 1.646146808, 10796.82244620106, 0.01020408163265306, 0.018367346938775512, 0.012244897959183673],
[112, 1.6582276079999998, 10796.822446199827, 0.02040816326530612, 0.00816326530612245, 0.007142857142857143],
[113, 1.6711611079999997, 10796.82244619971, 0.0, 0.014285714285714285, 0.012244897959183673],
[114, 1.6845182079999996, 10796.822446198963, 0.0, 0.006122448979591836, 0.011224489795918368],
[115, 1.6976751079999997, 10796.822446198923, 0.0, 0.006122448979591836, 0.012244897959183673],
[116, 1.7100973079999997, 10796.822446198454, 0.01020408163265306, 0.012244897959183673, 0.011224489795918368],
[117, 1.7230337079999998, 10796.82244619844, 0.0, 0.00816326530612245, 0.01020408163265306],
[118, 1.7360800079999998, 10796.82244619808, 0.0, 0.006122448979591836, 0.009183673469387756],
[119, 1.7483151089999998, 10796.822446198066, 0.01020408163265306, 0.014285714285714285, 0.014285714285714285],
[120, 1.7615751089999998, 10796.822446197897, 0.02040816326530612, 0.01020408163265306, 0.009183673469387756],
[121, 1.7751522089999998, 10796.822446197884, 0.01020408163265306, 0.01020408163265306, 0.009183673469387756],
