rank: 30, ratio of 0 vs 1: 3, lambda:11, learning_rate: 0.35
iter time objective_function precision@K = 1, 5, 10
[0,11741.395847308395, 0.0 0.01020408163265306 0.009183673469387756],
[1, 0.0135105, 11429.595070855206, 0.01020408163265306, 0.004081632653061225, 0.006122448979591836],
[2, 0.026965700000000002, 11422.017085440933, 0.02040816326530612, 0.0163265306122449, 0.0163265306122449],
[3, 0.040675201, 11262.853201272019, 0.01020408163265306, 0.01020408163265306, 0.00816326530612245],
[4, 0.053591301, 11010.701676475643, 0.0, 0.006122448979591836, 0.01020408163265306],
[5, 0.066601701, 10951.000881564376, 0.02040816326530612, 0.01020408163265306, 0.01020408163265306],
[6, 0.082330101, 10896.87529405958, 0.0, 0.006122448979591836, 0.014285714285714285],
[7, 0.093473202, 10909.904434025664, 0.0, 0.01020408163265306, 0.012244897959183673],
[8, 0.106312102, 10864.86528898286, 0.0, 0.00816326530612245, 0.00816326530612245],
[9, 0.119487702, 10882.747342511884, 0.01020408163265306, 0.004081632653061225, 0.009183673469387756],
[10, 0.132355203, 10844.356380395959, 0.0, 0.014285714285714285, 0.014285714285714285],
[11, 0.14461290300000001, 10861.262016875266, 0.0, 0.006122448979591836, 0.009183673469387756],
[12, 0.159965302, 10830.524682468546, 0.02040816326530612, 0.01020408163265306, 0.01020408163265306],
[13, 0.172685202, 10845.2481152265, 0.02040816326530612, 0.014285714285714285, 0.011224489795918368],
[14, 0.18492070200000002, 10820.28462170759, 0.01020408163265306, 0.01020408163265306, 0.01326530612244898],
[15, 0.198497202, 10831.978832667874, 0.030612244897959183, 0.0163265306122449, 0.014285714285714285],
[16, 0.211447302, 10814.024031394974, 0.02040816326530612, 0.014285714285714285, 0.012244897959183673],
[17, 0.224672602, 10822.972481679948, 0.04081632653061224, 0.012244897959183673, 0.01020408163265306],
[18, 0.23727600199999999, 10808.97004012474, 0.0, 0.004081632653061225, 0.007142857142857143],
[19, 0.249873402, 10816.004735334536, 0.04081632653061224, 0.02040816326530612, 0.014285714285714285],
[20, 0.263224302, 10805.598058636193, 0.01020408163265306, 0.02040816326530612, 0.015306122448979591],
[21, 0.28165590300000004, 10810.585542973437, 0.0, 0.00816326530612245, 0.00816326530612245],
[22, 0.29570720300000003, 10802.896997369853, 0.030612244897959183, 0.02040816326530612, 0.015306122448979591],
[23, 0.30801220300000004, 10807.083788122041, 0.02040816326530612, 0.018367346938775512, 0.0163265306122449],
[24, 0.322105603, 10801.346109498574, 0.02040816326530612, 0.00816326530612245, 0.011224489795918368],
[25, 0.334753203, 10804.233826776364, 0.01020408163265306, 0.018367346938775512, 0.014285714285714285],
[26, 0.347312003, 10799.951378374246, 0.0, 0.0163265306122449, 0.017346938775510204],
[27, 0.360672204, 10802.237659720675, 0.0, 0.01020408163265306, 0.00816326530612245],
[28, 0.373890305, 10799.098652719333, 0.030612244897959183, 0.0163265306122449, 0.01326530612244898],
[29, 0.38670000499999996, 10800.77039840658, 0.0, 0.01020408163265306, 0.00816326530612245],
[30, 0.400032205, 10798.430499187094, 0.030612244897959183, 0.022448979591836737, 0.0163265306122449],
[31, 0.413005005, 10799.671668060035, 0.0, 0.006122448979591836, 0.01020408163265306],
[32, 0.425711805, 10797.981294105193, 0.01020408163265306, 0.014285714285714285, 0.012244897959183673],
[33, 0.438789005, 10798.915571706375, 0.01020408163265306, 0.012244897959183673, 0.012244897959183673],
[34, 0.451805005, 10797.635998689642, 0.01020408163265306, 0.0163265306122449, 0.01326530612244898],
[35, 0.465905804, 10798.320470245082, 0.030612244897959183, 0.0163265306122449, 0.012244897959183673],
[36, 0.47873410299999997, 10797.415931947491, 0.0, 0.00816326530612245, 0.009183673469387756],
[37, 0.491240403, 10797.935646311538, 0.01020408163265306, 0.00816326530612245, 0.011224489795918368],
[38, 0.504569904, 10797.242511509481, 0.0, 0.004081632653061225, 0.006122448979591836],
[39, 0.516734604, 10797.614490037417, 0.02040816326530612, 0.01020408163265306, 0.011224489795918368],
[40, 0.5300691040000001, 10797.125279448788, 0.05102040816326531, 0.02040816326530612, 0.019387755102040816],
[41, 0.542903204, 10797.400833543968, 0.0, 0.00816326530612245, 0.01326530612244898],
[42, 0.555365404, 10797.037836526475, 0.061224489795918366, 0.02040816326530612, 0.011224489795918368],
[43, 0.567937104, 10797.241876423066, 0.0, 0.014285714285714285, 0.01326530612244898],
[44, 0.580755304, 10796.978740192828, 0.0, 0.006122448979591836, 0.004081632653061225],
[45, 0.593584005, 10797.125883278382, 0.04081632653061224, 0.0163265306122449, 0.014285714285714285],
[46, 0.6060635059999999, 10796.935831809486, 0.0, 0.00816326530612245, 0.007142857142857143],
[47, 0.6190423059999999, 10797.03946991468, 0.0, 0.0020408163265306124, 0.00510204081632653],
[48, 0.6319256059999999, 10796.904341551957, 0.030612244897959183, 0.014285714285714285, 0.009183673469387756],
[49, 0.645371607, 10796.982887153152, 0.0, 0.0020408163265306124, 0.007142857142857143],
[50, 0.6582187079999999, 10796.879378451471, 0.0, 0.01020408163265306, 0.009183673469387756],
[51, 0.6707592079999999, 10796.935952160413, 0.0, 0.012244897959183673, 0.012244897959183673],
[52, 0.6838535079999999, 10796.866241578953, 0.030612244897959183, 0.014285714285714285, 0.011224489795918368],
[53, 0.6964740079999999, 10796.904170850583, 0.030612244897959183, 0.018367346938775512, 0.015306122448979591],
[54, 0.7093888079999999, 10796.852731404668, 0.05102040816326531, 0.018367346938775512, 0.01326530612244898],
[55, 0.7217074079999999, 10796.88166929171, 0.0, 0.024489795918367346, 0.017346938775510204],
[56, 0.7344139089999999, 10796.844393615245, 0.0, 0.01020408163265306, 0.00816326530612245],
[57, 0.7497569089999999, 10796.865596214844, 0.0, 0.00816326530612245, 0.01020408163265306],
[58, 0.7637282089999999, 10796.838181008354, 0.01020408163265306, 0.006122448979591836, 0.007142857142857143],
[59, 0.7765651079999999, 10796.852906842993, 0.02040816326530612, 0.006122448979591836, 0.011224489795918368],
[60, 0.7886858069999999, 10796.834020783104, 0.04081632653061224, 0.0163265306122449, 0.01326530612244898],
[61, 0.8019132069999999, 10796.844778444876, 0.0, 0.014285714285714285, 0.01326530612244898],
[62, 0.8283119069999999, 10796.83035646516, 0.0, 0.0020408163265306124, 0.011224489795918368],
[63, 0.8412703069999999, 10796.838245885985, 0.02040816326530612, 0.014285714285714285, 0.01326530612244898],
[64, 0.854226807, 10796.828136560263, 0.01020408163265306, 0.004081632653061225, 0.003061224489795918],
[65, 0.867483108, 10796.833964042722, 0.01020408163265306, 0.01020408163265306, 0.00816326530612245],
[66, 0.880771608, 10796.82645816991, 0.04081632653061224, 0.02040816326530612, 0.02040816326530612],
[67, 0.893390809, 10796.830549743658, 0.02040816326530612, 0.012244897959183673, 0.009183673469387756],
[68, 0.906219208, 10796.825434896065, 0.01020408163265306, 0.004081632653061225, 0.007142857142857143],
[69, 0.918632808, 10796.828178221784, 0.0, 0.00816326530612245, 0.011224489795918368],
[70, 0.9312063070000001, 10796.82433637022, 0.0, 0.01020408163265306, 0.009183673469387756],
[71, 0.9437076070000001, 10796.826525995135, 0.02040816326530612, 0.012244897959183673, 0.009183673469387756],
[72, 0.9563074070000002, 10796.82377720143, 0.030612244897959183, 0.00816326530612245, 0.009183673469387756],
[73, 0.9699823070000002, 10796.825332699447, 0.02040816326530612, 0.01020408163265306, 0.0163265306122449],
[74, 0.9813528070000002, 10796.823268770604, 0.0, 0.012244897959183673, 0.011224489795918368],
[75, 0.9943276060000001, 10796.824428874708, 0.02040816326530612, 0.012244897959183673, 0.011224489795918368],
[76, 1.006900206, 10796.822969879859, 0.0, 0.004081632653061225, 0.00816326530612245],
[77, 1.019661605, 10796.823775657793, 0.04081632653061224, 0.024489795918367346, 0.017346938775510204],
[78, 1.031922405, 10796.822724562828, 0.01020408163265306, 0.006122448979591836, 0.007142857142857143],
[79, 1.044750605, 10796.823300638007, 0.0, 0.012244897959183673, 0.011224489795918368],
[80, 1.0592825049999999, 10796.822555779534, 0.01020408163265306, 0.01020408163265306, 0.012244897959183673],
[81, 1.071868705, 10796.822987114769, 0.0, 0.014285714285714285, 0.015306122448979591],
[82, 1.085023605, 10796.822430149557, 0.0, 0.004081632653061225, 0.00510204081632653],
[83, 1.097900104, 10796.822722209505, 0.01020408163265306, 0.012244897959183673, 0.011224489795918368],
[84, 1.111901305, 10796.822343164144, 0.02040816326530612, 0.01020408163265306, 0.006122448979591836],
[85, 1.124154604, 10796.822560358642, 0.02040816326530612, 0.0163265306122449, 0.014285714285714285],
[86, 1.1366972039999999, 10796.8222705248, 0.01020408163265306, 0.00816326530612245, 0.007142857142857143],
[87, 1.1490663039999998, 10796.822430254293, 0.01020408163265306, 0.00816326530612245, 0.009183673469387756],
[88, 1.1615557039999997, 10796.822230095158, 0.01020408163265306, 0.006122448979591836, 0.007142857142857143],
[89, 1.1754684039999996, 10796.822340808114, 0.0, 0.01020408163265306, 0.011224489795918368],
[90, 1.1899169039999997, 10796.822189613342, 0.02040816326530612, 0.006122448979591836, 0.004081632653061225],
[91, 1.2033619049999997, 10796.822274451675, 0.02040816326530612, 0.00816326530612245, 0.00816326530612245],
[92, 1.2155432049999997, 10796.822166745713, 0.01020408163265306, 0.01020408163265306, 0.009183673469387756],
[93, 1.2291342059999997, 10796.822228421925, 0.01020408163265306, 0.01020408163265306, 0.011224489795918368],
[94, 1.2417390059999998, 10796.822149557926, 0.04081632653061224, 0.0163265306122449, 0.014285714285714285],
[95, 1.2543009059999997, 10796.82219166169, 0.01020408163265306, 0.0163265306122449, 0.012244897959183673],
[96, 1.2684183049999997, 10796.822137090583, 0.02040816326530612, 0.01020408163265306, 0.00816326530612245],
[97, 1.2810619049999998, 10796.822168070848, 0.02040816326530612, 0.012244897959183673, 0.012244897959183673],
[98, 1.2943078049999999, 10796.822126807678, 0.01020408163265306, 0.004081632653061225, 0.006122448979591836],
[99, 1.3072413049999998, 10796.822149508242, 0.01020408163265306, 0.0163265306122449, 0.014285714285714285],
[100, 1.3198223049999998, 10796.822120471083, 0.01020408163265306, 0.006122448979591836, 0.01020408163265306],
[101, 1.3325988049999997, 10796.822136965113, 0.01020408163265306, 0.018367346938775512, 0.01326530612244898],
[102, 1.3454710049999998, 10796.822115283938, 0.0, 0.006122448979591836, 0.00816326530612245],
[103, 1.493746705, 10796.822127496525, 0.01020408163265306, 0.012244897959183673, 0.012244897959183673],
[104, 1.506576506, 10796.822112282756, 0.01020408163265306, 0.006122448979591836, 0.01020408163265306],
[105, 1.519315606, 10796.822120597626, 0.01020408163265306, 0.014285714285714285, 0.012244897959183673],
[106, 1.5332158059999998, 10796.822109674751, 0.02040816326530612, 0.006122448979591836, 0.00510204081632653],
[107, 1.5463592059999998, 10796.822115556488, 0.030612244897959183, 0.0163265306122449, 0.01326530612244898],
[108, 1.5593069049999997, 10796.822107741269, 0.02040816326530612, 0.012244897959183673, 0.00816326530612245],
[109, 1.5719017059999998, 10796.822112316411, 0.02040816326530612, 0.014285714285714285, 0.01326530612244898],
[110, 1.5849195059999999, 10796.822106315238, 0.02040816326530612, 0.012244897959183673, 0.011224489795918368],
[111, 1.597695707, 10796.822109586463, 0.02040816326530612, 0.004081632653061225, 0.007142857142857143],
[112, 1.611164007, 10796.822105519253, 0.01020408163265306, 0.00816326530612245, 0.006122448979591836],
[113, 1.6231172059999999, 10796.822107777194, 0.0, 0.012244897959183673, 0.011224489795918368],
[114, 1.636094405, 10796.822104724477, 0.01020408163265306, 0.00816326530612245, 0.009183673469387756],
[115, 1.6491878059999998, 10796.822106436643, 0.01020408163265306, 0.006122448979591836, 0.006122448979591836],
[116, 1.662761107, 10796.82210430382, 0.030612244897959183, 0.0163265306122449, 0.014285714285714285],
[117, 1.675389107, 10796.822105482552, 0.01020408163265306, 0.0163265306122449, 0.01326530612244898],
[118, 1.688163107, 10796.822103904686, 0.02040816326530612, 0.014285714285714285, 0.014285714285714285],
[119, 1.700710006, 10796.822104775149, 0.02040816326530612, 0.0163265306122449, 0.015306122448979591],
[120, 1.713291906, 10796.822103643035, 0.04081632653061224, 0.00816326530612245, 0.01020408163265306],
[121, 1.725488206, 10796.822104283636, 0.0, 0.006122448979591836, 0.00816326530612245],
