rank: 30, ratio of 0 vs 1: 3, lambda:5, learning_rate: 0.3
iter time objective_function precision@K = 1, 5, 10
[0,11226.96609368124, 0.0 0.01020408163265306 0.009183673469387756],
[1, 0.0129995, 11086.6027058762, 0.030612244897959183, 0.01020408163265306, 0.009183673469387756],
[2, 0.026127200000000003, 11001.654173567536, 0.030612244897959183, 0.012244897959183673, 0.011224489795918368],
[3, 0.0398871, 10929.799491809672, 0.0, 0.012244897959183673, 0.01326530612244898],
[4, 0.0530503, 10868.855753801012, 0.0, 0.004081632653061225, 0.007142857142857143],
[5, 0.0661908, 10826.282810532795, 0.0, 0.004081632653061225, 0.00510204081632653],
[6, 0.08017469999999999, 10819.376481735297, 0.0, 0.006122448979591836, 0.011224489795918368],
[7, 0.09326809999999999, 10813.127188738341, 0.01020408163265306, 0.018367346938775512, 0.015306122448979591],
[8, 0.10755410099999999, 10813.239947692555, 0.0, 0.00816326530612245, 0.01020408163265306],
[9, 0.12099960099999998, 10808.594632569026, 0.0, 0.00816326530612245, 0.009183673469387756],
[10, 0.134583401, 10808.812067902403, 0.0, 0.012244897959183673, 0.01020408163265306],
[11, 0.148594402, 10805.743836493859, 0.02040816326530612, 0.024489795918367346, 0.0163265306122449],
[12, 0.16284170199999998, 10805.321076246515, 0.02040816326530612, 0.01020408163265306, 0.015306122448979591],
[13, 0.176308802, 10803.274656723104, 0.01020408163265306, 0.018367346938775512, 0.012244897959183673],
[14, 0.19042580099999998, 10803.064581709332, 0.01020408163265306, 0.01020408163265306, 0.01020408163265306],
[15, 0.205003901, 10801.647164640015, 0.01020408163265306, 0.00816326530612245, 0.011224489795918368],
[16, 0.21896860199999998, 10801.13252728337, 0.0, 0.012244897959183673, 0.009183673469387756],
[17, 0.232733801, 10800.359275017965, 0.030612244897959183, 0.0163265306122449, 0.014285714285714285],
[18, 0.245685001, 10799.98628826703, 0.0, 0.0020408163265306124, 0.007142857142857143],
[19, 0.259466301, 10799.461128091858, 0.01020408163265306, 0.006122448979591836, 0.006122448979591836],
[20, 0.272451601, 10799.131945412182, 0.0, 0.012244897959183673, 0.007142857142857143],
[21, 0.2855837, 10798.603849852241, 0.02040816326530612, 0.00816326530612245, 0.009183673469387756],
[22, 0.2992369, 10798.50529905853, 0.01020408163265306, 0.00816326530612245, 0.01020408163265306],
[23, 0.3128836, 10798.198821752183, 0.02040816326530612, 0.00816326530612245, 0.011224489795918368],
[24, 0.3260496, 10798.002682858893, 0.01020408163265306, 0.01020408163265306, 0.009183673469387756],
[25, 0.3390352, 10797.771808515721, 0.0, 0.006122448979591836, 0.011224489795918368],
[26, 0.35241249999999996, 10797.705866001592, 0.02040816326530612, 0.01020408163265306, 0.015306122448979591],
[27, 0.36557589999999995, 10797.537269899247, 0.01020408163265306, 0.02040816326530612, 0.01326530612244898],
[28, 0.37819819899999996, 10797.44110356457, 0.01020408163265306, 0.004081632653061225, 0.004081632653061225],
[29, 0.39243119899999995, 10797.325692175991, 0.01020408163265306, 0.00816326530612245, 0.01020408163265306],
[30, 0.40632619999999997, 10797.27183885235, 0.01020408163265306, 0.00816326530612245, 0.00816326530612245],
[31, 0.41928629999999995, 10797.19942281251, 0.0, 0.004081632653061225, 0.003061224489795918],
[32, 0.44545559999999995, 10797.145764264611, 0.0, 0.006122448979591836, 0.01020408163265306],
[33, 0.459155, 10797.08470775002, 0.01020408163265306, 0.00816326530612245, 0.01020408163265306],
[34, 0.4724675, 10797.055895876301, 0.01020408163265306, 0.014285714285714285, 0.01020408163265306],
[35, 0.486547901, 10797.021079680067, 0.02040816326530612, 0.014285714285714285, 0.012244897959183673],
[36, 0.500034301, 10796.989623774814, 0.0, 0.014285714285714285, 0.017346938775510204],
[37, 0.5138541010000001, 10796.961905588925, 0.04081632653061224, 0.0163265306122449, 0.01020408163265306],
[38, 0.527346901, 10796.942294601547, 0.01020408163265306, 0.00816326530612245, 0.011224489795918368],
[39, 0.540815601, 10796.927705944865, 0.0, 0.004081632653061225, 0.006122448979591836],
[40, 0.554637201, 10796.910025422227, 0.01020408163265306, 0.012244897959183673, 0.01326530612244898],
[41, 0.568308, 10796.895125327446, 0.01020408163265306, 0.00816326530612245, 0.014285714285714285],
[42, 0.5816127990000001, 10796.886118661083, 0.01020408163265306, 0.01020408163265306, 0.012244897959183673],
[43, 0.5947859000000001, 10796.877180216476, 0.0, 0.014285714285714285, 0.011224489795918368],
[44, 0.6085503990000001, 10796.868427585277, 0.0, 0.006122448979591836, 0.011224489795918368],
[45, 0.6219006990000001, 10796.860382385015, 0.0, 0.0, 0.006122448979591836],
[46, 0.6357791990000001, 10796.855412234278, 0.01020408163265306, 0.004081632653061225, 0.011224489795918368],
[47, 0.6491752980000002, 10796.85186301435, 0.0, 0.00816326530612245, 0.015306122448979591],
[48, 0.6621533980000002, 10796.846245753195, 0.0, 0.00816326530612245, 0.007142857142857143],
[49, 0.6755903970000001, 10796.842214353605, 0.01020408163265306, 0.01020408163265306, 0.00816326530612245],
[50, 0.6890159980000001, 10796.840133459691, 0.0, 0.00816326530612245, 0.01326530612244898],
[51, 0.7037195980000002, 10796.837639861978, 0.0, 0.01020408163265306, 0.011224489795918368],
[52, 0.7185255980000002, 10796.835064672414, 0.01020408163265306, 0.012244897959183673, 0.01326530612244898],
[53, 0.7319938980000001, 10796.833146112234, 0.01020408163265306, 0.012244897959183673, 0.014285714285714285],
[54, 0.7457458980000001, 10796.831687556183, 0.01020408163265306, 0.01020408163265306, 0.01020408163265306],
[55, 0.7594496970000001, 10796.830464995948, 0.02040816326530612, 0.00816326530612245, 0.01020408163265306],
[56, 0.774086397, 10796.829291796063, 0.02040816326530612, 0.01020408163265306, 0.014285714285714285],
[57, 0.7876033960000001, 10796.828158569106, 0.02040816326530612, 0.0163265306122449, 0.01326530612244898],
[58, 0.801133296, 10796.827365792551, 0.01020408163265306, 0.01020408163265306, 0.01326530612244898],
[59, 0.8150747960000001, 10796.826847662926, 0.04081632653061224, 0.02040816326530612, 0.014285714285714285],
[60, 0.8293823960000001, 10796.82614790941, 0.02040816326530612, 0.0163265306122449, 0.01020408163265306],
[61, 0.8421727960000001, 10796.825545208852, 0.01020408163265306, 0.018367346938775512, 0.018367346938775512],
[62, 0.855765996, 10796.825209374967, 0.02040816326530612, 0.01020408163265306, 0.009183673469387756],
[63, 0.868737596, 10796.824856702613, 0.02040816326530612, 0.014285714285714285, 0.014285714285714285],
[64, 0.882426095, 10796.824537501985, 0.01020408163265306, 0.00816326530612245, 0.01326530612244898],
[65, 0.897713495, 10796.824198887236, 0.01020408163265306, 0.012244897959183673, 0.01020408163265306],
[66, 0.910667795, 10796.824044101895, 0.0, 0.012244897959183673, 0.009183673469387756],
[67, 0.9259358959999999, 10796.823878218302, 0.0, 0.012244897959183673, 0.015306122448979591],
[68, 0.9445453959999999, 10796.823660945338, 0.0, 0.0020408163265306124, 0.007142857142857143],
[69, 0.9588519959999998, 10796.82352977445, 0.030612244897959183, 0.014285714285714285, 0.01326530612244898],
[70, 0.9714007949999999, 10796.823419221082, 0.02040816326530612, 0.018367346938775512, 0.0163265306122449],
[71, 0.9846337949999999, 10796.823331511021, 0.0, 0.00816326530612245, 0.011224489795918368],
[72, 0.9997434949999999, 10796.82323867088, 0.01020408163265306, 0.004081632653061225, 0.00510204081632653],
[73, 1.019409595, 10796.823157809065, 0.030612244897959183, 0.014285714285714285, 0.01326530612244898],
[74, 1.032650795, 10796.823102446888, 0.0, 0.0163265306122449, 0.01326530612244898],
[75, 1.046669895, 10796.823058287677, 0.0, 0.006122448979591836, 0.00816326530612245],
[76, 1.060131795, 10796.823009723517, 0.01020408163265306, 0.018367346938775512, 0.01326530612244898],
[77, 1.073422295, 10796.822965254745, 0.02040816326530612, 0.014285714285714285, 0.015306122448979591],
[78, 1.087248596, 10796.822940252487, 0.01020408163265306, 0.00816326530612245, 0.01020408163265306],
[79, 1.100899797, 10796.822913583996, 0.04081632653061224, 0.0163265306122449, 0.014285714285714285],
[80, 1.114283197, 10796.822887466513, 0.01020408163265306, 0.006122448979591836, 0.00816326530612245],
[81, 1.127639796, 10796.822865825574, 0.0, 0.01020408163265306, 0.01326530612244898],
[82, 1.141176397, 10796.822852130597, 0.030612244897959183, 0.012244897959183673, 0.012244897959183673],
[83, 1.154106697, 10796.82284034067, 0.01020408163265306, 0.00816326530612245, 0.007142857142857143],
[84, 1.167284798, 10796.82282519919, 0.0, 0.00816326530612245, 0.00816326530612245],
[85, 1.179821398, 10796.82281361073, 0.030612244897959183, 0.01020408163265306, 0.00816326530612245],
[86, 1.192217698, 10796.822806664433, 0.0, 0.006122448979591836, 0.012244897959183673],
[87, 1.204374198, 10796.822799905682, 0.02040816326530612, 0.00816326530612245, 0.0163265306122449],
[88, 1.218408598, 10796.822793239164, 0.0, 0.0020408163265306124, 0.003061224489795918],
[89, 1.231169698, 10796.822787464762, 0.0, 0.00816326530612245, 0.009183673469387756],
[90, 1.244703698, 10796.822782680218, 0.0, 0.006122448979591836, 0.011224489795918368],
[91, 1.257911598, 10796.82277943621, 0.0, 0.01020408163265306, 0.011224489795918368],
[92, 1.271710699, 10796.822775977602, 0.0, 0.0163265306122449, 0.012244897959183673],
[93, 1.285487899, 10796.822772601174, 0.030612244897959183, 0.02040816326530612, 0.018367346938775512],
[94, 1.298678798, 10796.822770975175, 0.0, 0.004081632653061225, 0.00510204081632653],
[95, 1.3135575970000002, 10796.822768984737, 0.04081632653061224, 0.014285714285714285, 0.015306122448979591],
[96, 1.3274902960000001, 10796.822766876805, 0.030612244897959183, 0.0163265306122449, 0.014285714285714285],
[97, 1.340542595, 10796.82276544927, 0.0, 0.012244897959183673, 0.012244897959183673],
[98, 1.353759595, 10796.82276431158, 0.02040816326530612, 0.012244897959183673, 0.01020408163265306],
[99, 1.3670726940000002, 10796.822763331209, 0.01020408163265306, 0.01020408163265306, 0.011224489795918368],
[100, 1.3807705940000001, 10796.822762379657, 0.0, 0.01020408163265306, 0.007142857142857143],
[101, 1.3958488940000002, 10796.822761482379, 0.0, 0.006122448979591836, 0.009183673469387756],
[102, 1.4090457940000003, 10796.82276092024, 0.0, 0.01020408163265306, 0.007142857142857143],
[103, 1.4229484940000003, 10796.822760511475, 0.01020408163265306, 0.012244897959183673, 0.012244897959183673],
[104, 1.4380551950000005, 10796.822759920387, 0.0, 0.006122448979591836, 0.009183673469387756],
[105, 1.4517773950000004, 10796.822759463617, 0.02040816326530612, 0.0163265306122449, 0.01326530612244898],
[106, 1.4658278950000003, 10796.822759209985, 0.02040816326530612, 0.00816326530612245, 0.012244897959183673],
[107, 1.4788314950000003, 10796.822758948747, 0.02040816326530612, 0.012244897959183673, 0.012244897959183673],
[108, 1.4916456950000003, 10796.822758663318, 0.01020408163265306, 0.004081632653061225, 0.00510204081632653],
[109, 1.5053567950000004, 10796.822758431024, 0.02040816326530612, 0.012244897959183673, 0.00816326530612245],
[110, 1.5195560940000004, 10796.822758286246, 0.0, 0.012244897959183673, 0.01020408163265306],
[111, 1.5334374940000004, 10796.82275814938, 0.01020408163265306, 0.00816326530612245, 0.01020408163265306],
[112, 1.5475577940000005, 10796.822757996802, 0.01020408163265306, 0.012244897959183673, 0.00816326530612245],
[113, 1.5613213950000004, 10796.822757888502, 0.02040816326530612, 0.014285714285714285, 0.012244897959183673],
[114, 1.5903005950000004, 10796.822757807073, 0.02040816326530612, 0.01020408163265306, 0.01020408163265306],
[115, 1.6030989950000005, 10796.8227577307, 0.0, 0.00816326530612245, 0.007142857142857143],
[116, 1.6154626950000006, 10796.822757661836, 0.02040816326530612, 0.012244897959183673, 0.009183673469387756],
[117, 1.6290156950000005, 10796.822757593874, 0.01020408163265306, 0.012244897959183673, 0.011224489795918368],
[118, 1.6423722960000005, 10796.822757554644, 0.01020408163265306, 0.004081632653061225, 0.006122448979591836],
[119, 1.6562881960000004, 10796.822757522794, 0.0, 0.014285714285714285, 0.017346938775510204],
[120, 1.6699797960000005, 10796.822757479296, 0.0, 0.006122448979591836, 0.00816326530612245],
[121, 1.6832314950000005, 10796.822757446042, 0.02040816326530612, 0.0163265306122449, 0.01326530612244898],
