rank: 30, ratio of 0 vs 1: 3, lambda:10, learning_rate: 0.3
iter time objective_function precision@K = 1, 5, 10
[0,11655.657555037204, 0.0 0.01020408163265306 0.009183673469387756],
[1, 0.013420001, 11292.687771439514, 0.0, 0.012244897959183673, 0.01020408163265306],
[2, 0.027395601, 10934.97035541902, 0.01020408163265306, 0.01020408163265306, 0.015306122448979591],
[3, 0.0403254, 11013.636273512077, 0.0, 0.014285714285714285, 0.014285714285714285],
[4, 0.054357699999999995, 10835.935882755311, 0.01020408163265306, 0.006122448979591836, 0.011224489795918368],
[5, 0.06781229999999999, 10967.189815453281, 0.01020408163265306, 0.012244897959183673, 0.007142857142857143],
[6, 0.0807526, 10823.809147356238, 0.030612244897959183, 0.012244897959183673, 0.012244897959183673],
[7, 0.09372349899999999, 10920.948738485873, 0.01020408163265306, 0.006122448979591836, 0.01326530612244898],
[8, 0.10615409899999999, 10810.908424557854, 0.01020408163265306, 0.014285714285714285, 0.012244897959183673],
[9, 0.11955409899999998, 10891.79627176357, 0.01020408163265306, 0.01020408163265306, 0.01020408163265306],
[10, 0.13214769899999998, 10808.5251989486, 0.0, 0.006122448979591836, 0.01020408163265306],
[11, 0.14635399899999998, 10863.892204513617, 0.01020408163265306, 0.012244897959183673, 0.01020408163265306],
[12, 0.159232999, 10803.123975804265, 0.0, 0.00816326530612245, 0.007142857142857143],
[13, 0.17232879899999998, 10847.425748420108, 0.01020408163265306, 0.012244897959183673, 0.009183673469387756],
[14, 0.18544959899999996, 10802.317403356781, 0.01020408163265306, 0.014285714285714285, 0.0163265306122449],
[15, 0.19858889899999996, 10832.438270624498, 0.01020408163265306, 0.01020408163265306, 0.01326530612244898],
[16, 0.21186659899999996, 10800.128131252624, 0.04081632653061224, 0.0163265306122449, 0.0163265306122449],
[17, 0.22505439899999996, 10823.21816122461, 0.01020408163265306, 0.006122448979591836, 0.007142857142857143],
[18, 0.23801549799999996, 10799.597209556103, 0.0, 0.012244897959183673, 0.014285714285714285],
[19, 0.25249379799999994, 10815.506391979854, 0.02040816326530612, 0.014285714285714285, 0.014285714285714285],
[20, 0.2644309979999999, 10798.377738414265, 0.02040816326530612, 0.018367346938775512, 0.01326530612244898],
[21, 0.27712899699999993, 10810.770789761236, 0.01020408163265306, 0.012244897959183673, 0.011224489795918368],
[22, 0.2895413969999999, 10798.174822784506, 0.02040816326530612, 0.014285714285714285, 0.011224489795918368],
[23, 0.3033552969999999, 10806.671120160518, 0.01020408163265306, 0.014285714285714285, 0.0163265306122449],
[24, 0.31628529799999994, 10797.734224867894, 0.01020408163265306, 0.01020408163265306, 0.012244897959183673],
[25, 0.3465424979999999, 10804.003108692088, 0.01020408163265306, 0.006122448979591836, 0.006122448979591836],
[26, 0.3595158969999999, 10797.48757689252, 0.0, 0.006122448979591836, 0.009183673469387756],
[27, 0.3745163959999999, 10802.003852814723, 0.0, 0.00816326530612245, 0.006122448979591836],
[28, 0.38750909599999994, 10797.252930201077, 0.0, 0.004081632653061225, 0.01020408163265306],
[29, 0.40169679599999997, 10800.615820786745, 0.01020408163265306, 0.00816326530612245, 0.007142857142857143],
[30, 0.41484599699999997, 10797.17009310688, 0.01020408163265306, 0.006122448979591836, 0.011224489795918368],
[31, 0.42801659699999994, 10799.526253727607, 0.01020408163265306, 0.02040816326530612, 0.014285714285714285],
[32, 0.44161799699999993, 10797.073255774645, 0.0, 0.018367346938775512, 0.014285714285714285],
[33, 0.45461849699999995, 10798.776063373945, 0.01020408163265306, 0.0163265306122449, 0.015306122448979591],
[34, 0.46780579699999997, 10797.01518908865, 0.02040816326530612, 0.0163265306122449, 0.01326530612244898],
[35, 0.48093469699999997, 10798.222133826242, 0.0, 0.006122448979591836, 0.007142857142857143],
[36, 0.49336969799999997, 10796.942465068816, 0.0, 0.00816326530612245, 0.011224489795918368],
[37, 0.506500497, 10797.852702703636, 0.0, 0.01020408163265306, 0.01020408163265306],
[38, 0.522991297, 10796.920716155058, 0.01020408163265306, 0.00816326530612245, 0.006122448979591836],
[39, 0.536596697, 10797.554990811328, 0.0, 0.01020408163265306, 0.009183673469387756],
[40, 0.553708897, 10796.890693858237, 0.0, 0.012244897959183673, 0.009183673469387756],
[41, 0.5673000970000001, 10797.354200209813, 0.01020408163265306, 0.0163265306122449, 0.017346938775510204],
[42, 0.5807404970000001, 10796.873481550516, 0.01020408163265306, 0.0163265306122449, 0.012244897959183673],
[43, 0.5934073970000001, 10797.204652863136, 0.01020408163265306, 0.01020408163265306, 0.009183673469387756],
[44, 0.6068632970000001, 10796.858049125392, 0.0, 0.00816326530612245, 0.009183673469387756],
[45, 0.6200370980000001, 10797.099600989422, 0.0, 0.00816326530612245, 0.011224489795918368],
[46, 0.6348366980000001, 10796.850026337199, 0.01020408163265306, 0.00816326530612245, 0.012244897959183673],
[47, 0.6498841980000001, 10797.020573405387, 0.030612244897959183, 0.012244897959183673, 0.01020408163265306],
[48, 0.6620391980000001, 10796.841117106556, 0.01020408163265306, 0.00816326530612245, 0.009183673469387756],
[49, 0.6750043980000001, 10796.966589833473, 0.02040816326530612, 0.014285714285714285, 0.011224489795918368],
[50, 0.6880243970000001, 10796.837898853119, 0.01020408163265306, 0.004081632653061225, 0.01020408163265306],
[51, 0.700605196, 10796.92483937423, 0.0, 0.004081632653061225, 0.01020408163265306],
[52, 0.713355095, 10796.832493580174, 0.01020408163265306, 0.02040816326530612, 0.017346938775510204],
[53, 0.7262354950000001, 10796.897475050862, 0.0, 0.01020408163265306, 0.01020408163265306],
[54, 0.738880995, 10796.830556682293, 0.0, 0.006122448979591836, 0.006122448979591836],
[55, 0.751920095, 10796.875351706602, 0.0, 0.004081632653061225, 0.00816326530612245],
[56, 0.765229395, 10796.827523089596, 0.0, 0.01020408163265306, 0.009183673469387756],
[57, 0.777656294, 10796.861385773456, 0.0, 0.006122448979591836, 0.006122448979591836],
[58, 0.790794294, 10796.82602455703, 0.02040816326530612, 0.018367346938775512, 0.015306122448979591],
[59, 0.8047078950000001, 10796.850218209414, 0.0, 0.01020408163265306, 0.011224489795918368],
[60, 0.816877995, 10796.82509242894, 0.01020408163265306, 0.018367346938775512, 0.01326530612244898],
[61, 0.8297804950000001, 10796.842383059604, 0.030612244897959183, 0.00816326530612245, 0.009183673469387756],
[62, 0.8424347950000001, 10796.824250950182, 0.02040816326530612, 0.0163265306122449, 0.015306122448979591],
[63, 0.8549013950000001, 10796.836534463158, 0.0, 0.012244897959183673, 0.009183673469387756],
[64, 0.8676070950000001, 10796.823403088318, 0.01020408163265306, 0.00816326530612245, 0.006122448979591836],
[65, 0.8810366950000001, 10796.832827029484, 0.0, 0.0, 0.012244897959183673],
[66, 0.9072031950000001, 10796.823184154964, 0.01020408163265306, 0.006122448979591836, 0.009183673469387756],
[67, 0.9202381960000001, 10796.82955733629, 0.01020408163265306, 0.01020408163265306, 0.012244897959183673],
[68, 0.9330437960000001, 10796.822786385492, 0.01020408163265306, 0.0163265306122449, 0.014285714285714285],
[69, 0.946055096, 10796.827580849045, 0.0, 0.006122448979591836, 0.006122448979591836],
[70, 0.9605407960000001, 10796.822563205336, 0.02040816326530612, 0.006122448979591836, 0.006122448979591836],
[71, 0.9734447960000001, 10796.825979341183, 0.01020408163265306, 0.01020408163265306, 0.00816326530612245],
[72, 0.9865428960000001, 10796.82240173858, 0.05102040816326531, 0.014285714285714285, 0.0163265306122449],
[73, 0.9998069960000001, 10796.824897772796, 0.04081632653061224, 0.0163265306122449, 0.012244897959183673],
[74, 1.0133131970000002, 10796.82229062695, 0.01020408163265306, 0.00816326530612245, 0.011224489795918368],
[75, 1.0260632970000003, 10796.824060019708, 0.04081632653061224, 0.012244897959183673, 0.012244897959183673],
[76, 1.0387345970000004, 10796.822196813315, 0.04081632653061224, 0.0163265306122449, 0.014285714285714285],
[77, 1.0518590970000004, 10796.823508604817, 0.01020408163265306, 0.004081632653061225, 0.00510204081632653],
[78, 1.0648889970000004, 10796.822146015164, 0.01020408163265306, 0.00816326530612245, 0.007142857142857143],
[79, 1.0798557970000005, 10796.823060446548, 0.030612244897959183, 0.0163265306122449, 0.0163265306122449],
[80, 1.0931271980000004, 10796.822084962958, 0.02040816326530612, 0.01020408163265306, 0.01020408163265306],
[81, 1.1073615980000004, 10796.82278105107, 0.01020408163265306, 0.014285714285714285, 0.01020408163265306],
[82, 1.1197264980000003, 10796.822074160485, 0.030612244897959183, 0.014285714285714285, 0.012244897959183673],
[83, 1.1326594980000004, 10796.822536412208, 0.01020408163265306, 0.00816326530612245, 0.00510204081632653],
[84, 1.1455609980000003, 10796.8220337386, 0.02040816326530612, 0.01020408163265306, 0.00816326530612245],
[85, 1.1581102980000004, 10796.822398614415, 0.0, 0.006122448979591836, 0.011224489795918368],
[86, 1.1708753980000004, 10796.822023164586, 0.01020408163265306, 0.01020408163265306, 0.01020408163265306],
[87, 1.1837607970000004, 10796.822274249409, 0.02040816326530612, 0.014285714285714285, 0.01326530612244898],
[88, 1.1967430970000004, 10796.822008812404, 0.02040816326530612, 0.01020408163265306, 0.01020408163265306],
[89, 1.2094631970000003, 10796.822196850608, 0.01020408163265306, 0.0163265306122449, 0.014285714285714285],
[90, 1.2227115970000002, 10796.822001454426, 0.030612244897959183, 0.024489795918367346, 0.017346938775510204],
[91, 1.2358544970000003, 10796.822133208969, 0.0, 0.00816326530612245, 0.012244897959183673],
[92, 1.2494110960000002, 10796.821995101127, 0.02040816326530612, 0.018367346938775512, 0.014285714285714285],
[93, 1.2617467960000002, 10796.822091107815, 0.030612244897959183, 0.006122448979591836, 0.007142857142857143],
[94, 1.2743608960000001, 10796.821990752636, 0.01020408163265306, 0.006122448979591836, 0.006122448979591836],
[95, 1.287061097, 10796.82205917885, 0.01020408163265306, 0.006122448979591836, 0.007142857142857143],
[96, 1.302198898, 10796.821987040708, 0.01020408163265306, 0.01020408163265306, 0.00816326530612245],
[97, 1.3136631970000001, 10796.822037484151, 0.02040816326530612, 0.012244897959183673, 0.01020408163265306],
[98, 1.3265381960000002, 10796.821984978831, 0.0, 0.012244897959183673, 0.012244897959183673],
[99, 1.3400204960000002, 10796.822020385838, 0.0, 0.014285714285714285, 0.011224489795918368],
[100, 1.3521923960000002, 10796.821982577641, 0.01020408163265306, 0.01020408163265306, 0.00816326530612245],
[101, 1.3647710960000001, 10796.82200974758, 0.0, 0.014285714285714285, 0.012244897959183673],
[102, 1.3777750960000001, 10796.821981923289, 0.0, 0.00816326530612245, 0.01020408163265306],
[103, 1.3903369970000001, 10796.822000285743, 0.02040816326530612, 0.01020408163265306, 0.009183673469387756],
[104, 1.403047898, 10796.821980697425, 0.0, 0.0163265306122449, 0.012244897959183673],
[105, 1.4157370980000001, 10796.821994602222, 0.02040816326530612, 0.01020408163265306, 0.009183673469387756],
[106, 1.430533097, 10796.821980121633, 0.02040816326530612, 0.014285714285714285, 0.01326530612244898],
[107, 1.449502698, 10796.821990051836, 0.030612244897959183, 0.012244897959183673, 0.012244897959183673],
[108, 1.4631473990000001, 10796.821979757493, 0.01020408163265306, 0.00816326530612245, 0.00816326530612245],
[109, 1.475914699, 10796.821986768222, 0.02040816326530612, 0.01020408163265306, 0.01020408163265306],
[110, 1.488056799, 10796.82197943096, 0.02040816326530612, 0.006122448979591836, 0.01020408163265306],
[111, 1.500907899, 10796.821984403336, 0.0, 0.01020408163265306, 0.012244897959183673],
[112, 1.513680099, 10796.821979039412, 0.01020408163265306, 0.01020408163265306, 0.009183673469387756],
[113, 1.5273479989999998, 10796.821982906165, 0.01020408163265306, 0.012244897959183673, 0.012244897959183673],
[114, 1.5404683989999999, 10796.821978953732, 0.02040816326530612, 0.012244897959183673, 0.014285714285714285],
[115, 1.5536073979999998, 10796.821981571362, 0.0, 0.00816326530612245, 0.01020408163265306],
[116, 1.5663807979999997, 10796.82197879199, 0.01020408163265306, 0.012244897959183673, 0.00816326530612245],
[117, 1.5797182979999997, 10796.821980762763, 0.02040816326530612, 0.02040816326530612, 0.01326530612244898],
[118, 1.5922653979999997, 10796.82197869875, 0.02040816326530612, 0.012244897959183673, 0.012244897959183673],
[119, 1.6099334979999997, 10796.821980105939, 0.01020408163265306, 0.014285714285714285, 0.012244897959183673],
[120, 1.6222885979999997, 10796.821978647273, 0.01020408163265306, 0.00816326530612245, 0.012244897959183673],
[121, 1.6345529989999996, 10796.821979645438, 0.01020408163265306, 0.014285714285714285, 0.00816326530612245],
