rank: 30, ratio of 0 vs 1: 3, lambda:3, learning_rate: 0.3
iter time objective_function precision@K = 1, 5, 10
[0,11055.489509138855, 0.0 0.01020408163265306 0.009183673469387756],
[1, 0.013811099, 10997.246681248926, 0.01020408163265306, 0.012244897959183673, 0.01020408163265306],
[2, 0.027126998, 10968.304958802126, 0.030612244897959183, 0.014285714285714285, 0.012244897959183673],
[3, 0.041363397999999996, 10947.847937974102, 0.01020408163265306, 0.012244897959183673, 0.009183673469387756],
[4, 0.054133997999999996, 10932.712588582766, 0.0, 0.012244897959183673, 0.01020408163265306],
[5, 0.066254198, 10921.693185060929, 0.02040816326530612, 0.00816326530612245, 0.007142857142857143],
[6, 0.079682099, 10913.356063713447, 0.01020408163265306, 0.006122448979591836, 0.006122448979591836],
[7, 0.09389909900000001, 10907.271797906626, 0.02040816326530612, 0.006122448979591836, 0.006122448979591836],
[8, 0.10712439900000001, 10902.54517974228, 0.02040816326530612, 0.006122448979591836, 0.006122448979591836],
[9, 0.11990200000000001, 10899.064419641936, 0.01020408163265306, 0.006122448979591836, 0.006122448979591836],
[10, 0.1327586, 10896.259968798277, 0.0, 0.006122448979591836, 0.00510204081632653],
[11, 0.14575380000000002, 10894.531789303956, 0.01020408163265306, 0.006122448979591836, 0.006122448979591836],
[12, 0.16027270000000002, 10892.98451870715, 0.01020408163265306, 0.006122448979591836, 0.00510204081632653],
[13, 0.17464970000000002, 10891.902992231186, 0.0, 0.006122448979591836, 0.006122448979591836],
[14, 0.18902370000000002, 10891.153786964975, 0.0, 0.006122448979591836, 0.006122448979591836],
[15, 0.20290649900000002, 10890.650348168212, 0.0, 0.006122448979591836, 0.00510204081632653],
[16, 0.21710809900000003, 10890.00889134876, 0.0, 0.006122448979591836, 0.00510204081632653],
[17, 0.23011359900000003, 10889.806456535513, 0.0, 0.006122448979591836, 0.00510204081632653],
[18, 0.24259969900000003, 10889.576104968948, 0.0, 0.006122448979591836, 0.00510204081632653],
[19, 0.25549370000000005, 10889.166531037348, 0.0, 0.006122448979591836, 0.00510204081632653],
[20, 0.26888440100000005, 10889.044360537624, 0.0, 0.006122448979591836, 0.00510204081632653],
[21, 0.28233920100000004, 10889.114467739111, 0.0, 0.006122448979591836, 0.00510204081632653],
[22, 0.296347501, 10888.934158551418, 0.0, 0.006122448979591836, 0.00510204081632653],
[23, 0.30807580100000004, 10888.694249988292, 0.0, 0.006122448979591836, 0.00510204081632653],
[24, 0.32301740100000004, 10888.985929823082, 0.0, 0.006122448979591836, 0.00510204081632653],
[25, 0.338258302, 10888.665570319372, 0.0, 0.006122448979591836, 0.00510204081632653],
[26, 0.351937902, 10888.58637762438, 0.0, 0.006122448979591836, 0.00510204081632653],
[27, 0.36477770200000004, 10888.8681097663, 0.0, 0.006122448979591836, 0.00510204081632653],
[28, 0.37781520100000004, 10888.563291868222, 0.0, 0.006122448979591836, 0.00510204081632653],
[29, 0.39276990200000006, 10888.800768003995, 0.0, 0.006122448979591836, 0.00510204081632653],
[30, 0.4066909020000001, 10888.842749131962, 0.0, 0.006122448979591836, 0.00510204081632653],
[31, 0.42008020200000007, 10888.785173322965, 0.0, 0.006122448979591836, 0.00510204081632653],
[32, 0.4345047020000001, 10888.642082658202, 0.0, 0.006122448979591836, 0.00510204081632653],
[33, 0.4661399030000001, 10888.704123144982, 0.0, 0.006122448979591836, 0.00510204081632653],
[34, 0.4803586030000001, 10888.761315788432, 0.0, 0.006122448979591836, 0.00510204081632653],
[35, 0.4931599030000001, 10888.612354292678, 0.0, 0.006122448979591836, 0.00510204081632653],
[36, 0.5063235030000002, 10888.52241328196, 0.0, 0.006122448979591836, 0.00510204081632653],
[37, 0.5202126020000002, 10888.479545781785, 0.0, 0.006122448979591836, 0.00510204081632653],
[38, 0.5340300020000002, 10888.597465964502, 0.0, 0.006122448979591836, 0.00510204081632653],
[39, 0.5471152020000002, 10888.624946363814, 0.0, 0.006122448979591836, 0.00510204081632653],
[40, 0.5592601020000002, 10888.447409106724, 0.0, 0.006122448979591836, 0.00510204081632653],
[41, 0.5710481020000002, 10888.512845851239, 0.0, 0.006122448979591836, 0.00510204081632653],
[42, 0.5839563020000003, 10888.499141642282, 0.0, 0.006122448979591836, 0.00510204081632653],
[43, 0.5984180020000003, 10888.633993097259, 0.0, 0.006122448979591836, 0.00510204081632653],
[44, 0.6115969020000003, 10888.565996681798, 0.0, 0.006122448979591836, 0.00510204081632653],
[45, 0.6264672020000003, 10888.627745351989, 0.0, 0.006122448979591836, 0.00510204081632653],
[46, 0.6399542020000003, 10888.541548654854, 0.0, 0.006122448979591836, 0.00510204081632653],
[47, 0.6536977020000003, 10888.64096999294, 0.0, 0.006122448979591836, 0.00510204081632653],
[48, 0.6666029030000004, 10888.565658469653, 0.0, 0.006122448979591836, 0.00510204081632653],
[49, 0.6798849030000004, 10888.8050607211, 0.0, 0.006122448979591836, 0.00510204081632653],
[50, 0.6935258040000004, 10888.623826725694, 0.0, 0.006122448979591836, 0.00510204081632653],
[51, 0.7065727040000004, 10888.65021140965, 0.0, 0.006122448979591836, 0.00510204081632653],
[52, 0.7194903050000003, 10888.503390156238, 0.0, 0.006122448979591836, 0.00510204081632653],
[53, 0.7338323050000003, 10888.788619076824, 0.0, 0.006122448979591836, 0.00510204081632653],
[54, 0.7473025050000003, 10888.548763190887, 0.0, 0.006122448979591836, 0.00510204081632653],
[55, 0.7600455050000002, 10888.7854883859, 0.0, 0.006122448979591836, 0.00510204081632653],
[56, 0.7746935060000002, 10888.736810163768, 0.0, 0.006122448979591836, 0.00510204081632653],
[57, 0.7884294060000002, 10888.646352207097, 0.0, 0.006122448979591836, 0.00510204081632653],
[58, 0.8013394070000002, 10888.56063093846, 0.0, 0.006122448979591836, 0.00510204081632653],
[59, 0.8141437070000002, 10888.475484972287, 0.0, 0.006122448979591836, 0.00510204081632653],
[60, 0.8276367070000001, 10888.577231982377, 0.0, 0.006122448979591836, 0.00510204081632653],
[61, 0.8416884070000001, 10888.611906396005, 0.0, 0.006122448979591836, 0.00510204081632653],
[62, 0.8544176070000001, 10888.518470342431, 0.0, 0.006122448979591836, 0.00510204081632653],
[63, 0.8684628060000001, 10888.722289682612, 0.0, 0.006122448979591836, 0.00510204081632653],
[64, 0.8829987060000002, 10888.545263925676, 0.0, 0.006122448979591836, 0.00510204081632653],
[65, 0.8971459070000002, 10888.60096342903, 0.0, 0.006122448979591836, 0.00510204081632653],
[66, 0.9112789070000001, 10888.772145299557, 0.0, 0.006122448979591836, 0.00510204081632653],
[67, 0.9264595070000001, 10888.728386728159, 0.0, 0.006122448979591836, 0.00510204081632653],
[68, 0.9421595060000001, 10888.571145320546, 0.0, 0.006122448979591836, 0.00510204081632653],
[69, 0.9553577060000001, 10888.68178161787, 0.0, 0.006122448979591836, 0.00510204081632653],
[70, 0.9671742050000002, 10888.702756178236, 0.0, 0.006122448979591836, 0.00510204081632653],
[71, 0.9805984050000002, 10888.634162253984, 0.0, 0.006122448979591836, 0.00510204081632653],
[72, 0.9956614050000002, 10888.649922061797, 0.0, 0.006122448979591836, 0.00510204081632653],
[73, 1.0096816050000001, 10888.56616911009, 0.0, 0.006122448979591836, 0.00510204081632653],
[74, 1.0996235040000002, 10888.668735944155, 0.0, 0.006122448979591836, 0.00510204081632653],
[75, 1.1132085050000002, 10888.653196915622, 0.0, 0.006122448979591836, 0.00510204081632653],
[76, 1.1270175050000002, 10888.542774831334, 0.0, 0.006122448979591836, 0.00510204081632653],
[77, 1.1400796040000003, 10888.678266028719, 0.0, 0.006122448979591836, 0.00510204081632653],
[78, 1.1536851030000004, 10888.55533625563, 0.0, 0.006122448979591836, 0.00510204081632653],
[79, 1.1682820030000003, 10888.734157289493, 0.0, 0.006122448979591836, 0.00510204081632653],
[80, 1.1804870040000004, 10888.68698220017, 0.0, 0.006122448979591836, 0.00510204081632653],
[81, 1.1938770050000005, 10888.61828616224, 0.0, 0.006122448979591836, 0.00510204081632653],
[82, 1.2078087060000005, 10888.58015714221, 0.0, 0.006122448979591836, 0.00510204081632653],
[83, 1.2190578060000004, 10888.809282356846, 0.0, 0.006122448979591836, 0.00510204081632653],
[84, 1.2310715060000004, 10888.715263596294, 0.0, 0.006122448979591836, 0.00510204081632653],
[85, 1.2449774060000003, 10888.655420945817, 0.0, 0.006122448979591836, 0.00510204081632653],
[86, 1.2579785070000002, 10888.685203912886, 0.0, 0.006122448979591836, 0.00510204081632653],
[87, 1.2697226070000003, 10888.580228862347, 0.0, 0.006122448979591836, 0.00510204081632653],
[88, 1.2829073070000003, 10888.527588770217, 0.0, 0.006122448979591836, 0.00510204081632653],
[89, 1.2962606070000002, 10888.674433223545, 0.0, 0.006122448979591836, 0.00510204081632653],
[90, 1.3092395070000002, 10888.694470411863, 0.0, 0.006122448979591836, 0.00510204081632653],
[91, 1.3220306070000003, 10888.687525585829, 0.0, 0.006122448979591836, 0.00510204081632653],
[92, 1.3377574070000002, 10888.676722274487, 0.0, 0.006122448979591836, 0.00510204081632653],
[93, 1.3520202070000003, 10888.639998100325, 0.0, 0.006122448979591836, 0.00510204081632653],
[94, 1.3657355070000003, 10888.776195319939, 0.0, 0.006122448979591836, 0.00510204081632653],
[95, 1.3791148070000003, 10888.531414390942, 0.0, 0.006122448979591836, 0.00510204081632653],
[96, 1.3926224070000004, 10888.601706687912, 0.0, 0.006122448979591836, 0.00510204081632653],
[97, 1.4060964080000005, 10888.656172574565, 0.0, 0.006122448979591836, 0.00510204081632653],
[98, 1.4193500080000006, 10888.701270432326, 0.0, 0.006122448979591836, 0.00510204081632653],
[99, 1.4320977070000005, 10888.743119301713, 0.0, 0.006122448979591836, 0.00510204081632653],
[100, 1.4446574070000004, 10888.43281706817, 0.0, 0.006122448979591836, 0.00510204081632653],
[101, 1.4584368070000004, 10888.618100226158, 0.0, 0.006122448979591836, 0.00510204081632653],
[102, 1.4723738080000004, 10888.650791835396, 0.0, 0.006122448979591836, 0.00510204081632653],
[103, 1.4851864080000003, 10888.499149653537, 0.0, 0.006122448979591836, 0.00510204081632653],
[104, 1.4983706080000003, 10888.626852825293, 0.0, 0.006122448979591836, 0.00510204081632653],
[105, 1.5137826080000003, 10888.643712502053, 0.0, 0.006122448979591836, 0.00510204081632653],
[106, 1.5267408070000004, 10888.601068088085, 0.0, 0.006122448979591836, 0.00510204081632653],
[107, 1.5392367070000004, 10888.730720734487, 0.0, 0.006122448979591836, 0.00510204081632653],
[108, 1.5533400070000003, 10888.727456353918, 0.0, 0.006122448979591836, 0.00510204081632653],
[109, 1.5674540070000003, 10888.761372546553, 0.0, 0.006122448979591836, 0.00510204081632653],
[110, 1.5804869070000003, 10888.855637898334, 0.0, 0.006122448979591836, 0.00510204081632653],
[111, 1.5949805070000003, 10888.555717022273, 0.0, 0.006122448979591836, 0.00510204081632653],
[112, 1.6083315070000002, 10888.630561017326, 0.0, 0.006122448979591836, 0.00510204081632653],
[113, 1.621797308, 10888.631824136279, 0.0, 0.006122448979591836, 0.00510204081632653],
[114, 1.635248108, 10888.724114134244, 0.0, 0.006122448979591836, 0.00510204081632653],
[115, 1.656031107, 10888.696962235641, 0.0, 0.006122448979591836, 0.00510204081632653],
[116, 1.669628807, 10888.62336140187, 0.0, 0.006122448979591836, 0.00510204081632653],
[117, 1.682780207, 10888.777735721085, 0.0, 0.006122448979591836, 0.00510204081632653],
[118, 1.698228407, 10888.43759446717, 0.0, 0.006122448979591836, 0.00510204081632653],
[119, 1.711272708, 10888.623133731604, 0.0, 0.006122448979591836, 0.00510204081632653],
[120, 1.725422008, 10888.549324118772, 0.0, 0.006122448979591836, 0.00510204081632653],
[121, 1.739151908, 10888.648031364275, 0.0, 0.006122448979591836, 0.00510204081632653],
