rank: 30, ratio of 0 vs 1: 3, lambda:9, learning_rate: 0.3
iter time objective_function precision@K = 1, 5, 10
[0,11569.91926276601, 0.0 0.01020408163265306 0.009183673469387756],
[1, 0.0125071, 11242.115265757682, 0.01020408163265306, 0.014285714285714285, 0.01020408163265306],
[2, 0.0257778, 10930.957940254717, 0.0, 0.00816326530612245, 0.00510204081632653],
[3, 0.040407701000000004, 10885.885557080406, 0.02040816326530612, 0.00816326530612245, 0.009183673469387756],
[4, 0.053230401000000004, 10875.912397136508, 0.0, 0.004081632653061225, 0.006122448979591836],
[5, 0.067088702, 10856.473734649666, 0.0, 0.012244897959183673, 0.015306122448979591],
[6, 0.080868702, 10847.657739050317, 0.0, 0.01020408163265306, 0.006122448979591836],
[7, 0.094032502, 10835.46778587655, 0.0, 0.006122448979591836, 0.009183673469387756],
[8, 0.107095902, 10830.048107875982, 0.0, 0.006122448979591836, 0.006122448979591836],
[9, 0.120526902, 10822.257218521807, 0.0, 0.006122448979591836, 0.00816326530612245],
[10, 0.134258602, 10817.81698203442, 0.0, 0.00816326530612245, 0.012244897959183673],
[11, 0.14739570300000002, 10813.453944961242, 0.0, 0.02040816326530612, 0.012244897959183673],
[12, 0.15964280300000003, 10810.123580582827, 0.02040816326530612, 0.014285714285714285, 0.012244897959183673],
[13, 0.17369540200000003, 10807.829136133996, 0.0, 0.0163265306122449, 0.012244897959183673],
[14, 0.18776940200000003, 10805.186495449909, 0.01020408163265306, 0.00816326530612245, 0.007142857142857143],
[15, 0.20083980200000004, 10803.661260230938, 0.0, 0.0020408163265306124, 0.0020408163265306124],
[16, 0.21432580200000004, 10802.286020646292, 0.01020408163265306, 0.01020408163265306, 0.01020408163265306],
[17, 0.22743000200000005, 10801.383020056823, 0.01020408163265306, 0.012244897959183673, 0.015306122448979591],
[18, 0.24016350200000006, 10800.428770735645, 0.0, 0.004081632653061225, 0.01020408163265306],
[19, 0.25477170200000004, 10799.599544629215, 0.01020408163265306, 0.012244897959183673, 0.011224489795918368],
[20, 0.26847090200000007, 10799.110020161606, 0.0, 0.01020408163265306, 0.014285714285714285],
[21, 0.2816013030000001, 10798.644901109683, 0.030612244897959183, 0.00816326530612245, 0.012244897959183673],
[22, 0.2953983030000001, 10798.246004244054, 0.0, 0.006122448979591836, 0.01020408163265306],
[23, 0.3091115020000001, 10797.976475898207, 0.0, 0.004081632653061225, 0.00510204081632653],
[24, 0.3224267030000001, 10797.784020356235, 0.0, 0.01020408163265306, 0.00816326530612245],
[25, 0.33506750400000007, 10797.556948943618, 0.01020408163265306, 0.01020408163265306, 0.012244897959183673],
[26, 0.34742160400000005, 10797.408514712513, 0.0, 0.0163265306122449, 0.01326530612244898],
[27, 0.36023900500000006, 10797.310967449177, 0.02040816326530612, 0.004081632653061225, 0.004081632653061225],
[28, 0.37313270500000006, 10797.20545478481, 0.0, 0.00816326530612245, 0.00816326530612245],
[29, 0.38646440500000007, 10797.116334428652, 0.030612244897959183, 0.014285714285714285, 0.014285714285714285],
[30, 0.3993495040000001, 10797.063309926074, 0.0, 0.0020408163265306124, 0.00510204081632653],
[31, 0.41238420300000006, 10797.024074835603, 0.01020408163265306, 0.018367346938775512, 0.012244897959183673],
[32, 0.42610900300000004, 10796.980772935069, 0.01020408163265306, 0.014285714285714285, 0.014285714285714285],
[33, 0.43907730300000003, 10796.941325762593, 0.01020408163265306, 0.006122448979591836, 0.011224489795918368],
[34, 0.452570803, 10796.922530770042, 0.01020408163265306, 0.004081632653061225, 0.006122448979591836],
[35, 0.478620202, 10796.90532025487, 0.02040816326530612, 0.01020408163265306, 0.01326530612244898],
[36, 0.492048102, 10796.886662866771, 0.01020408163265306, 0.01020408163265306, 0.011224489795918368],
[37, 0.506145402, 10796.873283433382, 0.01020408163265306, 0.012244897959183673, 0.01326530612244898],
[38, 0.519971002, 10796.861554921576, 0.01020408163265306, 0.006122448979591836, 0.007142857142857143],
[39, 0.533354102, 10796.85457096473, 0.04081632653061224, 0.0163265306122449, 0.017346938775510204],
[40, 0.546746202, 10796.850232466188, 0.0, 0.0163265306122449, 0.014285714285714285],
[41, 0.560306102, 10796.84363959698, 0.030612244897959183, 0.012244897959183673, 0.00816326530612245],
[42, 0.573988202, 10796.8383623889, 0.01020408163265306, 0.00816326530612245, 0.011224489795918368],
[43, 0.589093202, 10796.835321416005, 0.0, 0.006122448979591836, 0.00816326530612245],
[44, 0.602204902, 10796.833431772335, 0.01020408163265306, 0.014285714285714285, 0.00816326530612245],
[45, 0.615885302, 10796.831426453758, 0.030612244897959183, 0.014285714285714285, 0.014285714285714285],
[46, 0.628576503, 10796.829013605295, 0.02040816326530612, 0.0163265306122449, 0.01020408163265306],
[47, 0.641122203, 10796.827758476256, 0.0, 0.006122448979591836, 0.011224489795918368],
[48, 0.654821903, 10796.826740710014, 0.0, 0.01020408163265306, 0.01020408163265306],
[49, 0.668248702, 10796.825911420994, 0.01020408163265306, 0.00816326530612245, 0.009183673469387756],
[50, 0.681468803, 10796.825267733528, 0.01020408163265306, 0.01020408163265306, 0.01020408163265306],
[51, 0.694418703, 10796.82467824778, 0.01020408163265306, 0.018367346938775512, 0.015306122448979591],
[52, 0.7075715029999999, 10796.824125041869, 0.0, 0.012244897959183673, 0.015306122448979591],
[53, 0.7206967029999999, 10796.823829123705, 0.0, 0.01020408163265306, 0.01326530612244898],
[54, 0.7337269029999999, 10796.823564468088, 0.01020408163265306, 0.00816326530612245, 0.011224489795918368],
[55, 0.7471814029999999, 10796.823298449628, 0.0, 0.006122448979591836, 0.00816326530612245],
[56, 0.7602559019999999, 10796.823124339726, 0.0, 0.00816326530612245, 0.00816326530612245],
[57, 0.7728818019999999, 10796.822997823869, 0.01020408163265306, 0.01020408163265306, 0.009183673469387756],
[58, 0.7859365009999999, 10796.822872233657, 0.0, 0.004081632653061225, 0.006122448979591836],
[59, 0.8001009009999999, 10796.82276227853, 0.0, 0.006122448979591836, 0.006122448979591836],
[60, 0.8135896009999999, 10796.822679589726, 0.0, 0.00816326530612245, 0.007142857142857143],
[61, 0.8266700009999999, 10796.822634493952, 0.0, 0.012244897959183673, 0.01020408163265306],
[62, 0.8408579009999999, 10796.82259246549, 0.02040816326530612, 0.0163265306122449, 0.0163265306122449],
[63, 0.8540083009999999, 10796.822547070331, 0.01020408163265306, 0.00816326530612245, 0.012244897959183673],
[64, 0.8673091009999999, 10796.822510001251, 0.01020408163265306, 0.00816326530612245, 0.009183673469387756],
[65, 0.8800567009999999, 10796.822487945044, 0.0, 0.004081632653061225, 0.00816326530612245],
[66, 0.8933399009999999, 10796.822475015408, 0.0, 0.006122448979591836, 0.006122448979591836],
[67, 0.906517501, 10796.822457262853, 0.01020408163265306, 0.0163265306122449, 0.014285714285714285],
[68, 0.9192430009999999, 10796.822438363735, 0.0, 0.00816326530612245, 0.012244897959183673],
[69, 0.9318126019999999, 10796.822431236242, 0.0, 0.00816326530612245, 0.012244897959183673],
[70, 0.9453776009999999, 10796.822425316772, 0.0, 0.012244897959183673, 0.014285714285714285],
[71, 0.960357501, 10796.822417968264, 0.0, 0.006122448979591836, 0.01326530612244898],
[72, 0.9729553009999999, 10796.822412034813, 0.0, 0.00816326530612245, 0.009183673469387756],
[73, 0.986306501, 10796.822407670183, 0.0, 0.01020408163265306, 0.011224489795918368],
[74, 0.9990924, 10796.822404714616, 0.02040816326530612, 0.01020408163265306, 0.014285714285714285],
[75, 1.0131099, 10796.822402657908, 0.01020408163265306, 0.01020408163265306, 0.009183673469387756],
[76, 1.1584919, 10796.822399949593, 0.01020408163265306, 0.014285714285714285, 0.015306122448979591],
[77, 1.1728294, 10796.822398166623, 0.02040816326530612, 0.012244897959183673, 0.009183673469387756],
[78, 1.186334799, 10796.822396977619, 0.01020408163265306, 0.01020408163265306, 0.009183673469387756],
[79, 1.198956499, 10796.822396001215, 0.0, 0.004081632653061225, 0.01020408163265306],
[80, 1.2122069979999999, 10796.822394991104, 0.01020408163265306, 0.01020408163265306, 0.011224489795918368],
[81, 1.2258980979999998, 10796.822394249564, 0.01020408163265306, 0.0163265306122449, 0.01326530612244898],
[82, 1.2397415979999997, 10796.822393835508, 0.0, 0.01020408163265306, 0.006122448979591836],
[83, 1.2527658979999998, 10796.822393394114, 0.01020408163265306, 0.0163265306122449, 0.01326530612244898],
[84, 1.2678160979999997, 10796.822392909457, 0.030612244897959183, 0.0163265306122449, 0.0163265306122449],
[85, 1.2811944979999996, 10796.822392671012, 0.030612244897959183, 0.018367346938775512, 0.018367346938775512],
[86, 1.2938941979999996, 10796.822392471508, 0.0, 0.014285714285714285, 0.009183673469387756],
[87, 1.3063827979999996, 10796.822392280983, 0.0, 0.00816326530612245, 0.011224489795918368],
[88, 1.3193179979999996, 10796.822392137301, 0.01020408163265306, 0.014285714285714285, 0.014285714285714285],
[89, 1.3326708979999995, 10796.822392004782, 0.02040816326530612, 0.006122448979591836, 0.007142857142857143],
[90, 1.3459367979999994, 10796.822391904087, 0.01020408163265306, 0.014285714285714285, 0.011224489795918368],
[91, 1.3591002979999995, 10796.822391852858, 0.01020408163265306, 0.006122448979591836, 0.00816326530612245],
[92, 1.3729842979999995, 10796.822391795431, 0.01020408163265306, 0.014285714285714285, 0.017346938775510204],
[93, 1.3854374989999996, 10796.822391728725, 0.01020408163265306, 0.0163265306122449, 0.011224489795918368],
[94, 1.3987879989999996, 10796.822391694743, 0.01020408163265306, 0.012244897959183673, 0.011224489795918368],
[95, 1.4118355999999996, 10796.822391675581, 0.01020408163265306, 0.014285714285714285, 0.011224489795918368],
[96, 1.4263100009999996, 10796.822391643052, 0.02040816326530612, 0.00816326530612245, 0.009183673469387756],
[97, 1.4407732009999996, 10796.822391621994, 0.0, 0.006122448979591836, 0.006122448979591836],
[98, 1.4537437019999997, 10796.822391609041, 0.01020408163265306, 0.00816326530612245, 0.007142857142857143],
[99, 1.4669178029999996, 10796.822391594733, 0.01020408163265306, 0.014285714285714285, 0.009183673469387756],
[100, 1.4801086039999996, 10796.822391585876, 0.0, 0.00816326530612245, 0.01326530612244898],
[101, 1.4932148039999995, 10796.822391578122, 0.01020408163265306, 0.004081632653061225, 0.01020408163265306],
[102, 1.5060617039999995, 10796.822391570993, 0.0, 0.014285714285714285, 0.012244897959183673],
[103, 1.5190974029999995, 10796.82239156585, 0.0, 0.006122448979591836, 0.007142857142857143],
[104, 1.5320013029999995, 10796.822391562515, 0.0, 0.00816326530612245, 0.01020408163265306],
[105, 1.5447497039999996, 10796.822391559292, 0.0, 0.00816326530612245, 0.0163265306122449],
[106, 1.5588542039999995, 10796.822391555646, 0.0, 0.012244897959183673, 0.01326530612244898],
[107, 1.5719635039999995, 10796.822391553791, 0.0, 0.006122448979591836, 0.007142857142857143],
[108, 1.5848531039999996, 10796.822391552574, 0.01020408163265306, 0.01020408163265306, 0.01020408163265306],
[109, 1.5975472029999995, 10796.822391551052, 0.030612244897959183, 0.01020408163265306, 0.012244897959183673],
[110, 1.6102638019999995, 10796.822391549851, 0.030612244897959183, 0.014285714285714285, 0.014285714285714285],
[111, 1.6249696019999995, 10796.822391549049, 0.01020408163265306, 0.00816326530612245, 0.009183673469387756],
[112, 1.6385449009999995, 10796.82239154848, 0.02040816326530612, 0.012244897959183673, 0.015306122448979591],
[113, 1.6518949009999995, 10796.822391547834, 0.02040816326530612, 0.006122448979591836, 0.006122448979591836],
[114, 1.6650368009999994, 10796.822391547317, 0.01020408163265306, 0.012244897959183673, 0.012244897959183673],
[115, 1.6782643009999993, 10796.822391547053, 0.01020408163265306, 0.012244897959183673, 0.009183673469387756],
[116, 1.6913867009999994, 10796.822391546773, 0.01020408163265306, 0.02040816326530612, 0.01326530612244898],
[117, 1.7204754999999994, 10796.822391546533, 0.02040816326530612, 0.012244897959183673, 0.01020408163265306],
[118, 1.7336046999999994, 10796.822391546351, 0.030612244897959183, 0.01020408163265306, 0.006122448979591836],
[119, 1.7469754999999993, 10796.822391546199, 0.0, 0.01020408163265306, 0.011224489795918368],
[120, 1.7606907999999994, 10796.82239154609, 0.0, 0.01020408163265306, 0.01020408163265306],
[121, 1.7734426999999995, 10796.822391545997, 0.01020408163265306, 0.012244897959183673, 0.012244897959183673],
