rank: 30, ratio of 0 vs 1: 3, lambda:3, learning_rate: 0.3
iter time objective_function precision@K = 1, 5, 10
[0,11055.489509138855, 0.0 0.01020408163265306 0.009183673469387756],
[1, 0.0153953, 10997.246681248926, 0.01020408163265306, 0.012244897959183673, 0.01020408163265306],
[2, 0.028633099000000002, 10966.747409945308, 0.030612244897959183, 0.014285714285714285, 0.011224489795918368],
[3, 0.041251800000000005, 10943.812788571055, 0.0, 0.01020408163265306, 0.011224489795918368],
[4, 0.055563900000000006, 10925.700800925928, 0.01020408163265306, 0.01020408163265306, 0.00816326530612245],
[5, 0.0688251, 10911.609441527322, 0.02040816326530612, 0.006122448979591836, 0.007142857142857143],
[6, 0.081416, 10900.232819909057, 0.01020408163265306, 0.00816326530612245, 0.006122448979591836],
[7, 0.094607499, 10891.265460384671, 0.02040816326530612, 0.006122448979591836, 0.007142857142857143],
[8, 0.107682898, 10883.945583204655, 0.02040816326530612, 0.006122448979591836, 0.00510204081632653],
[9, 0.122421398, 10878.150912565543, 0.01020408163265306, 0.00816326530612245, 0.006122448979591836],
[10, 0.136770498, 10873.368296833962, 0.01020408163265306, 0.00816326530612245, 0.007142857142857143],
[11, 0.151910998, 10869.817503190101, 0.01020408163265306, 0.006122448979591836, 0.007142857142857143],
[12, 0.16466029799999998, 10866.794068101317, 0.01020408163265306, 0.006122448979591836, 0.007142857142857143],
[13, 0.17692159899999998, 10864.426955568117, 0.01020408163265306, 0.006122448979591836, 0.007142857142857143],
[14, 0.190700199, 10862.565389661604, 0.01020408163265306, 0.00816326530612245, 0.007142857142857143],
[15, 0.204111099, 10861.120549058673, 0.01020408163265306, 0.00816326530612245, 0.007142857142857143],
[16, 0.21738729899999998, 10859.795333468492, 0.01020408163265306, 0.006122448979591836, 0.007142857142857143],
[17, 0.22940259899999998, 10858.89828604171, 0.01020408163265306, 0.006122448979591836, 0.007142857142857143],
[18, 0.242695, 10858.142524772322, 0.01020408163265306, 0.006122448979591836, 0.007142857142857143],
[19, 0.257644801, 10857.385456775452, 0.01020408163265306, 0.006122448979591836, 0.007142857142857143],
[20, 0.27141220099999996, 10856.905486454118, 0.01020408163265306, 0.006122448979591836, 0.007142857142857143],
[21, 0.28482040099999995, 10856.626278179603, 0.01020408163265306, 0.006122448979591836, 0.007142857142857143],
[22, 0.29752840099999994, 10856.238048441715, 0.01020408163265306, 0.006122448979591836, 0.00816326530612245],
[23, 0.31068330099999997, 10855.86234749592, 0.01020408163265306, 0.006122448979591836, 0.00816326530612245],
[24, 0.32423120199999994, 10855.852218968268, 0.01020408163265306, 0.006122448979591836, 0.00816326530612245],
[25, 0.3398815009999999, 10855.532846521339, 0.01020408163265306, 0.00816326530612245, 0.00816326530612245],
[26, 0.3534193009999999, 10855.386255500349, 0.01020408163265306, 0.00816326530612245, 0.00816326530612245],
[27, 0.3666670009999999, 10855.449127184174, 0.01020408163265306, 0.00816326530612245, 0.00816326530612245],
[28, 0.3809817009999999, 10855.198732941906, 0.01020408163265306, 0.00816326530612245, 0.00816326530612245],
[29, 0.3950087009999999, 10855.26095985104, 0.01020408163265306, 0.00816326530612245, 0.00816326530612245],
[30, 0.4096648019999999, 10855.247786164202, 0.01020408163265306, 0.00816326530612245, 0.00816326530612245],
[31, 0.42427580199999987, 10855.1561705595, 0.01020408163265306, 0.00816326530612245, 0.00816326530612245],
[32, 0.43754280199999984, 10855.067077759313, 0.01020408163265306, 0.00816326530612245, 0.00816326530612245],
[33, 0.45213680099999987, 10855.076237418609, 0.01020408163265306, 0.00816326530612245, 0.00816326530612245],
[34, 0.48429440199999985, 10855.083278037691, 0.01020408163265306, 0.00816326530612245, 0.00816326530612245],
[35, 0.49758020199999986, 10854.987202576614, 0.01020408163265306, 0.00816326530612245, 0.00816326530612245],
[36, 0.5121068019999999, 10854.915750327824, 0.01020408163265306, 0.00816326530612245, 0.00816326530612245],
[37, 0.5257835019999999, 10854.885876870021, 0.01020408163265306, 0.00816326530612245, 0.00816326530612245],
[38, 0.5378675029999999, 10854.940700909698, 0.01020408163265306, 0.00816326530612245, 0.00816326530612245],
[39, 0.5521295029999999, 10854.9488207494, 0.01020408163265306, 0.00816326530612245, 0.00816326530612245],
[40, 0.5661288029999999, 10854.854396728986, 0.01020408163265306, 0.00816326530612245, 0.00816326530612245],
[41, 0.5794296029999999, 10854.883000562804, 0.01020408163265306, 0.00816326530612245, 0.00816326530612245],
[42, 0.5928874029999999, 10854.87016775752, 0.01020408163265306, 0.00816326530612245, 0.00816326530612245],
[43, 0.6076216029999999, 10854.946041360487, 0.01020408163265306, 0.00816326530612245, 0.00816326530612245],
[44, 0.6218190039999999, 10854.886259069768, 0.01020408163265306, 0.00816326530612245, 0.00816326530612245],
[45, 0.6329443039999999, 10854.92532288127, 0.01020408163265306, 0.00816326530612245, 0.00816326530612245],
[46, 0.6462791039999999, 10854.870929168475, 0.01020408163265306, 0.00816326530612245, 0.00816326530612245],
[47, 0.6596582049999998, 10854.939906096277, 0.01020408163265306, 0.00816326530612245, 0.00816326530612245],
[48, 0.6733397049999998, 10854.896112121092, 0.01020408163265306, 0.00816326530612245, 0.00816326530612245],
[49, 0.6867673049999998, 10855.024681010618, 0.01020408163265306, 0.00816326530612245, 0.00816326530612245],
[50, 0.7008909049999998, 10854.918791160653, 0.01020408163265306, 0.00816326530612245, 0.00816326530612245],
[51, 0.7142737039999998, 10854.930925771743, 0.01020408163265306, 0.00816326530612245, 0.00816326530612245],
[52, 0.7271505049999998, 10854.866259643912, 0.01020408163265306, 0.00816326530612245, 0.00816326530612245],
[53, 0.7402891039999998, 10855.02475865314, 0.01020408163265306, 0.00816326530612245, 0.00816326530612245],
[54, 0.7541640039999998, 10854.877781086352, 0.01020408163265306, 0.00816326530612245, 0.00816326530612245],
[55, 0.7681972049999999, 10855.00178688629, 0.01020408163265306, 0.00816326530612245, 0.00816326530612245],
[56, 0.7799259039999998, 10854.988461482091, 0.01020408163265306, 0.00816326530612245, 0.00816326530612245],
[57, 0.7944560039999998, 10854.922766745518, 0.01020408163265306, 0.00816326530612245, 0.00816326530612245],
[58, 0.8085944029999999, 10854.883188812537, 0.01020408163265306, 0.00816326530612245, 0.00816326530612245],
[59, 0.8226555029999999, 10854.828634878551, 0.01020408163265306, 0.00816326530612245, 0.00816326530612245],
[60, 0.8350466029999999, 10854.88019600983, 0.01020408163265306, 0.00816326530612245, 0.00816326530612245],
[61, 0.8476578029999999, 10854.912190897245, 0.01020408163265306, 0.00816326530612245, 0.00816326530612245],
[62, 0.8614729029999999, 10854.879384013584, 0.01020408163265306, 0.00816326530612245, 0.00816326530612245],
[63, 0.8742506029999999, 10854.967658456619, 0.01020408163265306, 0.00816326530612245, 0.00816326530612245],
[64, 0.8873422039999999, 10854.878355517101, 0.01020408163265306, 0.00816326530612245, 0.00816326530612245],
[65, 0.9019479039999998, 10854.888375391067, 0.01020408163265306, 0.00816326530612245, 0.00816326530612245],
[66, 0.9150987049999998, 10855.02069027837, 0.01020408163265306, 0.00816326530612245, 0.00816326530612245],
[67, 0.9284782039999998, 10854.973915720748, 0.01020408163265306, 0.00816326530612245, 0.00816326530612245],
[68, 0.9438045039999998, 10854.8905500707, 0.01020408163265306, 0.00816326530612245, 0.00816326530612245],
[69, 0.9568652029999998, 10854.946218227486, 0.01020408163265306, 0.00816326530612245, 0.00816326530612245],
[70, 0.9727245039999998, 10854.972594997249, 0.01020408163265306, 0.00816326530612245, 0.00816326530612245],
[71, 0.9856633049999998, 10854.920639665956, 0.01020408163265306, 0.00816326530612245, 0.00816326530612245],
[72, 0.9989271039999997, 10854.924940131687, 0.01020408163265306, 0.00816326530612245, 0.00816326530612245],
[73, 1.0122670039999997, 10854.895515828006, 0.01020408163265306, 0.00816326530612245, 0.00816326530612245],
[74, 1.0250638039999997, 10854.940135985973, 0.01020408163265306, 0.00816326530612245, 0.00816326530612245],
[75, 1.0526439039999997, 10854.924433175836, 0.01020408163265306, 0.00816326530612245, 0.00816326530612245],
[76, 1.0663264039999998, 10854.868964584737, 0.01020408163265306, 0.00816326530612245, 0.00816326530612245],
[77, 1.0802575049999998, 10854.951639493032, 0.01020408163265306, 0.00816326530612245, 0.00816326530612245],
[78, 1.093342804, 10854.876759362598, 0.01020408163265306, 0.00816326530612245, 0.00816326530612245],
[79, 1.106825904, 10854.974701770621, 0.01020408163265306, 0.00816326530612245, 0.00816326530612245],
[80, 1.1195550029999999, 10854.948998674183, 0.01020408163265306, 0.00816326530612245, 0.00816326530612245],
[81, 1.1319512029999999, 10854.916261279312, 0.01020408163265306, 0.00816326530612245, 0.00816326530612245],
[82, 1.145446303, 10854.891525156128, 0.01020408163265306, 0.00816326530612245, 0.00816326530612245],
[83, 1.1586451039999999, 10855.015970148334, 0.01020408163265306, 0.00816326530612245, 0.00816326530612245],
[84, 1.1710058039999998, 10854.960893796822, 0.01020408163265306, 0.00816326530612245, 0.00816326530612245],
[85, 1.1836531049999999, 10854.946777083247, 0.01020408163265306, 0.00816326530612245, 0.00816326530612245],
[86, 1.197605705, 10854.955173417393, 0.01020408163265306, 0.00816326530612245, 0.00816326530612245],
[87, 1.210429406, 10854.904522380517, 0.01020408163265306, 0.00816326530612245, 0.00816326530612245],
[88, 1.222711005, 10854.854205248508, 0.01020408163265306, 0.00816326530612245, 0.00816326530612245],
[89, 1.236803804, 10854.949436138788, 0.01020408163265306, 0.00816326530612245, 0.00816326530612245],
[90, 1.251567204, 10854.948801643102, 0.01020408163265306, 0.00816326530612245, 0.00816326530612245],
[91, 1.2633038030000001, 10854.967271852694, 0.01020408163265306, 0.00816326530612245, 0.00816326530612245],
[92, 1.277093403, 10854.943788155993, 0.01020408163265306, 0.00816326530612245, 0.00816326530612245],
[93, 1.2899925030000001, 10854.936390413824, 0.01020408163265306, 0.00816326530612245, 0.00816326530612245],
[94, 1.3027215030000001, 10855.001243238588, 0.01020408163265306, 0.00816326530612245, 0.00816326530612245],
[95, 1.3146628020000002, 10854.879361031437, 0.01020408163265306, 0.00816326530612245, 0.00816326530612245],
[96, 1.3269460030000002, 10854.915149506201, 0.01020408163265306, 0.00816326530612245, 0.00816326530612245],
[97, 1.3402573040000003, 10854.94049766443, 0.01020408163265306, 0.00816326530612245, 0.00816326530612245],
[98, 1.3542955030000003, 10854.959309675203, 0.01020408163265306, 0.00816326530612245, 0.00816326530612245],
[99, 1.3702718030000003, 10854.991127009673, 0.01020408163265306, 0.00816326530612245, 0.00816326530612245],
[100, 1.3842128030000003, 10854.824754232961, 0.01020408163265306, 0.00816326530612245, 0.00816326530612245],
[101, 1.3976500040000002, 10854.904335879324, 0.01020408163265306, 0.00816326530612245, 0.00816326530612245],
[102, 1.409603104, 10854.918792768896, 0.01020408163265306, 0.00816326530612245, 0.00816326530612245],
[103, 1.423445705, 10854.840773592985, 0.01020408163265306, 0.00816326530612245, 0.00816326530612245],
[104, 1.436993906, 10854.931740891565, 0.01020408163265306, 0.00816326530612245, 0.00816326530612245],
[105, 1.449612106, 10854.931610586447, 0.01020408163265306, 0.00816326530612245, 0.00816326530612245],
[106, 1.463700606, 10854.910629801796, 0.01020408163265306, 0.00816326530612245, 0.00816326530612245],
[107, 1.478053406, 10854.975124678569, 0.01020408163265306, 0.00816326530612245, 0.00816326530612245],
[108, 1.492776006, 10854.985681889126, 0.01020408163265306, 0.00816326530612245, 0.00816326530612245],
[109, 1.507247706, 10854.990410607128, 0.01020408163265306, 0.00816326530612245, 0.00816326530612245],
[110, 1.521048706, 10855.047314593003, 0.01020408163265306, 0.00816326530612245, 0.00816326530612245],
[111, 1.534512405, 10854.893199392227, 0.01020408163265306, 0.00816326530612245, 0.00816326530612245],
[112, 1.548659205, 10854.908865081252, 0.01020408163265306, 0.00816326530612245, 0.00816326530612245],
[113, 1.564051306, 10854.908568420597, 0.01020408163265306, 0.00816326530612245, 0.00816326530612245],
[114, 1.5795714060000001, 10854.974344460014, 0.01020408163265306, 0.00816326530612245, 0.00816326530612245],
[115, 1.5926663060000001, 10854.952066201859, 0.01020408163265306, 0.00816326530612245, 0.00816326530612245],
[116, 1.6128793060000002, 10854.904073770083, 0.01020408163265306, 0.00816326530612245, 0.00816326530612245],
[117, 1.6271996060000002, 10855.0096679809, 0.01020408163265306, 0.00816326530612245, 0.00816326530612245],
[118, 1.6414016050000002, 10854.811845603503, 0.01020408163265306, 0.00816326530612245, 0.00816326530612245],
[119, 1.6538278050000002, 10854.910173851493, 0.01020408163265306, 0.00816326530612245, 0.00816326530612245],
[120, 1.6672552050000002, 10854.883243167615, 0.01020408163265306, 0.00816326530612245, 0.00816326530612245],
[121, 1.6804312050000003, 10854.931363193866, 0.01020408163265306, 0.00816326530612245, 0.00816326530612245],
