rank: 30, ratio of 0 vs 1: 3, lambda:7, learning_rate: 0.3
iter time objective_function precision@K = 1, 5, 10
[0,11398.442678223626, 0.0 0.01020408163265306 0.009183673469387756],
[1, 0.013276301, 11160.928788785153, 0.02040816326530612, 0.01020408163265306, 0.01020408163265306],
[2, 0.026592101, 10980.133814647224, 0.01020408163265306, 0.014285714285714285, 0.012244897959183673],
[3, 0.039940801, 10844.299310684675, 0.0, 0.004081632653061225, 0.006122448979591836],
[4, 0.053154101999999995, 10870.354251027986, 0.0, 0.006122448979591836, 0.01020408163265306],
[5, 0.066170702, 10829.920818386308, 0.0, 0.012244897959183673, 0.01326530612244898],
[6, 0.081271302, 10851.516050822576, 0.0, 0.004081632653061225, 0.006122448979591836],
[7, 0.094965002, 10819.761376026076, 0.0, 0.00816326530612245, 0.009183673469387756],
[8, 0.20970470200000002, 10837.596457324637, 0.01020408163265306, 0.01020408163265306, 0.012244897959183673],
[9, 0.22266300200000003, 10814.491099211928, 0.02040816326530612, 0.0163265306122449, 0.012244897959183673],
[10, 0.23671220300000004, 10826.088033977585, 0.01020408163265306, 0.01020408163265306, 0.00816326530612245],
[11, 0.24879130300000005, 10808.770582664452, 0.01020408163265306, 0.01020408163265306, 0.007142857142857143],
[12, 0.262044003, 10818.461435057245, 0.0, 0.01020408163265306, 0.012244897959183673],
[13, 0.27499850200000003, 10806.054499587899, 0.02040816326530612, 0.01020408163265306, 0.009183673469387756],
[14, 0.28720080200000003, 10812.096539301234, 0.0, 0.014285714285714285, 0.009183673469387756],
[15, 0.30120100200000005, 10803.283191682262, 0.0, 0.0, 0.01020408163265306],
[16, 0.31397120100000003, 10808.128402383896, 0.02040816326530612, 0.0163265306122449, 0.014285714285714285],
[17, 0.32701700000000006, 10801.798242429995, 0.02040816326530612, 0.014285714285714285, 0.01020408163265306],
[18, 0.33990310100000004, 10804.613406096149, 0.01020408163265306, 0.006122448979591836, 0.009183673469387756],
[19, 0.35293720100000003, 10800.33570007933, 0.01020408163265306, 0.012244897959183673, 0.011224489795918368],
[20, 0.365984201, 10802.621466303932, 0.01020408163265306, 0.014285714285714285, 0.014285714285714285],
[21, 0.378493001, 10799.448790175726, 0.0, 0.004081632653061225, 0.004081632653061225],
[22, 0.391290702, 10800.930666428396, 0.01020408163265306, 0.012244897959183673, 0.00816326530612245],
[23, 0.40405480299999996, 10798.712535006633, 0.01020408163265306, 0.01020408163265306, 0.00816326530612245],
[24, 0.418839902, 10799.822975233259, 0.0, 0.006122448979591836, 0.01326530612244898],
[25, 0.43159150199999996, 10798.20572708983, 0.02040816326530612, 0.012244897959183673, 0.015306122448979591],
[26, 0.44441420099999995, 10798.906892247183, 0.0, 0.006122448979591836, 0.009183673469387756],
[27, 0.45699880099999995, 10797.835110234368, 0.02040816326530612, 0.0163265306122449, 0.009183673469387756],
[28, 0.4699346999999999, 10798.393698683572, 0.04081632653061224, 0.02653061224489796, 0.018367346938775512],
[29, 0.48232879999999995, 10797.559360755715, 0.01020408163265306, 0.004081632653061225, 0.00816326530612245],
[30, 0.49520499999999995, 10797.89576365444, 0.0, 0.006122448979591836, 0.009183673469387756],
[31, 0.5080195999999999, 10797.35761455906, 0.0, 0.00816326530612245, 0.007142857142857143],
[32, 0.5206462, 10797.64634490999, 0.0, 0.00816326530612245, 0.00816326530612245],
[33, 0.53352, 10797.20218628079, 0.01020408163265306, 0.024489795918367346, 0.0163265306122449],
[34, 0.5461842, 10797.38542489291, 0.02040816326530612, 0.018367346938775512, 0.012244897959183673],
[35, 0.559548001, 10797.101554204213, 0.0, 0.006122448979591836, 0.015306122448979591],
[36, 0.572191401, 10797.25253363134, 0.02040816326530612, 0.012244897959183673, 0.01326530612244898],
[37, 0.585040101, 10797.018099399193, 0.02040816326530612, 0.012244897959183673, 0.012244897959183673],
[38, 0.5975505010000001, 10797.119955254115, 0.01020408163265306, 0.006122448979591836, 0.00816326530612245],
[39, 0.610724201, 10796.96875662556, 0.0, 0.004081632653061225, 0.00816326530612245],
[40, 0.623293102, 10797.042556984095, 0.0, 0.014285714285714285, 0.01326530612244898],
[41, 0.636345101, 10796.928040697469, 0.0, 0.012244897959183673, 0.015306122448979591],
[42, 0.649592901, 10796.974427409998, 0.030612244897959183, 0.018367346938775512, 0.0163265306122449],
[43, 0.664114201, 10796.897779275472, 0.0, 0.018367346938775512, 0.015306122448979591],
[44, 0.6757525, 10796.939887719973, 0.01020408163265306, 0.012244897959183673, 0.012244897959183673],
[45, 0.689391599, 10796.875943810415, 0.02040816326530612, 0.00816326530612245, 0.007142857142857143],
[46, 0.702930299, 10796.90193406342, 0.01020408163265306, 0.00816326530612245, 0.007142857142857143],
[47, 0.7161658000000001, 10796.863033230718, 0.0, 0.01020408163265306, 0.014285714285714285],
[48, 0.7292306000000001, 10796.882449733122, 0.01020408163265306, 0.01020408163265306, 0.01020408163265306],
[49, 0.7598188990000001, 10796.849495455974, 0.0, 0.01020408163265306, 0.009183673469387756],
[50, 0.7727123000000001, 10796.86501166724, 0.0, 0.00816326530612245, 0.006122448979591836],
[51, 0.7858786000000001, 10796.842685654732, 0.0, 0.0163265306122449, 0.0163265306122449],
[52, 0.7985855000000001, 10796.853401327318, 0.02040816326530612, 0.012244897959183673, 0.009183673469387756],
[53, 0.8107234010000001, 10796.837254519065, 0.0, 0.00816326530612245, 0.00816326530612245],
[54, 0.8237121020000001, 10796.84383152249, 0.01020408163265306, 0.00816326530612245, 0.007142857142857143],
[55, 0.8365737030000001, 10796.83271793981, 0.01020408163265306, 0.02040816326530612, 0.015306122448979591],
[56, 0.8494878030000002, 10796.83883086651, 0.01020408163265306, 0.012244897959183673, 0.01326530612244898],
[57, 0.8622491030000001, 10796.829897772826, 0.01020408163265306, 0.014285714285714285, 0.01326530612244898],
[58, 0.8760182030000001, 10796.833336549535, 0.01020408163265306, 0.0163265306122449, 0.01326530612244898],
[59, 0.8891901030000001, 10796.827712264234, 0.0, 0.006122448979591836, 0.007142857142857143],
[60, 0.9016204030000001, 10796.830715787097, 0.0, 0.012244897959183673, 0.01020408163265306],
[61, 0.9143128030000002, 10796.82606501688, 0.030612244897959183, 0.0163265306122449, 0.015306122448979591],
[62, 0.9271537030000002, 10796.82806140366, 0.030612244897959183, 0.01020408163265306, 0.01326530612244898],
[63, 0.9403102030000002, 10796.825006454072, 0.0, 0.006122448979591836, 0.006122448979591836],
[64, 0.9523442020000003, 10796.826582322352, 0.01020408163265306, 0.0020408163265306124, 0.004081632653061225],
[65, 0.9653437020000003, 10796.82418704876, 0.01020408163265306, 0.00816326530612245, 0.011224489795918368],
[66, 0.9780372010000004, 10796.825153006477, 0.01020408163265306, 0.01020408163265306, 0.015306122448979591],
[67, 0.9899927010000004, 10796.823568813403, 0.0, 0.012244897959183673, 0.011224489795918368],
[68, 1.0024992010000005, 10796.824435457338, 0.04081632653061224, 0.0163265306122449, 0.011224489795918368],
[69, 1.0158221010000004, 10796.823164670584, 0.02040816326530612, 0.012244897959183673, 0.009183673469387756],
[70, 1.0297880010000005, 10796.823680123032, 0.02040816326530612, 0.012244897959183673, 0.009183673469387756],
[71, 1.0418696010000004, 10796.822868919422, 0.0, 0.01020408163265306, 0.00816326530612245],
[72, 1.0564681010000003, 10796.82327563193, 0.0, 0.01020408163265306, 0.007142857142857143],
[73, 1.0697743010000003, 10796.822637599147, 0.0, 0.0163265306122449, 0.012244897959183673],
[74, 1.0819762010000002, 10796.822912193964, 0.0, 0.004081632653061225, 0.006122448979591836],
[75, 1.0945688010000003, 10796.822471234907, 0.0, 0.012244897959183673, 0.012244897959183673],
[76, 1.1076180010000003, 10796.822700502582, 0.01020408163265306, 0.004081632653061225, 0.00510204081632653],
[77, 1.1203702010000003, 10796.82235708949, 0.01020408163265306, 0.012244897959183673, 0.009183673469387756],
[78, 1.1329437010000003, 10796.822501472903, 0.02040816326530612, 0.01020408163265306, 0.011224489795918368],
[79, 1.1479758010000003, 10796.82227753545, 0.02040816326530612, 0.01020408163265306, 0.01326530612244898],
[80, 1.1608717010000003, 10796.822395227231, 0.02040816326530612, 0.014285714285714285, 0.014285714285714285],
[81, 1.1741762020000002, 10796.822215539802, 0.01020408163265306, 0.018367346938775512, 0.017346938775510204],
[82, 1.1869570020000002, 10796.822287973986, 0.04081632653061224, 0.014285714285714285, 0.01326530612244898],
[83, 1.1997449020000002, 10796.822172882135, 0.0, 0.01020408163265306, 0.009183673469387756],
[84, 1.2128105020000002, 10796.82223303104, 0.0, 0.00816326530612245, 0.009183673469387756],
[85, 1.226023902, 10796.8221385999, 0.01020408163265306, 0.014285714285714285, 0.01020408163265306],
[86, 1.2384260020000002, 10796.822179461575, 0.02040816326530612, 0.012244897959183673, 0.007142857142857143],
[87, 1.2514120030000002, 10796.82211762669, 0.02040816326530612, 0.014285714285714285, 0.012244897959183673],
[88, 1.2644778030000001, 10796.822149417272, 0.0, 0.00816326530612245, 0.009183673469387756],
[89, 1.277949202, 10796.822101224714, 0.01020408163265306, 0.01020408163265306, 0.00816326530612245],
[90, 1.3037192020000001, 10796.82212073894, 0.0, 0.01020408163265306, 0.009183673469387756],
[91, 1.316279702, 10796.822089263796, 0.0, 0.00816326530612245, 0.00816326530612245],
[92, 1.328645802, 10796.822105544123, 0.04081632653061224, 0.018367346938775512, 0.01326530612244898],
[93, 1.341154702, 10796.822080160133, 0.0, 0.006122448979591836, 0.006122448979591836],
[94, 1.3538182010000002, 10796.822091318358, 0.02040816326530612, 0.012244897959183673, 0.01020408163265306],
[95, 1.3669628000000003, 10796.822074199083, 0.01020408163265306, 0.004081632653061225, 0.009183673469387756],
[96, 1.3800590000000001, 10796.822082928695, 0.0, 0.018367346938775512, 0.01020408163265306],
[97, 1.398454099, 10796.822069764434, 0.0, 0.01020408163265306, 0.007142857142857143],
[98, 1.4118658000000002, 10796.82207529349, 0.01020408163265306, 0.004081632653061225, 0.00816326530612245],
[99, 1.4240826000000002, 10796.822066475503, 0.01020408163265306, 0.01020408163265306, 0.00816326530612245],
[100, 1.4371397000000001, 10796.822071012926, 0.01020408163265306, 0.018367346938775512, 0.018367346938775512],
[101, 1.4499449000000002, 10796.822064170527, 0.01020408163265306, 0.01020408163265306, 0.012244897959183673],
[102, 1.4630414000000003, 10796.822066964516, 0.0, 0.0163265306122449, 0.014285714285714285],
[103, 1.4754243990000002, 10796.822062461073, 0.02040816326530612, 0.014285714285714285, 0.009183673469387756],
[104, 1.4879575000000003, 10796.822064927612, 0.0, 0.004081632653061225, 0.00816326530612245],
[105, 1.5003045010000002, 10796.822061269804, 0.02040816326530612, 0.0163265306122449, 0.01326530612244898],
[106, 1.5120457010000001, 10796.822062682239, 0.02040816326530612, 0.014285714285714285, 0.012244897959183673],
[107, 1.524360101, 10796.822060397486, 0.030612244897959183, 0.0163265306122449, 0.014285714285714285],
[108, 1.536846801, 10796.822061572157, 0.01020408163265306, 0.01020408163265306, 0.01326530612244898],
[109, 1.549133201, 10796.822059686607, 0.0, 0.00816326530612245, 0.007142857142857143],
[110, 1.564582401, 10796.822060529177, 0.0, 0.006122448979591836, 0.00816326530612245],
[111, 1.577184301, 10796.822059269265, 0.01020408163265306, 0.00816326530612245, 0.009183673469387756],
[112, 1.589918001, 10796.822059898572, 0.01020408163265306, 0.014285714285714285, 0.014285714285714285],
[113, 1.602112402, 10796.822058925038, 0.01020408163265306, 0.014285714285714285, 0.014285714285714285],
[114, 1.615228603, 10796.822059334418, 0.01020408163265306, 0.01020408163265306, 0.011224489795918368],
[115, 1.627977104, 10796.822058684673, 0.0, 0.0020408163265306124, 0.004081632653061225],
[116, 1.641468204, 10796.822059022812, 0.04081632653061224, 0.02040816326530612, 0.015306122448979591],
[117, 1.653772604, 10796.822058519727, 0.01020408163265306, 0.01020408163265306, 0.014285714285714285],
[118, 1.666891603, 10796.822058711328, 0.0, 0.012244897959183673, 0.01326530612244898],
[119, 1.680333903, 10796.822058382448, 0.01020408163265306, 0.012244897959183673, 0.00816326530612245],
[120, 1.692284103, 10796.822058571386, 0.01020408163265306, 0.006122448979591836, 0.004081632653061225],
[121, 1.705219903, 10796.8220582921, 0.030612244897959183, 0.01020408163265306, 0.012244897959183673],
