rank: 30, ratio of 0 vs 1: 3, lambda:5, learning_rate: 0.3
iter time objective_function precision@K = 1, 5, 10
[0,11226.96609368124, 0.0 0.01020408163265306 0.009183673469387756],
[1, 0.0159443, 11086.6027058762, 0.030612244897959183, 0.01020408163265306, 0.009183673469387756],
[2, 0.029766399, 11006.06596715509, 0.02040816326530612, 0.014285714285714285, 0.012244897959183673],
[3, 0.044010899, 10942.267141951155, 0.0, 0.018367346938775512, 0.01326530612244898],
[4, 0.057924698999999996, 10891.401187396525, 0.0, 0.01020408163265306, 0.00816326530612245],
[5, 0.071042, 10850.904589978361, 0.0, 0.004081632653061225, 0.007142857142857143],
[6, 0.085110699, 10826.554407122281, 0.0, 0.004081632653061225, 0.006122448979591836],
[7, 0.098931299, 10813.995273797027, 0.0, 0.00816326530612245, 0.01020408163265306],
[8, 0.112438299, 10807.903693831773, 0.0, 0.0163265306122449, 0.01326530612244898],
[9, 0.125754099, 10804.831290721177, 0.0, 0.00816326530612245, 0.012244897959183673],
[10, 0.139304599, 10803.20630690327, 0.01020408163265306, 0.006122448979591836, 0.007142857142857143],
[11, 0.153154798, 10801.95924288791, 0.01020408163265306, 0.012244897959183673, 0.01326530612244898],
[12, 0.16656799900000002, 10801.081034368533, 0.0, 0.01020408163265306, 0.007142857142857143],
[13, 0.18005819900000003, 10800.058746403958, 0.01020408163265306, 0.006122448979591836, 0.011224489795918368],
[14, 0.19399309900000003, 10799.522335876434, 0.0, 0.00816326530612245, 0.006122448979591836],
[15, 0.20752399900000004, 10798.92610051689, 0.02040816326530612, 0.014285714285714285, 0.015306122448979591],
[16, 0.22087369900000003, 10798.638061992222, 0.030612244897959183, 0.01020408163265306, 0.009183673469387756],
[17, 0.23336730000000003, 10798.179443235693, 0.0, 0.0020408163265306124, 0.006122448979591836],
[18, 0.24636600000000003, 10797.976752605202, 0.0, 0.012244897959183673, 0.012244897959183673],
[19, 0.2594072, 10797.693851654767, 0.0, 0.00816326530612245, 0.009183673469387756],
[20, 0.2726314, 10797.628221207362, 0.02040816326530612, 0.012244897959183673, 0.011224489795918368],
[21, 0.28583129900000004, 10797.395564569391, 0.01020408163265306, 0.00816326530612245, 0.011224489795918368],
[22, 0.298517399, 10797.304638544312, 0.01020408163265306, 0.014285714285714285, 0.00816326530612245],
[23, 0.313123099, 10797.197401039408, 0.0, 0.00816326530612245, 0.009183673469387756],
[24, 0.326942699, 10797.174371430356, 0.02040816326530612, 0.006122448979591836, 0.011224489795918368],
[25, 0.340789498, 10797.078352784334, 0.0, 0.006122448979591836, 0.00816326530612245],
[26, 0.354032298, 10797.042829687825, 0.030612244897959183, 0.012244897959183673, 0.011224489795918368],
[27, 0.36785829800000003, 10796.995228564452, 0.0, 0.01020408163265306, 0.01326530612244898],
[28, 0.38320219800000005, 10796.985075799796, 0.02040816326530612, 0.014285714285714285, 0.00816326530612245],
[29, 0.39827509800000005, 10796.947063443615, 0.0, 0.00816326530612245, 0.012244897959183673],
[30, 0.41536879800000004, 10796.933500960022, 0.01020408163265306, 0.012244897959183673, 0.012244897959183673],
[31, 0.5552121990000001, 10796.913104517764, 0.01020408163265306, 0.01020408163265306, 0.012244897959183673],
[32, 0.5672250980000001, 10796.908479846288, 0.02040816326530612, 0.014285714285714285, 0.014285714285714285],
[33, 0.5796291980000001, 10796.894725272496, 0.01020408163265306, 0.0163265306122449, 0.011224489795918368],
[34, 0.5928820980000001, 10796.88872538134, 0.02040816326530612, 0.014285714285714285, 0.012244897959183673],
[35, 0.6065495970000001, 10796.879123401326, 0.01020408163265306, 0.018367346938775512, 0.012244897959183673],
[36, 0.6201585980000001, 10796.877665714026, 0.01020408163265306, 0.01020408163265306, 0.011224489795918368],
[37, 0.6338723980000001, 10796.871977467996, 0.01020408163265306, 0.014285714285714285, 0.012244897959183673],
[38, 0.647074699, 10796.869810068909, 0.0, 0.012244897959183673, 0.012244897959183673],
[39, 0.6604184000000001, 10796.86607363901, 0.0, 0.012244897959183673, 0.012244897959183673],
[40, 0.6737051000000001, 10796.86507631064, 0.01020408163265306, 0.018367346938775512, 0.01326530612244898],
[41, 0.6877582990000001, 10796.862874608985, 0.0, 0.014285714285714285, 0.012244897959183673],
[42, 0.701686499, 10796.862206823791, 0.02040816326530612, 0.02857142857142857, 0.022448979591836737],
[43, 0.715715299, 10796.860347284786, 0.02040816326530612, 0.006122448979591836, 0.01020408163265306],
[44, 0.7285369979999999, 10796.859961846996, 0.0, 0.006122448979591836, 0.011224489795918368],
[45, 0.7417099979999999, 10796.859173544879, 0.030612244897959183, 0.01020408163265306, 0.009183673469387756],
[46, 0.7548557979999999, 10796.858900866036, 0.01020408163265306, 0.014285714285714285, 0.0163265306122449],
[47, 0.768442098, 10796.858147249452, 0.01020408163265306, 0.012244897959183673, 0.012244897959183673],
[48, 0.7833022989999999, 10796.857930841867, 0.01020408163265306, 0.006122448979591836, 0.015306122448979591],
[49, 0.7973119989999999, 10796.857646054983, 0.0, 0.014285714285714285, 0.011224489795918368],
[50, 0.811025099, 10796.857512560675, 0.0, 0.004081632653061225, 0.009183673469387756],
[51, 0.823228498, 10796.857198238915, 0.0, 0.00816326530612245, 0.01326530612244898],
[52, 0.836632698, 10796.857153768131, 0.02040816326530612, 0.012244897959183673, 0.01020408163265306],
[53, 0.850074699, 10796.857004631625, 0.02040816326530612, 0.0163265306122449, 0.01326530612244898],
[54, 0.864293199, 10796.856956457794, 0.02040816326530612, 0.006122448979591836, 0.01020408163265306],
[55, 0.877494499, 10796.856827147018, 0.01020408163265306, 0.012244897959183673, 0.009183673469387756],
[56, 0.8909565979999999, 10796.856804878016, 0.01020408163265306, 0.012244897959183673, 0.011224489795918368],
[57, 0.9043752979999999, 10796.856751344629, 0.01020408163265306, 0.00816326530612245, 0.012244897959183673],
[58, 0.917021699, 10796.856721580712, 0.0, 0.00816326530612245, 0.012244897959183673],
[59, 0.930445199, 10796.856676140998, 0.01020408163265306, 0.00816326530612245, 0.00816326530612245],
[60, 0.944839099, 10796.85666613516, 0.01020408163265306, 0.01020408163265306, 0.014285714285714285],
[61, 0.959876899, 10796.856642097515, 0.0, 0.0, 0.004081632653061225],
[62, 0.9729807989999999, 10796.856634330687, 0.01020408163265306, 0.012244897959183673, 0.01326530612244898],
[63, 0.9865792989999999, 10796.85661219958, 0.0, 0.012244897959183673, 0.012244897959183673],
[64, 1.0003304979999998, 10796.856608203998, 0.01020408163265306, 0.022448979591836737, 0.014285714285714285],
[65, 1.014178498, 10796.856598440294, 0.01020408163265306, 0.004081632653061225, 0.007142857142857143],
[66, 1.027030498, 10796.856595133575, 0.02040816326530612, 0.00816326530612245, 0.011224489795918368],
[67, 1.040887798, 10796.856586752156, 0.030612244897959183, 0.0163265306122449, 0.01020408163265306],
[68, 1.054406797, 10796.85658499433, 0.0, 0.00816326530612245, 0.00510204081632653],
[69, 1.068536498, 10796.85658123062, 0.01020408163265306, 0.018367346938775512, 0.01326530612244898],
[70, 1.082578198, 10796.85657940434, 0.02040816326530612, 0.02040816326530612, 0.0163265306122449],
[71, 1.096619998, 10796.856576001868, 0.01020408163265306, 0.004081632653061225, 0.006122448979591836],
[72, 1.115825598, 10796.856575434915, 0.0, 0.0163265306122449, 0.011224489795918368],
[73, 1.130333697, 10796.856573850262, 0.01020408163265306, 0.004081632653061225, 0.00510204081632653],
[74, 1.144400198, 10796.85657308032, 0.01020408163265306, 0.00816326530612245, 0.00816326530612245],
[75, 1.158572898, 10796.856571730228, 0.01020408163265306, 0.012244897959183673, 0.01326530612244898],
[76, 1.172075098, 10796.856571451373, 0.01020408163265306, 0.00816326530612245, 0.01020408163265306],
[77, 1.1857856990000002, 10796.856570814194, 0.0, 0.012244897959183673, 0.012244897959183673],
[78, 1.1995467990000002, 10796.856570497239, 0.0, 0.00816326530612245, 0.007142857142857143],
[79, 1.2126684, 10796.856569951118, 0.01020408163265306, 0.00816326530612245, 0.009183673469387756],
[80, 1.226043, 10796.856569856312, 0.04081632653061224, 0.014285714285714285, 0.011224489795918368],
[81, 1.2398446, 10796.856569564407, 0.0, 0.00816326530612245, 0.009183673469387756],
[82, 1.254135499, 10796.856569452264, 0.02040816326530612, 0.012244897959183673, 0.014285714285714285],
[83, 1.266667199, 10796.856569225942, 0.01020408163265306, 0.004081632653061225, 0.00816326530612245],
[84, 1.279972099, 10796.85656917551, 0.0, 0.014285714285714285, 0.011224489795918368],
[85, 1.293948799, 10796.856569072665, 0.0, 0.004081632653061225, 0.003061224489795918],
[86, 1.306470499, 10796.85656902387, 0.0, 0.00816326530612245, 0.011224489795918368],
[87, 1.3205201, 10796.856568923866, 0.0, 0.0020408163265306124, 0.006122448979591836],
[88, 1.3343609, 10796.856568909132, 0.01020408163265306, 0.00816326530612245, 0.00816326530612245],
[89, 1.3477286000000002, 10796.856568860645, 0.01020408163265306, 0.004081632653061225, 0.006122448979591836],
[90, 1.3613156000000002, 10796.856568843405, 0.030612244897959183, 0.02040816326530612, 0.012244897959183673],
[91, 1.3747363010000002, 10796.856568807067, 0.0, 0.00816326530612245, 0.006122448979591836],
[92, 1.3865508010000003, 10796.856568797966, 0.01020408163265306, 0.012244897959183673, 0.01020408163265306],
[93, 1.3984941010000003, 10796.856568777062, 0.02040816326530612, 0.01020408163265306, 0.011224489795918368],
[94, 1.4116382010000004, 10796.856568770585, 0.02040816326530612, 0.018367346938775512, 0.017346938775510204],
[95, 1.4251307010000003, 10796.85656875481, 0.0, 0.01020408163265306, 0.015306122448979591],
[96, 1.4395323010000003, 10796.856568751404, 0.04081632653061224, 0.0163265306122449, 0.01326530612244898],
[97, 1.4525820010000003, 10796.856568743837, 0.0, 0.00816326530612245, 0.009183673469387756],
[98, 1.4657027010000003, 10796.856568740814, 0.01020408163265306, 0.00816326530612245, 0.012244897959183673],
[99, 1.4795077010000004, 10796.856568734393, 0.030612244897959183, 0.014285714285714285, 0.015306122448979591],
[100, 1.4943693010000003, 10796.856568732977, 0.01020408163265306, 0.014285714285714285, 0.0163265306122449],
[101, 1.5082475000000004, 10796.856568729627, 0.0, 0.00816326530612245, 0.01020408163265306],
[102, 1.5208988000000003, 10796.856568728472, 0.05102040816326531, 0.02040816326530612, 0.017346938775510204],
[103, 1.5351515000000002, 10796.856568726007, 0.02040816326530612, 0.01020408163265306, 0.007142857142857143],
[104, 1.5487734000000002, 10796.856568725174, 0.01020408163265306, 0.0163265306122449, 0.0163265306122449],
[105, 1.5624841000000003, 10796.856568723953, 0.0, 0.00816326530612245, 0.007142857142857143],
[106, 1.5762989000000003, 10796.856568723573, 0.01020408163265306, 0.01020408163265306, 0.01326530612244898],
[107, 1.5896965000000003, 10796.856568722407, 0.01020408163265306, 0.0163265306122449, 0.012244897959183673],
[108, 1.6029130990000002, 10796.856568722154, 0.02040816326530612, 0.0163265306122449, 0.015306122448979591],
[109, 1.6169458990000003, 10796.856568721578, 0.02040816326530612, 0.00816326530612245, 0.00816326530612245],
[110, 1.6294004990000004, 10796.856568721458, 0.01020408163265306, 0.01020408163265306, 0.012244897959183673],
[111, 1.6434673990000004, 10796.856568721027, 0.01020408163265306, 0.014285714285714285, 0.011224489795918368],
[112, 1.6571178000000004, 10796.856568720847, 0.030612244897959183, 0.01020408163265306, 0.01020408163265306],
[113, 1.6840211010000004, 10796.85656872066, 0.02040816326530612, 0.01020408163265306, 0.01020408163265306],
[114, 1.6970683020000004, 10796.856568720608, 0.01020408163265306, 0.00816326530612245, 0.01020408163265306],
[115, 1.7113715020000004, 10796.856568720394, 0.0, 0.01020408163265306, 0.009183673469387756],
[116, 1.7249727010000004, 10796.856568720354, 0.0, 0.012244897959183673, 0.015306122448979591],
[117, 1.7381951020000004, 10796.856568720275, 0.02040816326530612, 0.004081632653061225, 0.009183673469387756],
[118, 1.7507052020000005, 10796.856568720239, 0.01020408163265306, 0.012244897959183673, 0.01020408163265306],
[119, 1.7651972010000005, 10796.856568720164, 0.01020408163265306, 0.00816326530612245, 0.01326530612244898],
[120, 1.7781084010000006, 10796.856568720146, 0.01020408163265306, 0.00816326530612245, 0.006122448979591836],
[121, 1.7914774010000005, 10796.856568720108, 0.02040816326530612, 0.012244897959183673, 0.014285714285714285],
