rank: 30, ratio of 0 vs 1: 3, lambda:9, learning_rate: 0.3
iter time objective_function precision@K = 1, 5, 10
[0,11569.91926276601, 0.0 0.01020408163265306 0.009183673469387756],
[1, 0.0139069, 11242.115265757682, 0.01020408163265306, 0.014285714285714285, 0.01020408163265306],
[2, 0.0264437, 10924.226312154402, 0.0, 0.00816326530612245, 0.00816326530612245],
[3, 0.0400008, 10926.427581464093, 0.030612244897959183, 0.00816326530612245, 0.01326530612244898],
[4, 0.053970199, 10869.776725663647, 0.0, 0.006122448979591836, 0.01020408163265306],
[5, 0.06682439800000001, 10893.200226257166, 0.0, 0.00816326530612245, 0.00816326530612245],
[6, 0.080294897, 10848.9525486664, 0.0, 0.006122448979591836, 0.01020408163265306],
[7, 0.09409299700000001, 10868.445186207522, 0.01020408163265306, 0.004081632653061225, 0.007142857142857143],
[8, 0.10822959700000001, 10834.356041765814, 0.02040816326530612, 0.01020408163265306, 0.012244897959183673],
[9, 0.12138979800000001, 10849.239776229797, 0.02040816326530612, 0.0163265306122449, 0.011224489795918368],
[10, 0.134941998, 10824.545491269373, 0.02040816326530612, 0.006122448979591836, 0.006122448979591836],
[11, 0.149299199, 10835.377028001843, 0.02040816326530612, 0.012244897959183673, 0.014285714285714285],
[12, 0.16355899899999998, 10816.656805630539, 0.0, 0.00816326530612245, 0.009183673469387756],
[13, 0.176812599, 10824.307685147156, 0.04081632653061224, 0.014285714285714285, 0.011224489795918368],
[14, 0.190291299, 10811.568972139097, 0.030612244897959183, 0.014285714285714285, 0.012244897959183673],
[15, 0.205709499, 10816.958049979428, 0.01020408163265306, 0.006122448979591836, 0.009183673469387756],
[16, 0.2186303, 10807.396719267588, 0.02040816326530612, 0.01020408163265306, 0.01020408163265306],
[17, 0.232377299, 10811.388268311333, 0.02040816326530612, 0.00816326530612245, 0.01020408163265306],
[18, 0.245834299, 10804.530097037843, 0.01020408163265306, 0.00816326530612245, 0.009183673469387756],
[19, 0.259020899, 10807.49098642328, 0.01020408163265306, 0.004081632653061225, 0.006122448979591836],
[20, 0.27244789900000005, 10802.168900642326, 0.01020408163265306, 0.01020408163265306, 0.011224489795918368],
[21, 0.2863801, 10804.464573965739, 0.01020408163265306, 0.004081632653061225, 0.006122448979591836],
[22, 0.29983750000000003, 10800.756971983135, 0.0, 0.01020408163265306, 0.014285714285714285],
[23, 0.3122652, 10802.589502581142, 0.01020408163265306, 0.00816326530612245, 0.00510204081632653],
[24, 0.3269036, 10799.539041298936, 0.0, 0.014285714285714285, 0.012244897959183673],
[25, 0.339907799, 10800.868383217665, 0.0, 0.0020408163265306124, 0.003061224489795918],
[26, 0.353420999, 10798.825856139514, 0.01020408163265306, 0.004081632653061225, 0.007142857142857143],
[27, 0.366296098, 10799.816651337878, 0.0, 0.012244897959183673, 0.009183673469387756],
[28, 0.379570198, 10798.217236553304, 0.030612244897959183, 0.0163265306122449, 0.014285714285714285],
[29, 0.395189098, 10798.99180332148, 0.02040816326530612, 0.014285714285714285, 0.012244897959183673],
[30, 0.407515197, 10797.8871461746, 0.02040816326530612, 0.0163265306122449, 0.014285714285714285],
[31, 0.420228397, 10798.380573083092, 0.0, 0.0020408163265306124, 0.009183673469387756],
[32, 0.43374999599999997, 10797.55716064952, 0.02040816326530612, 0.014285714285714285, 0.011224489795918368],
[33, 0.447580096, 10797.929139267537, 0.0, 0.004081632653061225, 0.009183673469387756],
[34, 0.462286196, 10797.366329985261, 0.0, 0.014285714285714285, 0.01020408163265306],
[35, 0.476337596, 10797.65377845053, 0.02040816326530612, 0.012244897959183673, 0.011224489795918368],
[36, 0.504790795, 10797.204600145971, 0.01020408163265306, 0.018367346938775512, 0.012244897959183673],
[37, 0.518485194, 10797.402859760672, 0.0, 0.0020408163265306124, 0.00510204081632653],
[38, 0.531948494, 10797.105857552748, 0.0, 0.006122448979591836, 0.01326530612244898],
[39, 0.545815794, 10797.250354096994, 0.0, 0.01020408163265306, 0.01020408163265306],
[40, 0.5596710930000001, 10797.031001938618, 0.04081632653061224, 0.012244897959183673, 0.014285714285714285],
[41, 0.576216892, 10797.11839245856, 0.0, 0.006122448979591836, 0.007142857142857143],
[42, 0.589359692, 10796.968971476901, 0.01020408163265306, 0.014285714285714285, 0.01020408163265306],
[43, 0.604341891, 10797.047939567405, 0.01020408163265306, 0.0020408163265306124, 0.004081632653061225],
[44, 0.6167756910000001, 10796.927851773791, 0.02040816326530612, 0.018367346938775512, 0.014285714285714285],
[45, 0.6310456910000001, 10796.980623212574, 0.01020408163265306, 0.018367346938775512, 0.01326530612244898],
[46, 0.6444917910000001, 10796.89981773973, 0.0, 0.01020408163265306, 0.011224489795918368],
[47, 0.6578997910000001, 10796.939253201546, 0.0, 0.004081632653061225, 0.00816326530612245],
[48, 0.6712578910000001, 10796.876114064782, 0.0, 0.0020408163265306124, 0.00816326530612245],
[49, 0.6845512910000001, 10796.903759640783, 0.01020408163265306, 0.01020408163265306, 0.00816326530612245],
[50, 0.6982433910000001, 10796.863447661055, 0.01020408163265306, 0.012244897959183673, 0.015306122448979591],
[51, 0.7118678910000001, 10796.883334336371, 0.02040816326530612, 0.00816326530612245, 0.01326530612244898],
[52, 0.7253569900000001, 10796.849962616358, 0.01020408163265306, 0.01020408163265306, 0.00816326530612245],
[53, 0.7391213900000001, 10796.865309612416, 0.01020408163265306, 0.01020408163265306, 0.006122448979591836],
[54, 0.7518959890000001, 10796.843499398252, 0.02040816326530612, 0.01020408163265306, 0.00816326530612245],
[55, 0.7671540890000002, 10796.853728374694, 0.0, 0.00816326530612245, 0.01020408163265306],
[56, 0.7797580900000002, 10796.83689618873, 0.01020408163265306, 0.02040816326530612, 0.012244897959183673],
[57, 0.7926868890000002, 10796.844410860665, 0.0, 0.01020408163265306, 0.01326530612244898],
[58, 0.8058698890000002, 10796.833019048903, 0.01020408163265306, 0.018367346938775512, 0.014285714285714285],
[59, 0.8190735890000003, 10796.838757434754, 0.0, 0.00816326530612245, 0.011224489795918368],
[60, 0.8324875880000002, 10796.829868065515, 0.01020408163265306, 0.014285714285714285, 0.012244897959183673],
[61, 0.8459044890000003, 10796.833666151808, 0.0, 0.004081632653061225, 0.01020408163265306],
[62, 0.8588777900000003, 10796.827791078853, 0.02040816326530612, 0.006122448979591836, 0.01020408163265306],
[63, 0.8724681910000003, 10796.830696643696, 0.0, 0.0020408163265306124, 0.006122448979591836],
[64, 0.8865026910000002, 10796.826043148725, 0.01020408163265306, 0.014285714285714285, 0.015306122448979591],
[65, 0.8999500910000002, 10796.828110618735, 0.02040816326530612, 0.00816326530612245, 0.011224489795918368],
[66, 0.9130162910000003, 10796.825097459085, 0.0, 0.01020408163265306, 0.006122448979591836],
[67, 0.9270209910000002, 10796.826513839229, 0.0, 0.006122448979591836, 0.01020408163265306],
[68, 0.9410102910000002, 10796.824085576396, 0.01020408163265306, 0.012244897959183673, 0.01020408163265306],
[69, 0.9535265900000002, 10796.825201669653, 0.0, 0.00816326530612245, 0.00816326530612245],
[70, 0.9672338900000002, 10796.8235629943, 0.02040816326530612, 0.0163265306122449, 0.01020408163265306],
[71, 0.9807187900000002, 10796.82438953559, 0.01020408163265306, 0.006122448979591836, 0.007142857142857143],
[72, 0.9956656900000002, 10796.823119131896, 0.0, 0.01020408163265306, 0.009183673469387756],
[73, 1.0085775890000002, 10796.823655409327, 0.01020408163265306, 0.00816326530612245, 0.011224489795918368],
[74, 1.0222471890000002, 10796.822825149487, 0.01020408163265306, 0.01020408163265306, 0.011224489795918368],
[75, 1.0360351900000002, 10796.823241667498, 0.030612244897959183, 0.022448979591836737, 0.018367346938775512],
[76, 1.0500891900000002, 10796.822575296219, 0.01020408163265306, 0.00816326530612245, 0.009183673469387756],
[77, 1.2007365900000002, 10796.82287499425, 0.01020408163265306, 0.01020408163265306, 0.012244897959183673],
[78, 1.2147520900000002, 10796.822421246477, 0.0, 0.014285714285714285, 0.0163265306122449],
[79, 1.2271623900000002, 10796.82265262095, 0.0, 0.01020408163265306, 0.0163265306122449],
[80, 1.2408528890000001, 10796.822307847486, 0.04081632653061224, 0.0163265306122449, 0.01326530612244898],
[81, 1.254251688, 10796.822448443128, 0.0, 0.004081632653061225, 0.007142857142857143],
[82, 1.2664488870000001, 10796.822226022545, 0.01020408163265306, 0.00816326530612245, 0.007142857142857143],
[83, 1.2781743870000002, 10796.822340588598, 0.01020408163265306, 0.006122448979591836, 0.01326530612244898],
[84, 1.2912392870000002, 10796.822159639283, 0.030612244897959183, 0.02040816326530612, 0.015306122448979591],
[85, 1.3049913860000002, 10796.8222367763, 0.02040816326530612, 0.0163265306122449, 0.01326530612244898],
[86, 1.3178735860000002, 10796.822117587802, 0.01020408163265306, 0.00816326530612245, 0.00510204081632653],
[87, 1.3303912860000002, 10796.822177267479, 0.0, 0.01020408163265306, 0.00816326530612245],
[88, 1.3440186860000003, 10796.822082873472, 0.0, 0.00816326530612245, 0.00816326530612245],
[89, 1.3582091860000003, 10796.822124072187, 0.0, 0.00816326530612245, 0.009183673469387756],
[90, 1.3710827860000003, 10796.822062282843, 0.02040816326530612, 0.018367346938775512, 0.01326530612244898],
[91, 1.3851696870000003, 10796.82209324166, 0.01020408163265306, 0.00816326530612245, 0.007142857142857143],
[92, 1.3983711870000004, 10796.822043374028, 0.01020408163265306, 0.01020408163265306, 0.006122448979591836],
[93, 1.4120907880000004, 10796.822065668803, 0.01020408163265306, 0.006122448979591836, 0.00816326530612245],
[94, 1.4283411880000005, 10796.822033050765, 0.030612244897959183, 0.0163265306122449, 0.01020408163265306],
[95, 1.4413097870000005, 10796.822048680977, 0.02040816326530612, 0.01020408163265306, 0.006122448979591836],
[96, 1.4548191880000005, 10796.82202340954, 0.0, 0.01020408163265306, 0.01326530612244898],
[97, 1.4677246890000006, 10796.822034419585, 0.01020408163265306, 0.00816326530612245, 0.01326530612244898],
[98, 1.4832003880000006, 10796.822017432107, 0.0, 0.012244897959183673, 0.007142857142857143],
[99, 1.4963293880000006, 10796.82202617869, 0.01020408163265306, 0.00816326530612245, 0.007142857142857143],
[100, 1.5100586880000006, 10796.822012682189, 0.01020408163265306, 0.00816326530612245, 0.007142857142857143],
[101, 1.5234176890000006, 10796.822018349283, 0.01020408163265306, 0.00816326530612245, 0.009183673469387756],
[102, 1.5363734890000007, 10796.822009657979, 0.02040816326530612, 0.014285714285714285, 0.009183673469387756],
[103, 1.5503030890000007, 10796.822014061234, 0.0, 0.0163265306122449, 0.01020408163265306],
[104, 1.5632078900000006, 10796.822006966388, 0.02040816326530612, 0.014285714285714285, 0.011224489795918368],
[105, 1.5774583900000005, 10796.822010078884, 0.01020408163265306, 0.006122448979591836, 0.007142857142857143],
[106, 1.5914659900000006, 10796.82200550717, 0.0, 0.012244897959183673, 0.011224489795918368],
[107, 1.6047299900000005, 10796.822007668345, 0.0, 0.0020408163265306124, 0.00510204081632653],
[108, 1.6174511900000006, 10796.822004094207, 0.01020408163265306, 0.006122448979591836, 0.01020408163265306],
[109, 1.6311258900000005, 10796.822005697706, 0.02040816326530612, 0.0163265306122449, 0.011224489795918368],
[110, 1.6452169900000004, 10796.822003271787, 0.02040816326530612, 0.02040816326530612, 0.019387755102040816],
[111, 1.6584993900000005, 10796.82200450325, 0.0, 0.01020408163265306, 0.009183673469387756],
[112, 1.6721618910000005, 10796.82200253472, 0.02040816326530612, 0.01020408163265306, 0.00816326530612245],
[113, 1.6848550920000005, 10796.822003423034, 0.0, 0.00816326530612245, 0.007142857142857143],
[114, 1.6982289910000006, 10796.822002144205, 0.01020408163265306, 0.0020408163265306124, 0.01020408163265306],
[115, 1.7120026910000006, 10796.822002770312, 0.01020408163265306, 0.004081632653061225, 0.009183673469387756],
[116, 1.7257482910000006, 10796.82200177749, 0.01020408163265306, 0.014285714285714285, 0.015306122448979591],
[117, 1.7393115920000006, 10796.822002204814, 0.0, 0.012244897959183673, 0.011224489795918368],
[118, 1.7700638930000006, 10796.822001556826, 0.0, 0.00816326530612245, 0.00816326530612245],
[119, 1.7834499940000006, 10796.822001883756, 0.01020408163265306, 0.014285714285714285, 0.011224489795918368],
[120, 1.7985150940000005, 10796.822001361532, 0.02040816326530612, 0.012244897959183673, 0.012244897959183673],
[121, 1.8116572940000006, 10796.822001581068, 0.02040816326530612, 0.01020408163265306, 0.007142857142857143],
