rank: 30, ratio of 0 vs 1: 3, lambda:6, learning_rate: 0.3
iter time objective_function precision@K = 1, 5, 10
[0,11312.704385952433, 0.0 0.01020408163265306 0.009183673469387756],
[1, 0.0131187, 11124.3123053137, 0.030612244897959183, 0.014285714285714285, 0.012244897959183673],
[2, 0.025315901000000002, 10991.446948044199, 0.0, 0.0163265306122449, 0.0163265306122449],
[3, 0.037987601, 10874.690861695328, 0.01020408163265306, 0.01020408163265306, 0.011224489795918368],
[4, 0.050877101, 10834.130144355755, 0.0, 0.006122448979591836, 0.012244897959183673],
[5, 0.06350890000000001, 10854.217569284378, 0.01020408163265306, 0.0020408163265306124, 0.01020408163265306],
[6, 0.07637340000000001, 10825.78543721163, 0.01020408163265306, 0.006122448979591836, 0.011224489795918368],
[7, 0.08938510000000001, 10844.853416103142, 0.0, 0.006122448979591836, 0.007142857142857143],
[8, 0.10205510100000001, 10819.014297995553, 0.01020408163265306, 0.01020408163265306, 0.01020408163265306],
[9, 0.11427930100000001, 10837.415477749537, 0.02040816326530612, 0.024489795918367346, 0.015306122448979591],
[10, 0.127371002, 10814.684442935366, 0.0, 0.01020408163265306, 0.009183673469387756],
[11, 0.14242970200000002, 10829.532544988366, 0.0, 0.006122448979591836, 0.012244897959183673],
[12, 0.15581670200000003, 10810.824658475798, 0.0, 0.006122448979591836, 0.009183673469387756],
[13, 0.16897730200000002, 10824.225501845036, 0.02040816326530612, 0.01020408163265306, 0.011224489795918368],
[14, 0.18244130200000003, 10808.324180262556, 0.02040816326530612, 0.01020408163265306, 0.00816326530612245],
[15, 0.19543040200000003, 10818.554587555916, 0.0, 0.004081632653061225, 0.009183673469387756],
[16, 0.20803850200000004, 10805.961335099953, 0.01020408163265306, 0.004081632653061225, 0.00510204081632653],
[17, 0.22152540300000004, 10815.073479989373, 0.01020408163265306, 0.01020408163265306, 0.00816326530612245],
[18, 0.23500380300000004, 10804.340940427071, 0.01020408163265306, 0.00816326530612245, 0.00816326530612245],
[19, 0.24846260300000003, 10811.17647287832, 0.02040816326530612, 0.014285714285714285, 0.015306122448979591],
[20, 0.261919004, 10802.842750570131, 0.02040816326530612, 0.00816326530612245, 0.009183673469387756],
[21, 0.287825404, 10808.795634851671, 0.02040816326530612, 0.012244897959183673, 0.014285714285714285],
[22, 0.302760005, 10801.870706403844, 0.0, 0.004081632653061225, 0.007142857142857143],
[23, 0.315474806, 10806.182495577184, 0.01020408163265306, 0.012244897959183673, 0.009183673469387756],
[24, 0.328467306, 10800.81086960421, 0.01020408163265306, 0.014285714285714285, 0.015306122448979591],
[25, 0.341612705, 10804.745701349982, 0.0, 0.004081632653061225, 0.014285714285714285],
[26, 0.35438530500000004, 10800.020240548221, 0.0, 0.004081632653061225, 0.003061224489795918],
[27, 0.36769960500000004, 10803.069385647796, 0.0, 0.0020408163265306124, 0.006122448979591836],
[28, 0.38142410400000004, 10799.414781339816, 0.0, 0.0163265306122449, 0.012244897959183673],
[29, 0.39385270400000005, 10802.049300818026, 0.0, 0.0020408163265306124, 0.014285714285714285],
[30, 0.40604790400000007, 10798.931499677645, 0.01020408163265306, 0.01020408163265306, 0.00816326530612245],
[31, 0.41862070400000007, 10800.901956647913, 0.0, 0.012244897959183673, 0.011224489795918368],
[32, 0.4315970030000001, 10798.502983429116, 0.01020408163265306, 0.0163265306122449, 0.012244897959183673],
[33, 0.44452430300000007, 10800.278371767985, 0.02040816326530612, 0.01020408163265306, 0.009183673469387756],
[34, 0.4576981030000001, 10798.172294245696, 0.0, 0.006122448979591836, 0.011224489795918368],
[35, 0.4701647030000001, 10799.533690690767, 0.01020408163265306, 0.01020408163265306, 0.011224489795918368],
[36, 0.4833876020000001, 10797.922638542106, 0.0, 0.01020408163265306, 0.0163265306122449],
[37, 0.49635950200000006, 10799.08711882607, 0.01020408163265306, 0.004081632653061225, 0.006122448979591836],
[38, 0.5090818020000001, 10797.722473027758, 0.0, 0.006122448979591836, 0.00510204081632653],
[39, 0.5223370020000001, 10798.587414396612, 0.0, 0.014285714285714285, 0.019387755102040816],
[40, 0.5353426010000001, 10797.552730179463, 0.0, 0.004081632653061225, 0.009183673469387756],
[41, 0.5490346010000001, 10798.302880416039, 0.01020408163265306, 0.00816326530612245, 0.01020408163265306],
[42, 0.5621524010000001, 10797.402259346443, 0.01020408163265306, 0.012244897959183673, 0.014285714285714285],
[43, 0.5750626000000001, 10797.98760300181, 0.02040816326530612, 0.00816326530612245, 0.009183673469387756],
[44, 0.5875492000000001, 10797.302471862464, 0.01020408163265306, 0.01020408163265306, 0.009183673469387756],
[45, 0.6002550990000001, 10797.792704522106, 0.0, 0.012244897959183673, 0.0163265306122449],
[46, 0.6130057990000001, 10797.213073752828, 0.0, 0.006122448979591836, 0.01020408163265306],
[47, 0.6261218980000001, 10797.5776827514, 0.02040816326530612, 0.014285714285714285, 0.012244897959183673],
[48, 0.6384270970000001, 10797.137785473175, 0.030612244897959183, 0.014285714285714285, 0.01020408163265306],
[49, 0.6517243980000001, 10797.457072402902, 0.0, 0.006122448979591836, 0.006122448979591836],
[50, 0.6644472970000002, 10797.077468976167, 0.030612244897959183, 0.01020408163265306, 0.011224489795918368],
[51, 0.6770666970000001, 10797.318748599444, 0.02040816326530612, 0.0163265306122449, 0.015306122448979591],
[52, 0.6906875970000002, 10797.031492860337, 0.01020408163265306, 0.01020408163265306, 0.007142857142857143],
[53, 0.7034232970000002, 10797.236569657722, 0.04081632653061224, 0.022448979591836737, 0.012244897959183673],
[54, 0.7164706960000001, 10796.994008569573, 0.02040816326530612, 0.014285714285714285, 0.01326530612244898],
[55, 0.7287443960000002, 10797.14305312514, 0.0, 0.01020408163265306, 0.00816326530612245],
[56, 0.7426981960000002, 10796.962803835358, 0.01020408163265306, 0.012244897959183673, 0.011224489795918368],
[57, 0.7545658960000002, 10797.091761497331, 0.0, 0.014285714285714285, 0.009183673469387756],
[58, 0.7664188950000003, 10796.934166478413, 0.01020408163265306, 0.012244897959183673, 0.012244897959183673],
[59, 0.7790349950000003, 10797.03483709275, 0.05102040816326531, 0.02653061224489796, 0.02040816326530612],
[60, 0.7923443950000003, 10796.91399632952, 0.02040816326530612, 0.00816326530612245, 0.009183673469387756],
[61, 0.8059455940000003, 10796.998844248372, 0.01020408163265306, 0.014285714285714285, 0.014285714285714285],
[62, 0.8258912940000003, 10796.896594055841, 0.02040816326530612, 0.012244897959183673, 0.015306122448979591],
[63, 0.8385394930000003, 10796.960841223987, 0.04081632653061224, 0.01020408163265306, 0.01326530612244898],
[64, 0.8522834930000003, 10796.882415185968, 0.02040816326530612, 0.018367346938775512, 0.01326530612244898],
[65, 0.8653505930000003, 10796.937713561805, 0.02040816326530612, 0.014285714285714285, 0.01326530612244898],
[66, 0.8827405930000003, 10796.870461106397, 0.0, 0.018367346938775512, 0.017346938775510204],
[67, 0.8954285920000002, 10796.913606002712, 0.02040816326530612, 0.01020408163265306, 0.012244897959183673],
[68, 0.9093677930000003, 10796.861315566304, 0.01020408163265306, 0.012244897959183673, 0.011224489795918368],
[69, 0.9224959940000003, 10796.898050130858, 0.01020408163265306, 0.01020408163265306, 0.01326530612244898],
[70, 0.9355098940000003, 10796.853974520254, 0.02040816326530612, 0.00816326530612245, 0.007142857142857143],
[71, 0.9480423940000002, 10796.881685979088, 0.02040816326530612, 0.022448979591836737, 0.018367346938775512],
[72, 0.9612964940000003, 10796.847921461838, 0.02040816326530612, 0.00816326530612245, 0.014285714285714285],
[73, 0.9746568940000003, 10796.871723065093, 0.01020408163265306, 0.014285714285714285, 0.00816326530612245],
[74, 0.9876995940000003, 10796.842840992342, 0.0, 0.006122448979591836, 0.006122448979591836],
[75, 1.0015160950000004, 10796.86130762306, 0.01020408163265306, 0.018367346938775512, 0.018367346938775512],
[76, 1.0136106950000003, 10796.838830777135, 0.01020408163265306, 0.01020408163265306, 0.01326530612244898],
[77, 1.0265619960000003, 10796.854658067597, 0.01020408163265306, 0.006122448979591836, 0.009183673469387756],
[78, 1.0396514950000002, 10796.835674497526, 0.0, 0.014285714285714285, 0.0163265306122449],
[79, 1.052209595, 10796.847605075973, 0.02040816326530612, 0.006122448979591836, 0.009183673469387756],
[80, 1.064703895, 10796.833153296433, 0.01020408163265306, 0.012244897959183673, 0.015306122448979591],
[81, 1.0772410940000001, 10796.843289335704, 0.0, 0.012244897959183673, 0.012244897959183673],
[82, 1.090057394, 10796.83083083421, 0.01020408163265306, 0.018367346938775512, 0.01326530612244898],
[83, 1.102324295, 10796.838864579935, 0.030612244897959183, 0.014285714285714285, 0.012244897959183673],
[84, 1.114663996, 10796.829139390693, 0.02040816326530612, 0.00816326530612245, 0.00816326530612245],
[85, 1.127965696, 10796.835965374694, 0.0, 0.006122448979591836, 0.012244897959183673],
[86, 1.141665395, 10796.827813648722, 0.02040816326530612, 0.012244897959183673, 0.015306122448979591],
[87, 1.155518294, 10796.832934640128, 0.02040816326530612, 0.018367346938775512, 0.015306122448979591],
[88, 1.168002194, 10796.826700437021, 0.01020408163265306, 0.0163265306122449, 0.015306122448979591],
[89, 1.180371595, 10796.831086307797, 0.01020408163265306, 0.0163265306122449, 0.014285714285714285],
[90, 1.192739395, 10796.825724720215, 0.01020408163265306, 0.006122448979591836, 0.006122448979591836],
[91, 1.205467995, 10796.829165034602, 0.0, 0.006122448979591836, 0.00816326530612245],
[92, 1.2186158950000001, 10796.825000643345, 0.01020408163265306, 0.00816326530612245, 0.01020408163265306],
[93, 1.231964295, 10796.827905668184, 0.01020408163265306, 0.014285714285714285, 0.007142857142857143],
[94, 1.244734795, 10796.824403837829, 0.01020408163265306, 0.0163265306122449, 0.014285714285714285],
[95, 1.2578213950000001, 10796.826636117616, 0.02040816326530612, 0.00816326530612245, 0.007142857142857143],
[96, 1.270948395, 10796.823931343039, 0.02040816326530612, 0.01020408163265306, 0.01326530612244898],
[97, 1.283620696, 10796.825835588237, 0.01020408163265306, 0.004081632653061225, 0.009183673469387756],
[98, 1.296270996, 10796.823523643583, 0.01020408163265306, 0.01020408163265306, 0.01326530612244898],
[99, 1.308914296, 10796.824987953492, 0.01020408163265306, 0.01020408163265306, 0.01020408163265306],
[100, 1.322031496, 10796.82320022059, 0.02040816326530612, 0.0163265306122449, 0.014285714285714285],
[101, 1.339176397, 10796.824459280138, 0.02040816326530612, 0.00816326530612245, 0.00510204081632653],
[102, 1.352082896, 10796.822950227082, 0.0, 0.004081632653061225, 0.00510204081632653],
[103, 1.379531795, 10796.823906786807, 0.0, 0.004081632653061225, 0.00510204081632653],
[104, 1.391690194, 10796.822744338166, 0.02040816326530612, 0.018367346938775512, 0.014285714285714285],
[105, 1.404351895, 10796.823564147435, 0.030612244897959183, 0.01020408163265306, 0.011224489795918368],
[106, 1.417048595, 10796.822568172198, 0.04081632653061224, 0.012244897959183673, 0.015306122448979591],
[107, 1.429750894, 10796.823200567407, 0.0, 0.006122448979591836, 0.00816326530612245],
[108, 1.442026794, 10796.822430959159, 0.02040816326530612, 0.012244897959183673, 0.012244897959183673],
[109, 1.454669794, 10796.822973090886, 0.01020408163265306, 0.01020408163265306, 0.009183673469387756],
[110, 1.468007194, 10796.822321502788, 0.0, 0.0163265306122449, 0.012244897959183673],
[111, 1.480507193, 10796.822732137474, 0.0, 0.006122448979591836, 0.00816326530612245],
[112, 1.493783493, 10796.822235745267, 0.02040816326530612, 0.012244897959183673, 0.012244897959183673],
[113, 1.506518993, 10796.822585939737, 0.0, 0.00816326530612245, 0.00510204081632653],
[114, 1.519414394, 10796.822156574848, 0.01020408163265306, 0.014285714285714285, 0.01020408163265306],
[115, 1.531448093, 10796.822431669822, 0.030612244897959183, 0.012244897959183673, 0.011224489795918368],
[116, 1.544116693, 10796.822099013107, 0.0, 0.012244897959183673, 0.017346938775510204],
[117, 1.557077893, 10796.822331155276, 0.01020408163265306, 0.01020408163265306, 0.009183673469387756],
[118, 1.569486693, 10796.822052395413, 0.02040816326530612, 0.01020408163265306, 0.01326530612244898],
[119, 1.581696593, 10796.822228915891, 0.0, 0.006122448979591836, 0.00816326530612245],
[120, 1.594158492, 10796.822013789388, 0.04081632653061224, 0.0163265306122449, 0.012244897959183673],
[121, 1.607642992, 10796.82216567958, 0.0, 0.00816326530612245, 0.011224489795918368],
