rank: 30, ratio of 0 vs 1: 3, lambda:5, learning_rate: 0.3
iter time objective_function precision@K = 1, 5, 10
[0,11226.96609368124, 0.0 0.01020408163265306 0.009183673469387756],
[1, 0.0128844, 11086.6027058762, 0.030612244897959183, 0.01020408163265306, 0.009183673469387756],
[2, 0.0274041, 10988.89407666586, 0.0, 0.014285714285714285, 0.015306122448979591],
[3, 0.041097601, 10890.229246708692, 0.01020408163265306, 0.01020408163265306, 0.012244897959183673],
[4, 0.054799901, 10823.88406974227, 0.0, 0.00816326530612245, 0.01020408163265306],
[5, 0.068359102, 10870.132789526182, 0.01020408163265306, 0.02040816326530612, 0.012244897959183673],
[6, 0.081805502, 10823.81137154748, 0.01020408163265306, 0.00816326530612245, 0.007142857142857143],
[7, 0.095632302, 10870.138448663289, 0.01020408163265306, 0.014285714285714285, 0.012244897959183673],
[8, 0.110361402, 10823.632448751769, 0.0, 0.0020408163265306124, 0.01020408163265306],
[9, 0.124128902, 10870.203886104713, 0.0, 0.00816326530612245, 0.011224489795918368],
[10, 0.139019102, 10823.480244394243, 0.01020408163265306, 0.00816326530612245, 0.009183673469387756],
[11, 0.155754102, 10870.364161055757, 0.04081632653061224, 0.01020408163265306, 0.01326530612244898],
[12, 0.168133803, 10823.30911684271, 0.0, 0.00816326530612245, 0.011224489795918368],
[13, 0.181352403, 10870.495275385541, 0.0, 0.006122448979591836, 0.004081632653061225],
[14, 0.19500790199999998, 10823.206656575016, 0.02040816326530612, 0.0163265306122449, 0.014285714285714285],
[15, 0.20925710199999997, 10870.62708788626, 0.02040816326530612, 0.012244897959183673, 0.011224489795918368],
[16, 0.22242110199999998, 10823.038636474981, 0.0, 0.012244897959183673, 0.012244897959183673],
[17, 0.235990502, 10870.735642565069, 0.01020408163265306, 0.006122448979591836, 0.01020408163265306],
[18, 0.24985740199999998, 10822.932303586187, 0.0, 0.004081632653061225, 0.01020408163265306],
[19, 0.263427602, 10870.846935986558, 0.030612244897959183, 0.012244897959183673, 0.012244897959183673],
[20, 0.278120702, 10822.828582606706, 0.02040816326530612, 0.02040816326530612, 0.015306122448979591],
[21, 0.291859201, 10870.954391853042, 0.01020408163265306, 0.00816326530612245, 0.007142857142857143],
[22, 0.305698501, 10822.688039970535, 0.01020408163265306, 0.012244897959183673, 0.01326530612244898],
[23, 0.319504601, 10871.111954645763, 0.02040816326530612, 0.014285714285714285, 0.00816326530612245],
[24, 0.333481001, 10822.55082262233, 0.01020408163265306, 0.00816326530612245, 0.011224489795918368],
[25, 0.347737202, 10871.244091899829, 0.01020408163265306, 0.01020408163265306, 0.009183673469387756],
[26, 0.361365202, 10822.401061880164, 0.01020408163265306, 0.01020408163265306, 0.00816326530612245],
[27, 0.375419702, 10871.39665531848, 0.0, 0.004081632653061225, 0.011224489795918368],
[28, 0.389048402, 10822.293002602866, 0.0, 0.01020408163265306, 0.011224489795918368],
[29, 0.402407102, 10871.49227218091, 0.01020408163265306, 0.004081632653061225, 0.01020408163265306],
[30, 0.416182302, 10822.172812995877, 0.0, 0.018367346938775512, 0.015306122448979591],
[31, 0.430132301, 10871.62885567347, 0.02040816326530612, 0.0163265306122449, 0.011224489795918368],
[32, 0.443934502, 10822.054532025655, 0.02040816326530612, 0.0163265306122449, 0.011224489795918368],
[33, 0.45774570200000003, 10871.736526252113, 0.0, 0.004081632653061225, 0.00816326530612245],
[34, 0.472088402, 10821.939072235478, 0.0, 0.01020408163265306, 0.009183673469387756],
[35, 0.486330402, 10871.837423888413, 0.0, 0.01020408163265306, 0.01020408163265306],
[36, 0.500779001, 10821.854317863386, 0.01020408163265306, 0.006122448979591836, 0.011224489795918368],
[37, 0.622342502, 10871.963075580226, 0.0, 0.01020408163265306, 0.011224489795918368],
[38, 0.636264802, 10821.691065287627, 0.0, 0.006122448979591836, 0.009183673469387756],
[39, 0.649845201, 10872.086867382264, 0.0, 0.006122448979591836, 0.006122448979591836],
[40, 0.663461301, 10821.587944557208, 0.0, 0.006122448979591836, 0.011224489795918368],
[41, 0.677530802, 10872.208679113586, 0.01020408163265306, 0.01020408163265306, 0.011224489795918368],
[42, 0.6917478020000001, 10821.475728825048, 0.01020408163265306, 0.00816326530612245, 0.00816326530612245],
[43, 0.7059197020000001, 10872.317233342295, 0.01020408163265306, 0.01020408163265306, 0.011224489795918368],
[44, 0.7194096020000001, 10821.356250374192, 0.0, 0.004081632653061225, 0.006122448979591836],
[45, 0.7334353020000002, 10872.42516449277, 0.0, 0.006122448979591836, 0.00816326530612245],
[46, 0.7475624020000001, 10821.273999241297, 0.0, 0.01020408163265306, 0.009183673469387756],
[47, 0.7611590010000001, 10872.559303626153, 0.02040816326530612, 0.01020408163265306, 0.01326530612244898],
[48, 0.7749197010000001, 10821.129793599368, 0.0, 0.01020408163265306, 0.01020408163265306],
[49, 0.7886062010000001, 10872.679136770748, 0.01020408163265306, 0.012244897959183673, 0.012244897959183673],
[50, 0.8019856010000002, 10821.009257482621, 0.01020408163265306, 0.00816326530612245, 0.007142857142857143],
[51, 0.8156736010000002, 10872.791636167485, 0.0, 0.004081632653061225, 0.012244897959183673],
[52, 0.8286901010000002, 10820.933955479688, 0.0, 0.012244897959183673, 0.012244897959183673],
[53, 0.8422723020000001, 10872.900411989789, 0.01020408163265306, 0.012244897959183673, 0.009183673469387756],
[54, 0.8554286020000001, 10820.797281172348, 0.0, 0.012244897959183673, 0.01326530612244898],
[55, 0.8698034020000002, 10873.015402759574, 0.0, 0.02040816326530612, 0.012244897959183673],
[56, 0.8838442020000001, 10820.701492782406, 0.0, 0.01020408163265306, 0.007142857142857143],
[57, 0.8969500010000001, 10873.100235577502, 0.0, 0.012244897959183673, 0.012244897959183673],
[58, 0.9104951000000001, 10820.589358297519, 0.0, 0.012244897959183673, 0.009183673469387756],
[59, 0.9245841000000001, 10873.223951875443, 0.02040816326530612, 0.012244897959183673, 0.01326530612244898],
[60, 0.9386030990000002, 10820.477802957186, 0.030612244897959183, 0.014285714285714285, 0.017346938775510204],
[61, 0.9525016990000001, 10873.376772165044, 0.02040816326530612, 0.012244897959183673, 0.012244897959183673],
[62, 0.9662297000000002, 10820.331507434255, 0.02040816326530612, 0.01020408163265306, 0.011224489795918368],
[63, 0.9803374000000002, 10873.484041812697, 0.01020408163265306, 0.014285714285714285, 0.012244897959183673],
[64, 0.9939678000000003, 10820.235937954665, 0.01020408163265306, 0.024489795918367346, 0.017346938775510204],
[65, 1.0081674000000003, 10873.579276618455, 0.01020408163265306, 0.0163265306122449, 0.01326530612244898],
[66, 1.0219011990000002, 10820.141904105938, 0.01020408163265306, 0.012244897959183673, 0.012244897959183673],
[67, 1.0362960990000003, 10873.704102673595, 0.02040816326530612, 0.00816326530612245, 0.01326530612244898],
[68, 1.0507080000000002, 10820.044865700864, 0.0, 0.02040816326530612, 0.017346938775510204],
[69, 1.0645067000000001, 10873.807063676959, 0.030612244897959183, 0.0163265306122449, 0.015306122448979591],
[70, 1.0785274000000002, 10819.9303416989, 0.0, 0.006122448979591836, 0.00816326530612245],
[71, 1.0925775000000002, 10873.899243562255, 0.01020408163265306, 0.012244897959183673, 0.009183673469387756],
[72, 1.1070551990000002, 10819.83365019095, 0.0, 0.00816326530612245, 0.00816326530612245],
[73, 1.120341999, 10874.013931742324, 0.01020408163265306, 0.02040816326530612, 0.019387755102040816],
[74, 1.1342976980000001, 10819.7259995149, 0.0, 0.00816326530612245, 0.00816326530612245],
[75, 1.1476234980000002, 10874.111719120685, 0.02040816326530612, 0.006122448979591836, 0.012244897959183673],
[76, 1.1605579980000003, 10819.65450087721, 0.02040816326530612, 0.014285714285714285, 0.012244897959183673],
[77, 1.1741436970000003, 10874.1974699645, 0.01020408163265306, 0.006122448979591836, 0.011224489795918368],
[78, 1.1946964970000002, 10819.571418871472, 0.02040816326530612, 0.014285714285714285, 0.014285714285714285],
[79, 1.2088730960000003, 10874.278667448296, 0.0, 0.00816326530612245, 0.00816326530612245],
[80, 1.2222662950000003, 10819.485480047231, 0.0, 0.006122448979591836, 0.012244897959183673],
[81, 1.2364703950000002, 10874.37179507745, 0.0, 0.0020408163265306124, 0.01020408163265306],
[82, 1.2508231940000003, 10819.37955168921, 0.01020408163265306, 0.0163265306122449, 0.01326530612244898],
[83, 1.2646370940000002, 10874.460142102149, 0.0, 0.018367346938775512, 0.015306122448979591],
[84, 1.2785890940000002, 10819.312396716685, 0.02040816326530612, 0.00816326530612245, 0.00510204081632653],
[85, 1.2918277940000003, 10874.545481508101, 0.030612244897959183, 0.0163265306122449, 0.01326530612244898],
[86, 1.3052710950000002, 10819.23134501549, 0.01020408163265306, 0.00816326530612245, 0.006122448979591836],
[87, 1.3192239940000001, 10874.624854127953, 0.0, 0.0163265306122449, 0.012244897959183673],
[88, 1.3323045940000002, 10819.13709038559, 0.01020408163265306, 0.012244897959183673, 0.015306122448979591],
[89, 1.3459767940000003, 10874.720242141155, 0.0, 0.01020408163265306, 0.01020408163265306],
[90, 1.3598035940000002, 10819.054459461751, 0.01020408163265306, 0.014285714285714285, 0.01326530612244898],
[91, 1.372995694, 10874.814734784357, 0.0, 0.0020408163265306124, 0.00510204081632653],
[92, 1.386683394, 10818.951364592147, 0.0, 0.0020408163265306124, 0.007142857142857143],
[93, 1.400483995, 10874.921939152735, 0.05102040816326531, 0.0163265306122449, 0.02040816326530612],
[94, 1.4141120950000001, 10818.850400237456, 0.01020408163265306, 0.01020408163265306, 0.01020408163265306],
[95, 1.427324295, 10874.985526882989, 0.0, 0.006122448979591836, 0.01020408163265306],
[96, 1.440974994, 10818.811391542398, 0.02040816326530612, 0.014285714285714285, 0.018367346938775512],
[97, 1.4569583940000002, 10875.056370963854, 0.02040816326530612, 0.014285714285714285, 0.0163265306122449],
[98, 1.470305694, 10818.72434853482, 0.0, 0.006122448979591836, 0.00816326530612245],
[99, 1.484335594, 10875.122539649179, 0.0, 0.012244897959183673, 0.009183673469387756],
[100, 1.497228995, 10818.664185017707, 0.01020408163265306, 0.012244897959183673, 0.0163265306122449],
[101, 1.510895096, 10875.189950968037, 0.0, 0.01020408163265306, 0.01020408163265306],
[102, 1.524103696, 10818.626814289166, 0.0, 0.004081632653061225, 0.011224489795918368],
[103, 1.5373530960000001, 10875.248043546731, 0.02040816326530612, 0.014285714285714285, 0.014285714285714285],
[104, 1.551842297, 10818.54751423664, 0.01020408163265306, 0.01020408163265306, 0.009183673469387756],
[105, 1.565659597, 10875.324356505143, 0.02040816326530612, 0.01020408163265306, 0.011224489795918368],
[106, 1.579635896, 10818.472936328058, 0.02040816326530612, 0.018367346938775512, 0.014285714285714285],
[107, 1.5930910950000001, 10875.40448432653, 0.01020408163265306, 0.01020408163265306, 0.012244897959183673],
[108, 1.606224995, 10818.412041912996, 0.030612244897959183, 0.0163265306122449, 0.012244897959183673],
[109, 1.619695796, 10875.481302810944, 0.0, 0.006122448979591836, 0.01020408163265306],
[110, 1.632006796, 10818.323343045455, 0.030612244897959183, 0.024489795918367346, 0.0163265306122449],
[111, 1.645725195, 10875.520691344625, 0.0, 0.01020408163265306, 0.011224489795918368],
[112, 1.660518996, 10818.29348605507, 0.01020408163265306, 0.006122448979591836, 0.01020408163265306],
[113, 1.674674796, 10875.57871891196, 0.01020408163265306, 0.01020408163265306, 0.00816326530612245],
[114, 1.688572496, 10818.25947094806, 0.030612244897959183, 0.014285714285714285, 0.015306122448979591],
[115, 1.7027259959999999, 10875.643466355532, 0.0, 0.006122448979591836, 0.01326530612244898],
[116, 1.7171517959999998, 10818.212282493032, 0.01020408163265306, 0.006122448979591836, 0.01020408163265306],
[117, 1.7308927959999998, 10875.69007685311, 0.0, 0.00816326530612245, 0.014285714285714285],
[118, 1.7451813959999998, 10818.151052109988, 0.01020408163265306, 0.012244897959183673, 0.01020408163265306],
[119, 1.7717021969999998, 10875.749798918741, 0.01020408163265306, 0.014285714285714285, 0.01020408163265306],
[120, 1.7841661969999998, 10818.085561010375, 0.02040816326530612, 0.0163265306122449, 0.014285714285714285],
[121, 1.7977105969999998, 10875.822737882127, 0.01020408163265306, 0.00816326530612245, 0.014285714285714285],
