rank: 30, ratio of 0 vs 1: 3, lambda:11, learning_rate: 0.4
iter time objective_function precision@K = 1, 5, 10
[0,11741.395847308395, 0.0 0.01020408163265306 0.009183673469387756],
[1, 0.013097501, 11567.895628203521, 0.01020408163265306, 0.004081632653061225, 0.007142857142857143],
[2, 0.026434101, 11882.865463737111, 0.02040816326530612, 0.0163265306122449, 0.015306122448979591],
[3, 0.039345401, 11506.284906499677, 0.01020408163265306, 0.004081632653061225, 0.01020408163265306],
[4, 0.051920601000000004, 11069.660536747273, 0.0, 0.004081632653061225, 0.011224489795918368],
[5, 0.06636460200000001, 10903.040654427461, 0.02040816326530612, 0.012244897959183673, 0.009183673469387756],
[6, 0.08092060200000001, 10904.178114189157, 0.01020408163265306, 0.0020408163265306124, 0.0020408163265306124],
[7, 0.09326190200000001, 10859.357449249737, 0.0, 0.012244897959183673, 0.012244897959183673],
[8, 0.10619350200000001, 10869.672425194496, 0.02040816326530612, 0.02040816326530612, 0.017346938775510204],
[9, 0.11944110200000001, 10838.20021223835, 0.01020408163265306, 0.01020408163265306, 0.015306122448979591],
[10, 0.132426502, 10842.064792923593, 0.0, 0.004081632653061225, 0.00510204081632653],
[11, 0.144919202, 10823.95851934587, 0.0, 0.012244897959183673, 0.01326530612244898],
[12, 0.157487002, 10827.17717895191, 0.061224489795918366, 0.022448979591836737, 0.018367346938775512],
[13, 0.170350802, 10814.40669497615, 0.02040816326530612, 0.01020408163265306, 0.007142857142857143],
[14, 0.182628602, 10816.490827687177, 0.01020408163265306, 0.004081632653061225, 0.006122448979591836],
[15, 0.196467002, 10808.29101749821, 0.0, 0.006122448979591836, 0.011224489795918368],
[16, 0.209747802, 10809.252807123707, 0.0, 0.006122448979591836, 0.00816326530612245],
[17, 0.223165203, 10804.482516143475, 0.0, 0.006122448979591836, 0.007142857142857143],
[18, 0.23616330200000002, 10804.853211423784, 0.01020408163265306, 0.00816326530612245, 0.006122448979591836],
[19, 0.249501203, 10801.540184086103, 0.0, 0.00816326530612245, 0.012244897959183673],
[20, 0.262861304, 10801.976752274655, 0.01020408163265306, 0.012244897959183673, 0.012244897959183673],
[21, 0.27716340300000003, 10799.977279213537, 0.02040816326530612, 0.01020408163265306, 0.011224489795918368],
[22, 0.290583703, 10800.089134158694, 0.0, 0.004081632653061225, 0.00816326530612245],
[23, 0.30297710200000005, 10798.818715520187, 0.02040816326530612, 0.01020408163265306, 0.007142857142857143],
[24, 0.31674330300000003, 10798.89049940955, 0.02040816326530612, 0.0163265306122449, 0.01020408163265306],
[25, 0.33002760300000006, 10798.066672558247, 0.02040816326530612, 0.00816326530612245, 0.009183673469387756],
[26, 0.3435001040000001, 10798.205442996114, 0.01020408163265306, 0.004081632653061225, 0.006122448979591836],
[27, 0.3571465040000001, 10797.649515842824, 0.0, 0.00816326530612245, 0.007142857142857143],
[28, 0.3768541040000001, 10797.6778586543, 0.030612244897959183, 0.0163265306122449, 0.011224489795918368],
[29, 0.39178570400000007, 10797.330175791682, 0.01020408163265306, 0.00816326530612245, 0.012244897959183673],
[30, 0.40508630400000006, 10797.392660573, 0.01020408163265306, 0.01020408163265306, 0.01020408163265306],
[31, 0.4175864040000001, 10797.145905486674, 0.0, 0.01020408163265306, 0.011224489795918368],
[32, 0.43033670400000007, 10797.186304232182, 0.01020408163265306, 0.00816326530612245, 0.009183673469387756],
[33, 0.4430937040000001, 10797.032802485837, 0.0, 0.004081632653061225, 0.00510204081632653],
[34, 0.4555379040000001, 10797.046855163087, 0.0, 0.0163265306122449, 0.011224489795918368],
[35, 0.4678834040000001, 10796.958932107382, 0.01020408163265306, 0.00816326530612245, 0.006122448979591836],
[36, 0.48061520400000013, 10796.97365050121, 0.0, 0.00816326530612245, 0.009183673469387756],
[37, 0.4936103040000001, 10796.907222705337, 0.0, 0.004081632653061225, 0.006122448979591836],
[38, 0.5114610040000002, 10796.913077045408, 0.04081632653061224, 0.018367346938775512, 0.015306122448979591],
[39, 0.5233246040000001, 10796.877420615541, 0.0, 0.01020408163265306, 0.014285714285714285],
[40, 0.5361035040000002, 10796.886248367047, 0.0, 0.004081632653061225, 0.00816326530612245],
[41, 0.5485896040000002, 10796.857709012773, 0.0, 0.004081632653061225, 0.007142857142857143],
[42, 0.5608405040000002, 10796.8598554597, 0.02040816326530612, 0.012244897959183673, 0.012244897959183673],
[43, 0.5735886040000002, 10796.845211145037, 0.0, 0.006122448979591836, 0.011224489795918368],
[44, 0.5869293040000002, 10796.848123305697, 0.01020408163265306, 0.006122448979591836, 0.009183673469387756],
[45, 0.6002486050000002, 10796.837218456698, 0.0, 0.018367346938775512, 0.011224489795918368],
[46, 0.6132480050000002, 10796.837786077669, 0.02040816326530612, 0.01020408163265306, 0.015306122448979591],
[47, 0.6259792060000002, 10796.832228086194, 0.0, 0.004081632653061225, 0.00816326530612245],
[48, 0.6392641070000002, 10796.83300505081, 0.02040816326530612, 0.01020408163265306, 0.009183673469387756],
[49, 0.6524021080000002, 10796.828363688042, 0.0, 0.006122448979591836, 0.012244897959183673],
[50, 0.6648464080000002, 10796.829002199442, 0.0, 0.004081632653061225, 0.007142857142857143],
[51, 0.6779627080000001, 10796.826532827537, 0.030612244897959183, 0.022448979591836737, 0.014285714285714285],
[52, 0.6903739070000001, 10796.82694427676, 0.0, 0.0163265306122449, 0.014285714285714285],
[53, 0.7024591070000001, 10796.825074453607, 0.01020408163265306, 0.014285714285714285, 0.01326530612244898],
[54, 0.7154240070000001, 10796.82530338396, 0.02040816326530612, 0.01020408163265306, 0.01020408163265306],
[55, 0.728150107, 10796.824248321263, 0.030612244897959183, 0.014285714285714285, 0.014285714285714285],
[56, 0.743569507, 10796.824402768352, 0.01020408163265306, 0.004081632653061225, 0.014285714285714285],
[57, 0.756592606, 10796.823661303888, 0.01020408163265306, 0.004081632653061225, 0.007142857142857143],
[58, 0.770008206, 10796.823773690901, 0.02040816326530612, 0.02040816326530612, 0.01326530612244898],
[59, 0.7826185059999999, 10796.82331679554, 0.01020408163265306, 0.004081632653061225, 0.00510204081632653],
[60, 0.7954356069999999, 10796.823356787487, 0.0, 0.012244897959183673, 0.01020408163265306],
[61, 0.8086854069999999, 10796.823108034216, 0.0, 0.00816326530612245, 0.006122448979591836],
[62, 0.8219352069999999, 10796.823138726457, 0.01020408163265306, 0.014285714285714285, 0.012244897959183673],
[63, 0.8348367069999999, 10796.822936874587, 0.01020408163265306, 0.01020408163265306, 0.01020408163265306],
[64, 0.8479220069999999, 10796.82296376003, 0.02040816326530612, 0.004081632653061225, 0.003061224489795918],
[65, 0.8606039069999999, 10796.82285770773, 0.01020408163265306, 0.006122448979591836, 0.00816326530612245],
[66, 0.8738553069999999, 10796.822869382078, 0.02040816326530612, 0.0163265306122449, 0.015306122448979591],
[67, 0.885709307, 10796.8227885144, 0.0, 0.014285714285714285, 0.009183673469387756],
[68, 0.898059807, 10796.82280120042, 0.01020408163265306, 0.014285714285714285, 0.012244897959183673],
[69, 0.924263207, 10796.822755369823, 0.0, 0.01020408163265306, 0.01326530612244898],
[70, 0.936997308, 10796.822757423519, 0.01020408163265306, 0.014285714285714285, 0.01020408163265306],
[71, 0.950534408, 10796.822726159302, 0.0, 0.00816326530612245, 0.01020408163265306],
[72, 0.963932908, 10796.822734999223, 0.0, 0.01020408163265306, 0.01020408163265306],
[73, 0.980520408, 10796.822714204987, 0.02040816326530612, 0.01020408163265306, 0.014285714285714285],
[74, 0.993080408, 10796.822714152171, 0.01020408163265306, 0.012244897959183673, 0.012244897959183673],
[75, 1.005637309, 10796.822702446001, 0.0, 0.00816326530612245, 0.009183673469387756],
[76, 1.018347409, 10796.822705091476, 0.02040816326530612, 0.014285714285714285, 0.011224489795918368],
[77, 1.0325083099999999, 10796.822696821968, 0.01020408163265306, 0.014285714285714285, 0.012244897959183673],
[78, 1.04536181, 10796.822697302385, 0.01020408163265306, 0.01020408163265306, 0.007142857142857143],
[79, 1.05794591, 10796.82269182264, 0.0, 0.006122448979591836, 0.01020408163265306],
[80, 1.0725698099999998, 10796.822693319447, 0.01020408163265306, 0.00816326530612245, 0.00816326530612245],
[81, 1.0849009099999998, 10796.822690026689, 0.0, 0.01020408163265306, 0.015306122448979591],
[82, 1.0981142109999997, 10796.82268990057, 0.01020408163265306, 0.01020408163265306, 0.01020408163265306],
[83, 1.1103637109999998, 10796.822687875469, 0.01020408163265306, 0.014285714285714285, 0.01020408163265306],
[84, 1.1230368099999997, 10796.822688307773, 0.01020408163265306, 0.006122448979591836, 0.007142857142857143],
[85, 1.1355925109999996, 10796.822687020118, 0.01020408163265306, 0.014285714285714285, 0.014285714285714285],
[86, 1.1482021109999996, 10796.822687071584, 0.01020408163265306, 0.014285714285714285, 0.009183673469387756],
[87, 1.1611661099999995, 10796.822686165264, 0.01020408163265306, 0.01020408163265306, 0.01020408163265306],
[88, 1.1735410099999994, 10796.822686390493, 0.0, 0.006122448979591836, 0.01020408163265306],
[89, 1.1873303099999994, 10796.822685810099, 0.01020408163265306, 0.012244897959183673, 0.0163265306122449],
[90, 1.2005336099999995, 10796.82268583389, 0.01020408163265306, 0.01020408163265306, 0.0163265306122449],
[91, 1.2140123099999995, 10796.822685505575, 0.0, 0.00816326530612245, 0.009183673469387756],
[92, 1.2270202099999996, 10796.82268555383, 0.01020408163265306, 0.00816326530612245, 0.009183673469387756],
[93, 1.2408634099999996, 10796.822685324238, 0.030612244897959183, 0.012244897959183673, 0.012244897959183673],
[94, 1.2539261099999996, 10796.822685352603, 0.02040816326530612, 0.018367346938775512, 0.012244897959183673],
[95, 1.2664649089999997, 10796.822685206062, 0.01020408163265306, 0.004081632653061225, 0.007142857142857143],
[96, 1.2793361099999998, 10796.822685231482, 0.01020408163265306, 0.01020408163265306, 0.011224489795918368],
[97, 1.2920983099999999, 10796.822685136493, 0.01020408163265306, 0.012244897959183673, 0.014285714285714285],
[98, 1.304954711, 10796.822685142843, 0.02040816326530612, 0.01020408163265306, 0.012244897959183673],
[99, 1.317390611, 10796.8226850846, 0.01020408163265306, 0.01020408163265306, 0.00816326530612245],
[100, 1.330299611, 10796.822685097872, 0.02040816326530612, 0.01020408163265306, 0.01326530612244898],
[101, 1.343402411, 10796.822685055076, 0.0, 0.0020408163265306124, 0.009183673469387756],
[102, 1.355399411, 10796.822685057788, 0.01020408163265306, 0.01020408163265306, 0.007142857142857143],
[103, 1.369052011, 10796.82268503823, 0.030612244897959183, 0.014285714285714285, 0.01326530612244898],
[104, 1.381578411, 10796.822685040908, 0.02040816326530612, 0.0163265306122449, 0.015306122448979591],
[105, 1.39520601, 10796.822685023557, 0.01020408163265306, 0.004081632653061225, 0.007142857142857143],
[106, 1.4085476110000001, 10796.82268502534, 0.01020408163265306, 0.0163265306122449, 0.012244897959183673],
[107, 1.424127611, 10796.822685015846, 0.0, 0.018367346938775512, 0.02040816326530612],
[108, 1.437521611, 10796.822685018238, 0.01020408163265306, 0.02040816326530612, 0.0163265306122449],
[109, 1.450828611, 10796.822685010822, 0.0, 0.012244897959183673, 0.011224489795918368],
[110, 1.5955934109999999, 10796.822685011624, 0.01020408163265306, 0.01020408163265306, 0.006122448979591836],
[111, 1.6081823119999998, 10796.822685007774, 0.01020408163265306, 0.00816326530612245, 0.009183673469387756],
[112, 1.6219638119999997, 10796.822685008303, 0.01020408163265306, 0.00816326530612245, 0.009183673469387756],
[113, 1.6341628119999998, 10796.822685005742, 0.0, 0.014285714285714285, 0.015306122448979591],
[114, 1.647308812, 10796.8226850058, 0.0, 0.00816326530612245, 0.011224489795918368],
[115, 1.6601035119999998, 10796.822685004401, 0.01020408163265306, 0.00816326530612245, 0.00816326530612245],
[116, 1.6733924129999997, 10796.822685004527, 0.01020408163265306, 0.006122448979591836, 0.004081632653061225],
[117, 1.6869019129999998, 10796.822685003386, 0.01020408163265306, 0.014285714285714285, 0.009183673469387756],
[118, 1.7007333129999997, 10796.822685003599, 0.030612244897959183, 0.02040816326530612, 0.015306122448979591],
[119, 1.7133759129999997, 10796.822685002928, 0.030612244897959183, 0.00816326530612245, 0.00816326530612245],
[120, 1.7260269129999997, 10796.822685003015, 0.02040816326530612, 0.012244897959183673, 0.012244897959183673],
[121, 1.7395121129999997, 10796.82268500253, 0.01020408163265306, 0.00816326530612245, 0.00816326530612245],
