rank: 30, ratio of 0 vs 1: 3, lambda:3, learning_rate: 0.4
iter time objective_function precision@K = 1, 5, 10
[0,11055.489509138855, 0.0 0.01020408163265306 0.009183673469387756],
[1, 0.0141709, 10987.43989443044, 0.01020408163265306, 0.006122448979591836, 0.009183673469387756],
[2, 0.027201901, 10949.943522395652, 0.01020408163265306, 0.014285714285714285, 0.01326530612244898],
[3, 0.040500201, 10920.307797167976, 0.01020408163265306, 0.01020408163265306, 0.009183673469387756],
[4, 0.053988301, 10896.75508945457, 0.0, 0.00816326530612245, 0.006122448979591836],
[5, 0.067906101, 10878.192166036019, 0.01020408163265306, 0.006122448979591836, 0.007142857142857143],
[6, 0.08182429999999999, 10863.182806431247, 0.0, 0.0020408163265306124, 0.01020408163265306],
[7, 0.09569919999999998, 10851.203415240354, 0.0, 0.00816326530612245, 0.01020408163265306],
[8, 0.11011209999999999, 10841.545523945215, 0.0, 0.00816326530612245, 0.006122448979591836],
[9, 0.12367089999999999, 10833.842268745255, 0.0, 0.006122448979591836, 0.006122448979591836],
[10, 0.1381935, 10828.053114758275, 0.0, 0.006122448979591836, 0.009183673469387756],
[11, 0.229747099, 10823.699960318689, 0.0, 0.006122448979591836, 0.00816326530612245],
[12, 0.244934398, 10820.210083638534, 0.0, 0.00816326530612245, 0.00816326530612245],
[13, 0.25875929799999997, 10817.780977487051, 0.0, 0.00816326530612245, 0.00816326530612245],
[14, 0.27228719799999995, 10815.661892580385, 0.0, 0.006122448979591836, 0.00816326530612245],
[15, 0.28580909699999996, 10814.265583558525, 0.0, 0.006122448979591836, 0.009183673469387756],
[16, 0.29957999599999996, 10812.98218319507, 0.0, 0.006122448979591836, 0.009183673469387756],
[17, 0.313474196, 10812.091434100745, 0.0, 0.006122448979591836, 0.00816326530612245],
[18, 0.328050397, 10811.348258716565, 0.0, 0.004081632653061225, 0.00816326530612245],
[19, 0.342139597, 10810.736610744925, 0.0, 0.004081632653061225, 0.00816326530612245],
[20, 0.356049498, 10810.283160657833, 0.0, 0.004081632653061225, 0.009183673469387756],
[21, 0.36949669700000004, 10809.951086128685, 0.0, 0.004081632653061225, 0.00816326530612245],
[22, 0.38323269700000007, 10809.6344180605, 0.0, 0.004081632653061225, 0.00816326530612245],
[23, 0.3970819970000001, 10809.37977169812, 0.0, 0.004081632653061225, 0.00816326530612245],
[24, 0.4108863960000001, 10809.227702686627, 0.0, 0.004081632653061225, 0.00816326530612245],
[25, 0.42436469500000007, 10809.060464347169, 0.0, 0.004081632653061225, 0.00816326530612245],
[26, 0.4380645940000001, 10808.939242274666, 0.0, 0.004081632653061225, 0.00816326530612245],
[27, 0.4516074940000001, 10808.883240721625, 0.0, 0.004081632653061225, 0.00816326530612245],
[28, 0.4645053930000001, 10808.760350289027, 0.0, 0.004081632653061225, 0.00816326530612245],
[29, 0.4780949930000001, 10808.73554677025, 0.0, 0.004081632653061225, 0.00816326530612245],
[30, 0.49124849300000006, 10808.69230554347, 0.0, 0.004081632653061225, 0.00816326530612245],
[31, 0.5050453930000001, 10808.631553341445, 0.0, 0.004081632653061225, 0.00816326530612245],
[32, 0.517634192, 10808.59763975536, 0.0, 0.004081632653061225, 0.00816326530612245],
[33, 0.531027892, 10808.596446744512, 0.0, 0.004081632653061225, 0.00816326530612245],
[34, 0.544461992, 10808.564662906263, 0.0, 0.004081632653061225, 0.00816326530612245],
[35, 0.557671292, 10808.53844233331, 0.0, 0.004081632653061225, 0.00816326530612245],
[36, 0.570476992, 10808.506586920123, 0.0, 0.004081632653061225, 0.00816326530612245],
[37, 0.584084492, 10808.489704444759, 0.0, 0.004081632653061225, 0.00816326530612245],
[38, 0.597722792, 10808.512259747564, 0.0, 0.004081632653061225, 0.00816326530612245],
[39, 0.610962692, 10808.502618570154, 0.0, 0.004081632653061225, 0.00816326530612245],
[40, 0.623599092, 10808.485430946117, 0.0, 0.004081632653061225, 0.00816326530612245],
[41, 0.6374318929999999, 10808.478554275947, 0.0, 0.004081632653061225, 0.00816326530612245],
[42, 0.6506314929999999, 10808.468722071795, 0.0, 0.004081632653061225, 0.00816326530612245],
[43, 0.6641586929999999, 10808.496183933139, 0.0, 0.004081632653061225, 0.00816326530612245],
[44, 0.6783361919999998, 10808.464857157356, 0.0, 0.004081632653061225, 0.00816326530612245],
[45, 0.6920217919999998, 10808.478274286483, 0.0, 0.004081632653061225, 0.00816326530612245],
[46, 0.7051487919999998, 10808.470740276645, 0.0, 0.004081632653061225, 0.00816326530612245],
[47, 0.7180883919999999, 10808.48314446988, 0.0, 0.004081632653061225, 0.00816326530612245],
[48, 0.7326005929999998, 10808.48076236273, 0.0, 0.004081632653061225, 0.00816326530612245],
[49, 0.7463995939999998, 10808.49391485246, 0.0, 0.004081632653061225, 0.00816326530612245],
[50, 0.7607273929999998, 10808.477038240018, 0.0, 0.004081632653061225, 0.00816326530612245],
[51, 0.7746083919999998, 10808.477516256791, 0.0, 0.004081632653061225, 0.00816326530612245],
[52, 0.8047790919999998, 10808.468217155412, 0.0, 0.004081632653061225, 0.00816326530612245],
[53, 0.8181246919999997, 10808.509027678145, 0.0, 0.004081632653061225, 0.00816326530612245],
[54, 0.8323494909999997, 10808.464931703205, 0.0, 0.004081632653061225, 0.00816326530612245],
[55, 0.8468428909999997, 10808.478131791348, 0.0, 0.004081632653061225, 0.00816326530612245],
[56, 0.8609413909999997, 10808.491269433916, 0.0, 0.004081632653061225, 0.00816326530612245],
[57, 0.8742570909999997, 10808.474878249217, 0.0, 0.004081632653061225, 0.00816326530612245],
[58, 0.8872560919999997, 10808.474395617466, 0.0, 0.004081632653061225, 0.00816326530612245],
[59, 0.9022361909999996, 10808.43982692515, 0.0, 0.004081632653061225, 0.00816326530612245],
[60, 0.9161690909999997, 10808.46524638184, 0.0, 0.004081632653061225, 0.00816326530612245],
[61, 0.9295837909999997, 10808.478469173468, 0.0, 0.004081632653061225, 0.00816326530612245],
[62, 0.9433305909999996, 10808.470031349321, 0.0, 0.004081632653061225, 0.00816326530612245],
[63, 0.9565045899999997, 10808.485542250472, 0.0, 0.004081632653061225, 0.00816326530612245],
[64, 0.9694265889999997, 10808.466513733349, 0.0, 0.004081632653061225, 0.00816326530612245],
[65, 0.9837011889999997, 10808.453719857356, 0.0, 0.004081632653061225, 0.00816326530612245],
[66, 0.9976543899999997, 10808.500740509144, 0.0, 0.004081632653061225, 0.00816326530612245],
[67, 1.0107917889999998, 10808.476038147466, 0.0, 0.004081632653061225, 0.00816326530612245],
[68, 1.0240289889999998, 10808.469544315072, 0.0, 0.004081632653061225, 0.00816326530612245],
[69, 1.037599888, 10808.478219525372, 0.0, 0.004081632653061225, 0.00816326530612245],
[70, 1.050951888, 10808.495439286045, 0.0, 0.004081632653061225, 0.00816326530612245],
[71, 1.064092188, 10808.466077293106, 0.0, 0.004081632653061225, 0.00816326530612245],
[72, 1.077800388, 10808.464740352852, 0.0, 0.004081632653061225, 0.00816326530612245],
[73, 1.092320888, 10808.478748595333, 0.0, 0.004081632653061225, 0.00816326530612245],
[74, 1.105483488, 10808.485552389318, 0.0, 0.004081632653061225, 0.00816326530612245],
[75, 1.119468387, 10808.471688278332, 0.0, 0.004081632653061225, 0.00816326530612245],
[76, 1.133658687, 10808.4565855844, 0.0, 0.004081632653061225, 0.00816326530612245],
[77, 1.1476853870000001, 10808.483293482115, 0.0, 0.004081632653061225, 0.00816326530612245],
[78, 1.1610624870000001, 10808.471421036475, 0.0, 0.004081632653061225, 0.00816326530612245],
[79, 1.175371187, 10808.483815737402, 0.0, 0.004081632653061225, 0.00816326530612245],
[80, 1.189466487, 10808.48456634754, 0.0, 0.004081632653061225, 0.00816326530612245],
[81, 1.202510587, 10808.477473215211, 0.0, 0.004081632653061225, 0.00816326530612245],
[82, 1.216176687, 10808.479524967133, 0.0, 0.004081632653061225, 0.00816326530612245],
[83, 1.230250686, 10808.493000074091, 0.0, 0.004081632653061225, 0.00816326530612245],
[84, 1.244457986, 10808.4829766719, 0.0, 0.004081632653061225, 0.00816326530612245],
[85, 1.258173586, 10808.490681467652, 0.0, 0.004081632653061225, 0.00816326530612245],
[86, 1.2713586860000001, 10808.480090597095, 0.0, 0.004081632653061225, 0.00816326530612245],
[87, 1.285381386, 10808.479281913023, 0.0, 0.004081632653061225, 0.00816326530612245],
[88, 1.297728486, 10808.447212065535, 0.0, 0.004081632653061225, 0.00816326530612245],
[89, 1.311273686, 10808.483553850505, 0.0, 0.004081632653061225, 0.00816326530612245],
[90, 1.325162985, 10808.475376331406, 0.0, 0.004081632653061225, 0.00816326530612245],
[91, 1.3391753849999999, 10808.494758234534, 0.0, 0.004081632653061225, 0.00816326530612245],
[92, 1.352430785, 10808.472043766085, 0.0, 0.004081632653061225, 0.00816326530612245],
[93, 1.434735884, 10808.486010734767, 0.0, 0.004081632653061225, 0.00816326530612245],
[94, 1.448886784, 10808.481867933502, 0.0, 0.004081632653061225, 0.00816326530612245],
[95, 1.4625671839999999, 10808.473695648137, 0.0, 0.004081632653061225, 0.00816326530612245],
[96, 1.476852084, 10808.484416195446, 0.0, 0.004081632653061225, 0.00816326530612245],
[97, 1.4909101839999999, 10808.49279246184, 0.0, 0.004081632653061225, 0.00816326530612245],
[98, 1.5049658839999998, 10808.483285866114, 0.0, 0.004081632653061225, 0.00816326530612245],
[99, 1.5191855829999998, 10808.493046973646, 0.0, 0.004081632653061225, 0.00816326530612245],
[100, 1.5324894829999998, 10808.466421230762, 0.0, 0.004081632653061225, 0.00816326530612245],
[101, 1.5448483829999997, 10808.462924409907, 0.0, 0.004081632653061225, 0.00816326530612245],
[102, 1.5569075829999997, 10808.462672376143, 0.0, 0.004081632653061225, 0.00816326530612245],
[103, 1.5703142829999996, 10808.45295771566, 0.0, 0.004081632653061225, 0.00816326530612245],
[104, 1.5828753839999996, 10808.478117999164, 0.0, 0.004081632653061225, 0.00816326530612245],
[105, 1.5957545829999995, 10808.478813724798, 0.0, 0.004081632653061225, 0.00816326530612245],
[106, 1.6084183839999995, 10808.472986991706, 0.0, 0.004081632653061225, 0.00816326530612245],
[107, 1.6211016829999996, 10808.484439529147, 0.0, 0.004081632653061225, 0.00816326530612245],
[108, 1.6344873829999995, 10808.488857037792, 0.0, 0.004081632653061225, 0.00816326530612245],
[109, 1.6487335829999996, 10808.483144093558, 0.0, 0.004081632653061225, 0.00816326530612245],
[110, 1.6615533829999996, 10808.491851911745, 0.0, 0.004081632653061225, 0.00816326530612245],
[111, 1.6748717839999996, 10808.47847218669, 0.0, 0.004081632653061225, 0.00816326530612245],
[112, 1.6881041839999995, 10808.462914310641, 0.0, 0.004081632653061225, 0.00816326530612245],
[113, 1.7010823849999994, 10808.45844120604, 0.0, 0.004081632653061225, 0.00816326530612245],
[114, 1.7142535849999994, 10808.480320147157, 0.0, 0.004081632653061225, 0.00816326530612245],
[115, 1.7272691859999993, 10808.472999021042, 0.0, 0.004081632653061225, 0.00816326530612245],
[116, 1.7419957859999993, 10808.459021026873, 0.0, 0.004081632653061225, 0.00816326530612245],
[117, 1.7555399869999992, 10808.495658736798, 0.0, 0.004081632653061225, 0.00816326530612245],
[118, 1.7683994859999992, 10808.454639868809, 0.0, 0.004081632653061225, 0.00816326530612245],
[119, 1.7825622859999992, 10808.468641810021, 0.0, 0.004081632653061225, 0.00816326530612245],
[120, 1.7950147859999992, 10808.46545280704, 0.0, 0.004081632653061225, 0.00816326530612245],
[121, 1.8086864859999991, 10808.483216427729, 0.0, 0.004081632653061225, 0.00816326530612245],
