rank: 30, ratio of 0 vs 1: 3, lambda:4, learning_rate: 0.4
iter time objective_function precision@K = 1, 5, 10
[0,11141.227801410048, 0.0 0.01020408163265306 0.009183673469387756],
[1, 0.013420299, 11031.017916282382, 0.030612244897959183, 0.00816326530612245, 0.01020408163265306],
[2, 0.025845999, 10949.341188275477, 0.0, 0.012244897959183673, 0.011224489795918368],
[3, 0.039161699, 10866.730733110562, 0.02040816326530612, 0.012244897959183673, 0.011224489795918368],
[4, 0.052052099000000004, 10824.28081673453, 0.0, 0.004081632653061225, 0.011224489795918368],
[5, 0.06630089900000001, 10855.123677733312, 0.02040816326530612, 0.018367346938775512, 0.01326530612244898],
[6, 0.079323499, 10824.659301978581, 0.0, 0.004081632653061225, 0.00510204081632653],
[7, 0.093347499, 10854.810843221247, 0.01020408163265306, 0.012244897959183673, 0.009183673469387756],
[8, 0.107765999, 10824.605251922143, 0.0, 0.006122448979591836, 0.007142857142857143],
[9, 0.1209864, 10854.631347755889, 0.02040816326530612, 0.00816326530612245, 0.007142857142857143],
[10, 0.13488519999999998, 10824.658037365754, 0.01020408163265306, 0.006122448979591836, 0.007142857142857143],
[11, 0.14837789999999998, 10854.593796493637, 0.030612244897959183, 0.0163265306122449, 0.0163265306122449],
[12, 0.16176179999999998, 10824.620360602365, 0.01020408163265306, 0.012244897959183673, 0.012244897959183673],
[13, 0.17533149999999997, 10854.577454759868, 0.0, 0.01020408163265306, 0.012244897959183673],
[14, 0.18956139999999996, 10824.638575110666, 0.0, 0.018367346938775512, 0.01326530612244898],
[15, 0.20277099999999995, 10854.556054773317, 0.01020408163265306, 0.00816326530612245, 0.012244897959183673],
[16, 0.21754789999999996, 10824.59243127423, 0.02040816326530612, 0.00816326530612245, 0.011224489795918368],
[17, 0.23115589999999997, 10854.546855192219, 0.030612244897959183, 0.014285714285714285, 0.014285714285714285],
[18, 0.24423159999999997, 10824.627003832888, 0.01020408163265306, 0.01020408163265306, 0.007142857142857143],
[19, 0.25743500099999994, 10854.52273413824, 0.0, 0.012244897959183673, 0.01326530612244898],
[20, 0.2706944009999999, 10824.62767674496, 0.0, 0.006122448979591836, 0.01020408163265306],
[21, 0.2845283019999999, 10854.509103692504, 0.0, 0.004081632653061225, 0.00816326530612245],
[22, 0.2986337019999999, 10824.593781521497, 0.0, 0.014285714285714285, 0.012244897959183673],
[23, 0.3123983009999999, 10854.539196154878, 0.01020408163265306, 0.006122448979591836, 0.009183673469387756],
[24, 0.32543620099999987, 10824.580114904647, 0.0, 0.00816326530612245, 0.014285714285714285],
[25, 0.3525157999999999, 10854.538015142914, 0.030612244897959183, 0.0163265306122449, 0.012244897959183673],
[26, 0.36597799999999986, 10824.542252492165, 0.01020408163265306, 0.00816326530612245, 0.01020408163265306],
[27, 0.3791218989999999, 10854.577497189346, 0.0, 0.004081632653061225, 0.00510204081632653],
[28, 0.3926759989999999, 10824.565719851746, 0.01020408163265306, 0.018367346938775512, 0.0163265306122449],
[29, 0.40638909899999986, 10854.559228029098, 0.01020408163265306, 0.018367346938775512, 0.014285714285714285],
[30, 0.4186876979999999, 10824.55646641688, 0.01020408163265306, 0.0163265306122449, 0.014285714285714285],
[31, 0.43185849799999987, 10854.573503680482, 0.01020408163265306, 0.01020408163265306, 0.0163265306122449],
[32, 0.44508689799999984, 10824.547624368837, 0.030612244897959183, 0.012244897959183673, 0.01020408163265306],
[33, 0.4592981979999998, 10854.57861413889, 0.0, 0.00816326530612245, 0.011224489795918368],
[34, 0.4718340979999998, 10824.559658151693, 0.01020408163265306, 0.014285714285714285, 0.01020408163265306],
[35, 0.4852776979999998, 10854.563384972464, 0.02040816326530612, 0.012244897959183673, 0.012244897959183673],
[36, 0.49943639799999984, 10824.541063166565, 0.0, 0.006122448979591836, 0.009183673469387756],
[37, 0.5127625979999998, 10854.59450295463, 0.02040816326530612, 0.00816326530612245, 0.009183673469387756],
[38, 0.5257125979999998, 10824.504675561528, 0.0, 0.00816326530612245, 0.012244897959183673],
[39, 0.5389716969999998, 10854.601883993379, 0.0, 0.00816326530612245, 0.007142857142857143],
[40, 0.5526630979999998, 10824.526826387879, 0.02040816326530612, 0.00816326530612245, 0.00816326530612245],
[41, 0.5648040979999998, 10854.622321226138, 0.01020408163265306, 0.0163265306122449, 0.01326530612244898],
[42, 0.5786039979999997, 10824.487859478993, 0.01020408163265306, 0.018367346938775512, 0.0163265306122449],
[43, 0.5917624979999997, 10854.637926358135, 0.01020408163265306, 0.00816326530612245, 0.01020408163265306],
[44, 0.6055349989999997, 10824.47962452403, 0.0, 0.006122448979591836, 0.011224489795918368],
[45, 0.6194428989999997, 10854.65852591569, 0.01020408163265306, 0.01020408163265306, 0.01020408163265306],
[46, 0.6345687989999997, 10824.471392305937, 0.02040816326530612, 0.012244897959183673, 0.01326530612244898],
[47, 0.6474096979999997, 10854.72640832983, 0.01020408163265306, 0.006122448979591836, 0.009183673469387756],
[48, 0.6604219979999997, 10824.379927408698, 0.02040816326530612, 0.022448979591836737, 0.017346938775510204],
[49, 0.6739121989999997, 10854.786240384881, 0.0, 0.01020408163265306, 0.01020408163265306],
[50, 0.6882322979999996, 10824.333458344681, 0.0, 0.012244897959183673, 0.011224489795918368],
[51, 0.7014799979999996, 10854.804167304475, 0.02040816326530612, 0.00816326530612245, 0.007142857142857143],
[52, 0.7155539979999996, 10824.351016802755, 0.02040816326530612, 0.018367346938775512, 0.018367346938775512],
[53, 0.7286839979999996, 10854.819202186258, 0.02040816326530612, 0.01020408163265306, 0.009183673469387756],
[54, 0.7422742989999996, 10824.365043736612, 0.0, 0.00816326530612245, 0.007142857142857143],
[55, 0.7547556979999996, 10854.814644350061, 0.01020408163265306, 0.00816326530612245, 0.01020408163265306],
[56, 0.7680637979999997, 10824.328549618076, 0.02040816326530612, 0.014285714285714285, 0.011224489795918368],
[57, 0.7816440989999996, 10854.815550458563, 0.0, 0.00816326530612245, 0.01020408163265306],
[58, 0.7947281989999997, 10824.33022049814, 0.01020408163265306, 0.00816326530612245, 0.009183673469387756],
[59, 0.8078322989999996, 10854.854775282207, 0.01020408163265306, 0.018367346938775512, 0.017346938775510204],
[60, 0.8215690989999996, 10824.295890965004, 0.02040816326530612, 0.014285714285714285, 0.015306122448979591],
[61, 0.8354460989999997, 10854.914552041562, 0.02040816326530612, 0.012244897959183673, 0.0163265306122449],
[62, 0.8493618989999997, 10824.235082301013, 0.01020408163265306, 0.014285714285714285, 0.014285714285714285],
[63, 0.8632714989999997, 10854.906804390552, 0.01020408163265306, 0.014285714285714285, 0.012244897959183673],
[64, 0.8770585979999996, 10824.252057278312, 0.01020408163265306, 0.00816326530612245, 0.009183673469387756],
[65, 0.8905681979999996, 10854.903857608331, 0.01020408163265306, 0.014285714285714285, 0.00816326530612245],
[66, 0.9961788969999996, 10824.248344006794, 0.02040816326530612, 0.00816326530612245, 0.014285714285714285],
[67, 1.0105299969999997, 10854.925016653233, 0.02040816326530612, 0.02857142857142857, 0.02142857142857143],
[68, 1.0241840979999997, 10824.223589716694, 0.02040816326530612, 0.00816326530612245, 0.01020408163265306],
[69, 1.0372238989999996, 10854.970998050523, 0.01020408163265306, 0.012244897959183673, 0.01020408163265306],
[70, 1.0503265989999995, 10824.157577497754, 0.05102040816326531, 0.018367346938775512, 0.011224489795918368],
[71, 1.0631152989999995, 10854.986644471117, 0.02040816326530612, 0.01020408163265306, 0.01020408163265306],
[72, 1.0802639989999994, 10824.136711013414, 0.0, 0.012244897959183673, 0.009183673469387756],
[73, 1.0927925989999994, 10855.027503072779, 0.02040816326530612, 0.014285714285714285, 0.01020408163265306],
[74, 1.1058291989999993, 10824.113289919875, 0.01020408163265306, 0.004081632653061225, 0.014285714285714285],
[75, 1.1194302989999994, 10855.05983960602, 0.02040816326530612, 0.0163265306122449, 0.015306122448979591],
[76, 1.1326419989999994, 10824.09512748952, 0.0, 0.014285714285714285, 0.01020408163265306],
[77, 1.1461720989999995, 10855.083015820157, 0.02040816326530612, 0.0163265306122449, 0.01326530612244898],
[78, 1.1641289989999994, 10824.098865239032, 0.0, 0.0163265306122449, 0.01326530612244898],
[79, 1.1776633989999994, 10855.102601279807, 0.0, 0.00816326530612245, 0.012244897959183673],
[80, 1.1905755989999993, 10824.071203634418, 0.030612244897959183, 0.014285714285714285, 0.017346938775510204],
[81, 1.2033258989999993, 10855.137530341412, 0.0, 0.012244897959183673, 0.011224489795918368],
[82, 1.2164028979999992, 10824.03037246765, 0.0, 0.014285714285714285, 0.01020408163265306],
[83, 1.2275268979999991, 10855.153735691598, 0.0, 0.006122448979591836, 0.00510204081632653],
[84, 1.240604097999999, 10824.018669252995, 0.02040816326530612, 0.02040816326530612, 0.0163265306122449],
[85, 1.255064497999999, 10855.182559088444, 0.0, 0.012244897959183673, 0.011224489795918368],
[86, 1.268981296999999, 10824.005629381842, 0.01020408163265306, 0.006122448979591836, 0.007142857142857143],
[87, 1.281810495999999, 10855.185920250937, 0.01020408163265306, 0.02040816326530612, 0.0163265306122449],
[88, 1.296016095999999, 10823.96474875482, 0.0, 0.006122448979591836, 0.00816326530612245],
[89, 1.309271995999999, 10855.19234049875, 0.01020408163265306, 0.014285714285714285, 0.00816326530612245],
[90, 1.322690494999999, 10823.979894852197, 0.02040816326530612, 0.014285714285714285, 0.015306122448979591],
[91, 1.335492494999999, 10855.208121974832, 0.0, 0.006122448979591836, 0.009183673469387756],
[92, 1.348836894999999, 10823.97945573982, 0.02040816326530612, 0.012244897959183673, 0.011224489795918368],
[93, 1.362051894999999, 10855.225595612414, 0.01020408163265306, 0.01020408163265306, 0.012244897959183673],
[94, 1.375294694999999, 10823.940794447988, 0.0, 0.01020408163265306, 0.01020408163265306],
[95, 1.389427894999999, 10855.229342826682, 0.01020408163265306, 0.006122448979591836, 0.007142857142857143],
[96, 1.4024240949999989, 10823.954641217864, 0.01020408163265306, 0.014285714285714285, 0.01326530612244898],
[97, 1.4156036949999988, 10855.22350288067, 0.01020408163265306, 0.0163265306122449, 0.011224489795918368],
[98, 1.429248994999999, 10823.940825339421, 0.0, 0.01020408163265306, 0.011224489795918368],
[99, 1.442792595999999, 10855.241423222029, 0.01020408163265306, 0.014285714285714285, 0.0163265306122449],
[100, 1.456916295999999, 10823.952580261768, 0.02040816326530612, 0.012244897959183673, 0.009183673469387756],
[101, 1.4708775959999991, 10855.24728346132, 0.0, 0.006122448979591836, 0.009183673469387756],
[102, 1.4842626959999992, 10823.936708426263, 0.0, 0.01020408163265306, 0.012244897959183673],
[103, 1.4981174959999992, 10855.273238541438, 0.0, 0.012244897959183673, 0.014285714285714285],
[104, 1.5119522959999991, 10823.914741786282, 0.01020408163265306, 0.00816326530612245, 0.007142857142857143],
[105, 1.525819395999999, 10855.319449116552, 0.02040816326530612, 0.014285714285714285, 0.014285714285714285],
[106, 1.540799996999999, 10823.865423507808, 0.01020408163265306, 0.01020408163265306, 0.00816326530612245],
[107, 1.570146896999999, 10855.367648946363, 0.01020408163265306, 0.014285714285714285, 0.0163265306122449],
[108, 1.583688296999999, 10823.814633868526, 0.01020408163265306, 0.0163265306122449, 0.015306122448979591],
[109, 1.597644796999999, 10855.399891263958, 0.01020408163265306, 0.012244897959183673, 0.011224489795918368],
[110, 1.610850796999999, 10823.788545412432, 0.01020408163265306, 0.02040816326530612, 0.018367346938775512],
[111, 1.624492996999999, 10855.405844443121, 0.0, 0.004081632653061225, 0.004081632653061225],
[112, 1.6384717969999991, 10823.787462876608, 0.0, 0.01020408163265306, 0.011224489795918368],
[113, 1.651764895999999, 10855.416534475517, 0.0, 0.00816326530612245, 0.009183673469387756],
[114, 1.664911295999999, 10823.77554252481, 0.01020408163265306, 0.00816326530612245, 0.01020408163265306],
[115, 1.677493995999999, 10855.427487934507, 0.01020408163265306, 0.012244897959183673, 0.01326530612244898],
[116, 1.691356595999999, 10823.790767231005, 0.0, 0.004081632653061225, 0.007142857142857143],
[117, 1.704502194999999, 10855.412754396839, 0.030612244897959183, 0.018367346938775512, 0.015306122448979591],
[118, 1.716657294999999, 10823.783638369987, 0.01020408163265306, 0.01020408163265306, 0.014285714285714285],
[119, 1.730574494999999, 10855.459430471767, 0.0, 0.0020408163265306124, 0.004081632653061225],
[120, 1.743179994999999, 10823.77205334038, 0.0, 0.006122448979591836, 0.00816326530612245],
[121, 1.7563648939999992, 10855.496185586238, 0.01020408163265306, 0.0163265306122449, 0.01326530612244898],
