rank: 30, ratio of 0 vs 1: 3, lambda:8, learning_rate: 0.4
iter time objective_function precision@K = 1, 5, 10
[0,11484.180970494817, 0.0 0.01020408163265306 0.009183673469387756],
[1, 0.0138294, 11223.56628370033, 0.02040816326530612, 0.006122448979591836, 0.009183673469387756],
[2, 0.0272719, 10934.789070429664, 0.02040816326530612, 0.00816326530612245, 0.015306122448979591],
[3, 0.040391201, 10942.09497119015, 0.02040816326530612, 0.01020408163265306, 0.009183673469387756],
[4, 0.0538727, 10832.666206863178, 0.0, 0.012244897959183673, 0.01020408163265306],
[5, 0.067076899, 10901.20648759466, 0.02040816326530612, 0.00816326530612245, 0.01020408163265306],
[6, 0.079804499, 10819.117427663134, 0.01020408163265306, 0.014285714285714285, 0.012244897959183673],
[7, 0.093863499, 10864.12266562269, 0.0, 0.0163265306122449, 0.01020408163265306],
[8, 0.107386199, 10809.823730839815, 0.0, 0.00816326530612245, 0.011224489795918368],
[9, 0.12124459900000001, 10841.107157747989, 0.01020408163265306, 0.006122448979591836, 0.017346938775510204],
[10, 0.133958399, 10805.945742437048, 0.0, 0.004081632653061225, 0.006122448979591836],
[11, 0.14817159900000001, 10824.666806109308, 0.01020408163265306, 0.01020408163265306, 0.011224489795918368],
[12, 0.161930699, 10801.941615356192, 0.01020408163265306, 0.01020408163265306, 0.009183673469387756],
[13, 0.17623939900000002, 10815.441277557498, 0.0, 0.00816326530612245, 0.012244897959183673],
[14, 0.18965390000000001, 10800.731890369967, 0.0, 0.012244897959183673, 0.00816326530612245],
[15, 0.20302130000000002, 10808.15550023971, 0.02040816326530612, 0.012244897959183673, 0.009183673469387756],
[16, 0.22064830000000002, 10799.0787618472, 0.0, 0.0020408163265306124, 0.00816326530612245],
[17, 0.2331611, 10804.437662725362, 0.01020408163265306, 0.018367346938775512, 0.015306122448979591],
[18, 0.2468968, 10798.308053608753, 0.02040816326530612, 0.014285714285714285, 0.012244897959183673],
[19, 0.2607545, 10801.578088390424, 0.02040816326530612, 0.014285714285714285, 0.019387755102040816],
[20, 0.2743202, 10797.761327239872, 0.0, 0.012244897959183673, 0.009183673469387756],
[21, 0.28782650000000004, 10799.892763155427, 0.02040816326530612, 0.01020408163265306, 0.017346938775510204],
[22, 0.30183250000000006, 10797.382020699983, 0.0, 0.00816326530612245, 0.01020408163265306],
[23, 0.3306885010000001, 10798.82535888146, 0.02040816326530612, 0.014285714285714285, 0.01020408163265306],
[24, 0.34405220100000006, 10797.22034350733, 0.01020408163265306, 0.01020408163265306, 0.011224489795918368],
[25, 0.35759800100000005, 10798.057465317084, 0.01020408163265306, 0.012244897959183673, 0.014285714285714285],
[26, 0.37103300100000003, 10797.049173281586, 0.0, 0.006122448979591836, 0.006122448979591836],
[27, 0.38464720100000005, 10797.657929004135, 0.04081632653061224, 0.0163265306122449, 0.0163265306122449],
[28, 0.39811600100000005, 10796.980835515038, 0.01020408163265306, 0.012244897959183673, 0.012244897959183673],
[29, 0.4115584010000001, 10797.332845578574, 0.02040816326530612, 0.0163265306122449, 0.018367346938775512],
[30, 0.42474510100000007, 10796.92360567026, 0.0, 0.00816326530612245, 0.00816326530612245],
[31, 0.43766980200000005, 10797.151018084416, 0.01020408163265306, 0.014285714285714285, 0.012244897959183673],
[32, 0.45106620100000006, 10796.880917432432, 0.02040816326530612, 0.014285714285714285, 0.011224489795918368],
[33, 0.46436700100000006, 10797.041058749159, 0.0, 0.01020408163265306, 0.011224489795918368],
[34, 0.4759387010000001, 10796.867209517344, 0.01020408163265306, 0.006122448979591836, 0.011224489795918368],
[35, 0.48968260100000005, 10796.953370326677, 0.02040816326530612, 0.02040816326530612, 0.017346938775510204],
[36, 0.5042581020000001, 10796.849227003098, 0.01020408163265306, 0.012244897959183673, 0.01020408163265306],
[37, 0.5172995020000001, 10796.9093100285, 0.0, 0.012244897959183673, 0.01326530612244898],
[38, 0.5299755020000001, 10796.838015558928, 0.02040816326530612, 0.004081632653061225, 0.009183673469387756],
[39, 0.5438112020000001, 10796.879040145492, 0.01020408163265306, 0.012244897959183673, 0.012244897959183673],
[40, 0.5568108020000001, 10796.833474913632, 0.01020408163265306, 0.00816326530612245, 0.012244897959183673],
[41, 0.5698642020000001, 10796.857758367143, 0.01020408163265306, 0.018367346938775512, 0.011224489795918368],
[42, 0.5829526010000001, 10796.828826017696, 0.01020408163265306, 0.00816326530612245, 0.014285714285714285],
[43, 0.5961879010000001, 10796.84578064736, 0.0, 0.00816326530612245, 0.01326530612244898],
[44, 0.609916101, 10796.827360397041, 0.030612244897959183, 0.018367346938775512, 0.015306122448979591],
[45, 0.622895101, 10796.836735164792, 0.0, 0.014285714285714285, 0.009183673469387756],
[46, 0.640390401, 10796.824946429215, 0.0, 0.004081632653061225, 0.006122448979591836],
[47, 0.653368901, 10796.832044450795, 0.01020408163265306, 0.012244897959183673, 0.01326530612244898],
[48, 0.669321101, 10796.824401962747, 0.0, 0.01020408163265306, 0.012244897959183673],
[49, 0.6811807009999999, 10796.828427875751, 0.02040816326530612, 0.012244897959183673, 0.014285714285714285],
[50, 0.693906901, 10796.823599914298, 0.030612244897959183, 0.022448979591836737, 0.017346938775510204],
[51, 0.7066973999999999, 10796.826330375787, 0.02040816326530612, 0.01020408163265306, 0.01326530612244898],
[52, 0.718891899, 10796.823255507146, 0.0, 0.006122448979591836, 0.011224489795918368],
[53, 0.7336741, 10796.824989830453, 0.030612244897959183, 0.012244897959183673, 0.01326530612244898],
[54, 0.7466759, 10796.822980900133, 0.01020408163265306, 0.00816326530612245, 0.009183673469387756],
[55, 0.7600108999999999, 10796.824046162095, 0.01020408163265306, 0.012244897959183673, 0.01020408163265306],
[56, 0.7732028989999999, 10796.822808744144, 0.0, 0.00816326530612245, 0.006122448979591836],
[57, 0.7858047989999999, 10796.823503176636, 0.05102040816326531, 0.022448979591836737, 0.015306122448979591],
[58, 0.7988441989999999, 10796.822686297295, 0.01020408163265306, 0.01020408163265306, 0.00816326530612245],
[59, 0.8108271989999999, 10796.82316787301, 0.02040816326530612, 0.00816326530612245, 0.006122448979591836],
[60, 0.8239516989999999, 10796.82263006116, 0.0, 0.00816326530612245, 0.011224489795918368],
[61, 0.8376926989999999, 10796.822914131359, 0.030612244897959183, 0.0163265306122449, 0.012244897959183673],
[62, 0.8512306989999999, 10796.822588722242, 0.01020408163265306, 0.006122448979591836, 0.01020408163265306],
[63, 0.8640452, 10796.822771344843, 0.0, 0.012244897959183673, 0.009183673469387756],
[64, 1.008123399, 10796.822554982531, 0.01020408163265306, 0.024489795918367346, 0.017346938775510204],
[65, 1.0216356, 10796.822678027189, 0.02040816326530612, 0.0163265306122449, 0.01326530612244898],
[66, 1.0336528, 10796.822541573809, 0.01020408163265306, 0.0163265306122449, 0.017346938775510204],
[67, 1.047859899, 10796.822612790447, 0.0, 0.018367346938775512, 0.014285714285714285],
[68, 1.0610380990000001, 10796.822527675746, 0.01020408163265306, 0.00816326530612245, 0.01020408163265306],
[69, 1.0753016990000002, 10796.822576737326, 0.01020408163265306, 0.01020408163265306, 0.012244897959183673],
[70, 1.0887449990000002, 10796.82252023122, 0.01020408163265306, 0.0163265306122449, 0.014285714285714285],
[71, 1.1019839990000002, 10796.822552722, 0.01020408163265306, 0.00816326530612245, 0.01326530612244898],
[72, 1.1154304990000001, 10796.82251627908, 0.02040816326530612, 0.012244897959183673, 0.006122448979591836],
[73, 1.1289869000000001, 10796.822535515466, 0.0, 0.00816326530612245, 0.007142857142857143],
[74, 1.1420148, 10796.822512969207, 0.0, 0.01020408163265306, 0.01326530612244898],
[75, 1.1555908000000001, 10796.82252590535, 0.0, 0.006122448979591836, 0.01020408163265306],
[76, 1.1695597000000002, 10796.822511161205, 0.01020408163265306, 0.0163265306122449, 0.01326530612244898],
[77, 1.1827388010000002, 10796.822519036277, 0.0, 0.004081632653061225, 0.009183673469387756],
[78, 1.1982711000000001, 10796.822509675983, 0.0, 0.01020408163265306, 0.011224489795918368],
[79, 1.2116062, 10796.822515232192, 0.02040816326530612, 0.018367346938775512, 0.015306122448979591],
[80, 1.2253281, 10796.822509103918, 0.01020408163265306, 0.012244897959183673, 0.01326530612244898],
[81, 1.2404266, 10796.822512364539, 0.0, 0.01020408163265306, 0.006122448979591836],
[82, 1.2540323999999998, 10796.822508538358, 0.0, 0.01020408163265306, 0.01326530612244898],
[83, 1.2674935999999999, 10796.822510709695, 0.01020408163265306, 0.00816326530612245, 0.01020408163265306],
[84, 1.2806179999999998, 10796.822508268948, 0.02040816326530612, 0.01020408163265306, 0.00816326530612245],
[85, 1.293210399, 10796.82250955572, 0.01020408163265306, 0.01020408163265306, 0.012244897959183673],
[86, 1.3065815989999998, 10796.822507991272, 0.01020408163265306, 0.01020408163265306, 0.01020408163265306],
[87, 1.3195883999999998, 10796.822508923877, 0.0, 0.012244897959183673, 0.00816326530612245],
[88, 1.3326778999999997, 10796.822507909188, 0.0, 0.022448979591836737, 0.017346938775510204],
[89, 1.3457008999999998, 10796.82250843671, 0.01020408163265306, 0.012244897959183673, 0.01326530612244898],
[90, 1.3588685989999998, 10796.822507790679, 0.02040816326530612, 0.012244897959183673, 0.015306122448979591],
[91, 1.3720540989999999, 10796.822508178779, 0.0, 0.012244897959183673, 0.01326530612244898],
[92, 1.3852574, 10796.82250775731, 0.0, 0.006122448979591836, 0.00816326530612245],
[93, 1.3986846, 10796.82250797256, 0.030612244897959183, 0.014285714285714285, 0.01326530612244898],
[94, 1.4121721999999999, 10796.822507719804, 0.0, 0.006122448979591836, 0.01020408163265306],
[95, 1.4246401, 10796.82250786145, 0.01020408163265306, 0.014285714285714285, 0.018367346938775512],
[96, 1.4417715, 10796.822507691275, 0.01020408163265306, 0.01020408163265306, 0.007142857142857143],
[97, 1.4555932, 10796.822507790714, 0.01020408163265306, 0.014285714285714285, 0.012244897959183673],
[98, 1.4665162, 10796.822507681814, 0.01020408163265306, 0.01020408163265306, 0.007142857142857143],
[99, 1.4801083000000002, 10796.82250773907, 0.02040816326530612, 0.014285714285714285, 0.018367346938775512],
[100, 1.4934640000000001, 10796.82250767031, 0.01020408163265306, 0.004081632653061225, 0.006122448979591836],
[101, 1.5070386000000002, 10796.822507710147, 0.02040816326530612, 0.012244897959183673, 0.009183673469387756],
[102, 1.5206243990000001, 10796.822507664954, 0.0, 0.0020408163265306124, 0.00816326530612245],
[103, 1.5341246990000001, 10796.822507689916, 0.0, 0.00816326530612245, 0.01020408163265306],
[104, 1.5481117990000002, 10796.82250766206, 0.02040816326530612, 0.014285714285714285, 0.015306122448979591],
[105, 1.5684482990000002, 10796.822507676845, 0.02040816326530612, 0.012244897959183673, 0.009183673469387756],
[106, 1.581888299, 10796.822507658755, 0.0, 0.01020408163265306, 0.009183673469387756],
[107, 1.595072099, 10796.822507669434, 0.01020408163265306, 0.018367346938775512, 0.011224489795918368],
[108, 1.608369699, 10796.822507657735, 0.01020408163265306, 0.0163265306122449, 0.01326530612244898],
[109, 1.621288699, 10796.822507663888, 0.0, 0.00816326530612245, 0.006122448979591836],
[110, 1.6336657989999999, 10796.822507656434, 0.0, 0.02040816326530612, 0.01326530612244898],
[111, 1.646794999, 10796.822507660805, 0.0, 0.00816326530612245, 0.011224489795918368],
[112, 1.6588434989999998, 10796.822507655937, 0.0, 0.00816326530612245, 0.009183673469387756],
[113, 1.6716936989999998, 10796.822507658615, 0.01020408163265306, 0.012244897959183673, 0.01326530612244898],
[114, 1.6843780989999997, 10796.822507655632, 0.0, 0.00816326530612245, 0.009183673469387756],
[115, 1.6973685989999996, 10796.822507657173, 0.01020408163265306, 0.012244897959183673, 0.009183673469387756],
[116, 1.7096572979999995, 10796.822507655292, 0.0, 0.012244897959183673, 0.01020408163265306],
[117, 1.7226722979999995, 10796.822507656383, 0.0, 0.006122448979591836, 0.012244897959183673],
[118, 1.7353893979999995, 10796.822507655133, 0.030612244897959183, 0.01020408163265306, 0.012244897959183673],
[119, 1.7465901969999995, 10796.822507655836, 0.01020408163265306, 0.018367346938775512, 0.014285714285714285],
[120, 1.7597662959999996, 10796.822507655024, 0.0, 0.014285714285714285, 0.015306122448979591],
[121, 1.7729432959999996, 10796.82250765547, 0.02040816326530612, 0.00816326530612245, 0.01020408163265306],
