rank: 30, ratio of 0 vs 1: 3, lambda:12, learning_rate: 0.4
iter time objective_function precision@K = 1, 5, 10
[0,11827.134139579588, 0.0 0.01020408163265306 0.009183673469387756],
[1, 0.014168101, 11764.516732404021, 0.0, 0.00816326530612245, 0.00816326530612245],
[2, 0.0282363, 13471.955173005836, 0.02040816326530612, 0.018367346938775512, 0.018367346938775512],
[3, 0.041219399, 16318.757650150881, 0.01020408163265306, 0.006122448979591836, 0.01020408163265306],
[4, 0.054761398999999995, 19978.88539982996, 0.0, 0.00816326530612245, 0.00816326530612245],
[5, 0.06779589899999999, 21586.010675623544, 0.0, 0.0, 0.00816326530612245],
[6, 0.08249669899999999, 19300.443113345245, 0.01020408163265306, 0.018367346938775512, 0.017346938775510204],
[7, 0.095079099, 15072.030354391325, 0.0, 0.006122448979591836, 0.007142857142857143],
[8, 0.108235499, 12128.627966080647, 0.0, 0.004081632653061225, 0.011224489795918368],
[9, 0.12215379999999999, 11111.158238285854, 0.01020408163265306, 0.0020408163265306124, 0.00816326530612245],
[10, 0.1353018, 10935.60590287373, 0.0, 0.012244897959183673, 0.012244897959183673],
[11, 0.1507882, 10931.880236473311, 0.01020408163265306, 0.006122448979591836, 0.00816326530612245],
[12, 0.16508619900000002, 10903.225598186582, 0.02040816326530612, 0.014285714285714285, 0.015306122448979591],
[13, 0.17905410000000002, 10907.419615462444, 0.01020408163265306, 0.01020408163265306, 0.015306122448979591],
[14, 0.19370009900000001, 10884.591842180196, 0.02040816326530612, 0.012244897959183673, 0.009183673469387756],
[15, 0.20750969900000002, 10884.849123548609, 0.030612244897959183, 0.014285714285714285, 0.0163265306122449],
[16, 0.221320799, 10867.352752877172, 0.02040816326530612, 0.00816326530612245, 0.01020408163265306],
[17, 0.235630999, 10870.729669368446, 0.02040816326530612, 0.012244897959183673, 0.009183673469387756],
[18, 0.251392899, 10854.304238172619, 0.02040816326530612, 0.00816326530612245, 0.006122448979591836],
[19, 0.423993799, 10855.904623360502, 0.030612244897959183, 0.01020408163265306, 0.009183673469387756],
[20, 0.43845749900000003, 10841.54704655837, 0.01020408163265306, 0.01020408163265306, 0.011224489795918368],
[21, 0.45191079900000003, 10847.16559296885, 0.0, 0.004081632653061225, 0.007142857142857143],
[22, 0.465114499, 10832.613003318536, 0.030612244897959183, 0.00816326530612245, 0.01020408163265306],
[23, 0.479056199, 10837.87489957112, 0.0, 0.00816326530612245, 0.009183673469387756],
[24, 0.49314040000000003, 10823.876527305587, 0.02040816326530612, 0.014285714285714285, 0.014285714285714285],
[25, 0.5058778, 10832.027822825577, 0.01020408163265306, 0.00816326530612245, 0.009183673469387756],
[26, 0.5196604, 10819.366080487664, 0.01020408163265306, 0.006122448979591836, 0.01020408163265306],
[27, 0.533109701, 10824.72117432881, 0.01020408163265306, 0.00816326530612245, 0.012244897959183673],
[28, 0.546369502, 10814.146619127281, 0.01020408163265306, 0.0020408163265306124, 0.009183673469387756],
[29, 0.559424002, 10820.628130771312, 0.0, 0.006122448979591836, 0.009183673469387756],
[30, 0.574165001, 10811.697451613181, 0.01020408163265306, 0.014285714285714285, 0.01020408163265306],
[31, 0.588204901, 10815.217621481363, 0.0, 0.012244897959183673, 0.009183673469387756],
[32, 0.6153523, 10808.195695036133, 0.0, 0.012244897959183673, 0.011224489795918368],
[33, 0.6285052999999999, 10812.46282394697, 0.02040816326530612, 0.018367346938775512, 0.011224489795918368],
[34, 0.642620099, 10806.669118263648, 0.01020408163265306, 0.006122448979591836, 0.009183673469387756],
[35, 0.657186198, 10809.01365742711, 0.01020408163265306, 0.004081632653061225, 0.01020408163265306],
[36, 0.671590898, 10804.213762603207, 0.02040816326530612, 0.014285714285714285, 0.012244897959183673],
[37, 0.684940498, 10807.220834264223, 0.02040816326530612, 0.014285714285714285, 0.012244897959183673],
[38, 0.697555997, 10803.270774265848, 0.02040816326530612, 0.014285714285714285, 0.01326530612244898],
[39, 0.7132444960000001, 10804.829726064148, 0.02040816326530612, 0.00816326530612245, 0.01020408163265306],
[40, 0.730360596, 10801.7355009156, 0.02040816326530612, 0.014285714285714285, 0.014285714285714285],
[41, 0.743868296, 10803.652938804338, 0.02040816326530612, 0.012244897959183673, 0.012244897959183673],
[42, 0.7592748960000001, 10801.04863548298, 0.01020408163265306, 0.01020408163265306, 0.011224489795918368],
[43, 0.7725978960000001, 10802.135261931002, 0.01020408163265306, 0.012244897959183673, 0.007142857142857143],
[44, 0.787810596, 10800.028739717078, 0.02040816326530612, 0.01020408163265306, 0.009183673469387756],
[45, 0.808574796, 10801.33394365036, 0.01020408163265306, 0.014285714285714285, 0.0163265306122449],
[46, 0.821172796, 10799.610176874412, 0.01020408163265306, 0.012244897959183673, 0.00816326530612245],
[47, 0.8341508950000001, 10800.285046071569, 0.02040816326530612, 0.01020408163265306, 0.011224489795918368],
[48, 0.848122295, 10798.944286509884, 0.01020408163265306, 0.012244897959183673, 0.01326530612244898],
[49, 0.8613439940000001, 10799.768567101426, 0.02040816326530612, 0.01020408163265306, 0.01326530612244898],
[50, 0.875578994, 10798.675097280957, 0.0, 0.012244897959183673, 0.01326530612244898],
[51, 0.888477594, 10799.064450053887, 0.030612244897959183, 0.012244897959183673, 0.012244897959183673],
[52, 0.901008394, 10798.239817749643, 0.0, 0.004081632653061225, 0.01326530612244898],
[53, 0.913733294, 10798.753375765978, 0.01020408163265306, 0.014285714285714285, 0.012244897959183673],
[54, 0.9277059950000001, 10798.038205150955, 0.01020408163265306, 0.018367346938775512, 0.012244897959183673],
[55, 0.9428246950000001, 10798.297892346403, 0.01020408163265306, 0.006122448979591836, 0.007142857142857143],
[56, 0.9574263950000002, 10797.742120594541, 0.01020408163265306, 0.014285714285714285, 0.012244897959183673],
[57, 0.9700861950000002, 10798.09222949969, 0.01020408163265306, 0.01020408163265306, 0.01020408163265306],
[58, 0.9865580950000001, 10797.619265870415, 0.0, 0.01020408163265306, 0.011224489795918368],
[59, 0.9997178940000001, 10797.78804750174, 0.030612244897959183, 0.01020408163265306, 0.009183673469387756],
[60, 1.019425494, 10797.433614119955, 0.01020408163265306, 0.006122448979591836, 0.007142857142857143],
[61, 1.032052994, 10797.652389347435, 0.0, 0.004081632653061225, 0.006122448979591836],
[62, 1.0453156940000001, 10797.343644746896, 0.02040816326530612, 0.022448979591836737, 0.019387755102040816],
[63, 1.0590605940000002, 10797.457332770604, 0.01020408163265306, 0.01020408163265306, 0.011224489795918368],
[64, 1.0727487940000002, 10797.219338667817, 0.04081632653061224, 0.014285714285714285, 0.011224489795918368],
[65, 1.0865544940000003, 10797.36869270843, 0.0, 0.004081632653061225, 0.01020408163265306],
[66, 1.0996823950000003, 10797.164071938532, 0.0, 0.014285714285714285, 0.01326530612244898],
[67, 1.1125842960000003, 10797.23851507179, 0.0, 0.00816326530612245, 0.011224489795918368],
[68, 1.1256233970000002, 10797.083803373478, 0.02040816326530612, 0.0163265306122449, 0.01326530612244898],
[69, 1.1393243970000002, 10797.180008909063, 0.0, 0.014285714285714285, 0.012244897959183673],
[70, 1.1521310960000002, 10797.047550073685, 0.01020408163265306, 0.01020408163265306, 0.007142857142857143],
[71, 1.1682092960000001, 10797.094169976408, 0.02040816326530612, 0.014285714285714285, 0.012244897959183673],
[72, 1.181868496, 10796.993884239007, 0.01020408163265306, 0.00816326530612245, 0.00816326530612245],
[73, 1.1947002960000002, 10797.057651702762, 0.01020408163265306, 0.006122448979591836, 0.00816326530612245],
[74, 1.2081869960000002, 10796.96829345993, 0.0, 0.014285714285714285, 0.012244897959183673],
[75, 1.2215128970000002, 10797.001065093253, 0.0, 0.02040816326530612, 0.014285714285714285],
[76, 1.2347820970000003, 10796.934790871002, 0.04081632653061224, 0.014285714285714285, 0.01326530612244898],
[77, 1.2480441970000002, 10796.976274364404, 0.0, 0.01020408163265306, 0.011224489795918368],
[78, 1.2615247970000003, 10796.91870870813, 0.0, 0.01020408163265306, 0.01326530612244898],
[79, 1.2752749970000004, 10796.938910606339, 0.01020408163265306, 0.0163265306122449, 0.0163265306122449],
[80, 1.2892498970000004, 10796.896287630563, 0.0, 0.00816326530612245, 0.009183673469387756],
[81, 1.3027248970000003, 10796.923242538149, 0.01020408163265306, 0.00816326530612245, 0.00816326530612245],
[82, 1.3168104980000002, 10796.884828798386, 0.0, 0.014285714285714285, 0.011224489795918368],
[83, 1.3307963980000002, 10796.899211457512, 0.01020408163265306, 0.012244897959183673, 0.01020408163265306],
[84, 1.3450842980000002, 10796.870165945626, 0.0, 0.014285714285714285, 0.01326530612244898],
[85, 1.3603529980000002, 10796.888426488911, 0.030612244897959183, 0.0163265306122449, 0.014285714285714285],
[86, 1.3760703980000002, 10796.863591595402, 0.0, 0.006122448979591836, 0.006122448979591836],
[87, 1.3890978970000003, 10796.872105885397, 0.01020408163265306, 0.018367346938775512, 0.011224489795918368],
[88, 1.4031129970000003, 10796.85388635051, 0.01020408163265306, 0.00816326530612245, 0.011224489795918368],
[89, 1.4158090980000002, 10796.86552835536, 0.0, 0.014285714285714285, 0.009183673469387756],
[90, 1.4291197970000002, 10796.848973366928, 0.01020408163265306, 0.006122448979591836, 0.011224489795918368],
[91, 1.4416015970000002, 10796.855131627235, 0.030612244897959183, 0.012244897959183673, 0.009183673469387756],
[92, 1.4555739970000003, 10796.842755407044, 0.0, 0.006122448979591836, 0.00816326530612245],
[93, 1.4684219980000004, 10796.850434041595, 0.0, 0.01020408163265306, 0.007142857142857143],
[94, 1.4813929990000003, 10796.83978228226, 0.0, 0.01020408163265306, 0.009183673469387756],
[95, 1.4941876990000003, 10796.843557404161, 0.02040816326530612, 0.012244897959183673, 0.0163265306122449],
[96, 1.5072269000000003, 10796.835557509618, 0.0, 0.014285714285714285, 0.011224489795918368],
[97, 1.5206843000000003, 10796.840590409298, 0.01020408163265306, 0.01020408163265306, 0.015306122448979591],
[98, 1.5337015000000003, 10796.833568726704, 0.01020408163265306, 0.0163265306122449, 0.014285714285714285],
[99, 1.5476939000000003, 10796.836176300525, 0.01020408163265306, 0.012244897959183673, 0.01326530612244898],
[100, 1.5615058010000002, 10796.830863420797, 0.01020408163265306, 0.012244897959183673, 0.01326530612244898],
[101, 1.5878098010000004, 10796.834158693264, 0.030612244897959183, 0.014285714285714285, 0.009183673469387756],
[102, 1.6001870010000003, 10796.829558921407, 0.030612244897959183, 0.00816326530612245, 0.00816326530612245],
[103, 1.6137937010000003, 10796.831170387213, 0.01020408163265306, 0.018367346938775512, 0.014285714285714285],
[104, 1.6264359010000002, 10796.827739474405, 0.01020408163265306, 0.012244897959183673, 0.01020408163265306],
[105, 1.6395858020000003, 10796.829945839514, 0.01020408163265306, 0.006122448979591836, 0.007142857142857143],
[106, 1.6530520020000004, 10796.826876003686, 0.01020408163265306, 0.014285714285714285, 0.01020408163265306],
[107, 1.6669315020000004, 10796.827995634192, 0.01020408163265306, 0.012244897959183673, 0.012244897959183673],
[108, 1.6796871010000003, 10796.82572732018, 0.01020408163265306, 0.012244897959183673, 0.01326530612244898],
[109, 1.6923094000000003, 10796.82714649777, 0.0, 0.01020408163265306, 0.011224489795918368],
[110, 1.7044000010000002, 10796.825164533358, 0.02040816326530612, 0.012244897959183673, 0.009183673469387756],
[111, 1.7169816010000003, 10796.825862765145, 0.0, 0.006122448979591836, 0.007142857142857143],
[112, 1.7326012010000003, 10796.824382087929, 0.0, 0.012244897959183673, 0.009183673469387756],
[113, 1.7450645000000002, 10796.825323901376, 0.02040816326530612, 0.022448979591836737, 0.014285714285714285],
[114, 1.7577393000000003, 10796.824002778523, 0.01020408163265306, 0.00816326530612245, 0.011224489795918368],
[115, 1.7707257000000003, 10796.824491870355, 0.0, 0.00816326530612245, 0.012244897959183673],
[116, 1.7835766010000003, 10796.823514816775, 0.02040816326530612, 0.014285714285714285, 0.0163265306122449],
[117, 1.7961731010000002, 10796.82412135953, 0.02040816326530612, 0.006122448979591836, 0.017346938775510204],
[118, 1.8091867010000002, 10796.82327244254, 0.0, 0.006122448979591836, 0.009183673469387756],
[119, 1.8223776010000001, 10796.82357518247, 0.0, 0.01020408163265306, 0.01020408163265306],
[120, 1.8357290000000002, 10796.822931340965, 0.0, 0.004081632653061225, 0.00510204081632653],
[121, 1.8503149, 10796.823341828966, 0.01020408163265306, 0.004081632653061225, 0.007142857142857143],
