rank: 30, ratio of 0 vs 1: 3, lambda:2, learning_rate: 0.4
iter time objective_function precision@K = 1, 5, 10
[0,10969.751216867662, 0.0 0.01020408163265306 0.009183673469387756],
[1, 0.0132999, 10935.262483306145, 0.01020408163265306, 0.012244897959183673, 0.009183673469387756],
[2, 0.025199801, 10917.684995181568, 0.030612244897959183, 0.014285714285714285, 0.009183673469387756],
[3, 0.038326301, 10904.518767380465, 0.0, 0.012244897959183673, 0.011224489795918368],
[4, 0.0519474, 10894.315513396876, 0.01020408163265306, 0.006122448979591836, 0.01020408163265306],
[5, 0.065675, 10886.635495681117, 0.01020408163265306, 0.006122448979591836, 0.007142857142857143],
[6, 0.079489401, 10880.297472260521, 0.01020408163265306, 0.006122448979591836, 0.00510204081632653],
[7, 0.093343401, 10875.591038101185, 0.01020408163265306, 0.00816326530612245, 0.011224489795918368],
[8, 0.10735360000000001, 10871.54292072709, 0.01020408163265306, 0.004081632653061225, 0.00816326530612245],
[9, 0.12219690100000001, 10868.331572525987, 0.02040816326530612, 0.00816326530612245, 0.009183673469387756],
[10, 0.1363432, 10865.674388178682, 0.01020408163265306, 0.01020408163265306, 0.00816326530612245],
[11, 0.151436101, 10864.06258133111, 0.01020408163265306, 0.01020408163265306, 0.009183673469387756],
[12, 0.16547390199999998, 10862.306581691515, 0.02040816326530612, 0.01020408163265306, 0.011224489795918368],
[13, 0.18372990199999997, 10861.137568583368, 0.0, 0.01020408163265306, 0.01020408163265306],
[14, 0.19899310199999998, 10860.173408835739, 0.0, 0.01020408163265306, 0.011224489795918368],
[15, 0.21469210299999997, 10859.696044870232, 0.0, 0.01020408163265306, 0.011224489795918368],
[16, 0.23196250399999996, 10858.609249092355, 0.0, 0.01020408163265306, 0.011224489795918368],
[17, 0.24564680399999997, 10858.403657605588, 0.0, 0.01020408163265306, 0.011224489795918368],
[18, 0.26294350299999997, 10858.083886868435, 0.0, 0.01020408163265306, 0.01020408163265306],
[19, 0.27680080399999996, 10857.349477110003, 0.0, 0.01020408163265306, 0.011224489795918368],
[20, 0.29184330499999994, 10857.09462365156, 0.0, 0.01020408163265306, 0.011224489795918368],
[21, 0.30750280499999993, 10857.210256414271, 0.0, 0.01020408163265306, 0.011224489795918368],
[22, 0.32943830499999993, 10856.885544936564, 0.0, 0.01020408163265306, 0.011224489795918368],
[23, 0.3426620039999999, 10856.358272011657, 0.0, 0.01020408163265306, 0.011224489795918368],
[24, 0.3552422039999999, 10856.893398516408, 0.0, 0.01020408163265306, 0.011224489795918368],
[25, 0.3715202029999999, 10856.26526864239, 0.0, 0.01020408163265306, 0.011224489795918368],
[26, 0.3924691029999999, 10856.30367985969, 0.0, 0.01020408163265306, 0.012244897959183673],
[27, 0.41019330399999987, 10856.612952929328, 0.0, 0.01020408163265306, 0.012244897959183673],
[28, 0.4269634039999999, 10856.093124730465, 0.0, 0.01020408163265306, 0.012244897959183673],
[29, 0.4413795049999999, 10856.437886329268, 0.0, 0.01020408163265306, 0.012244897959183673],
[30, 0.4581006049999999, 10856.606498334206, 0.0, 0.01020408163265306, 0.012244897959183673],
[31, 0.47120480399999987, 10856.417086525642, 0.0, 0.01020408163265306, 0.012244897959183673],
[32, 0.48568780499999986, 10856.203742363174, 0.0, 0.01020408163265306, 0.012244897959183673],
[33, 0.5006998059999999, 10856.339716714088, 0.0, 0.01020408163265306, 0.012244897959183673],
[34, 0.5146680049999999, 10856.411876609343, 0.0, 0.01020408163265306, 0.012244897959183673],
[35, 0.5311189049999999, 10856.120304605034, 0.0, 0.01020408163265306, 0.012244897959183673],
[36, 0.5466177039999999, 10855.956866979557, 0.0, 0.01020408163265306, 0.012244897959183673],
[37, 0.5636368039999998, 10855.859759705927, 0.0, 0.01020408163265306, 0.012244897959183673],
[38, 0.5775988039999999, 10856.09242602537, 0.0, 0.01020408163265306, 0.012244897959183673],
[39, 0.5931710039999999, 10856.100882565015, 0.0, 0.01020408163265306, 0.012244897959183673],
[40, 0.6060577039999999, 10855.820601722227, 0.0, 0.01020408163265306, 0.012244897959183673],
[41, 0.619637205, 10855.930119843653, 0.0, 0.01020408163265306, 0.012244897959183673],
[42, 0.6341589049999999, 10855.88397101137, 0.0, 0.01020408163265306, 0.012244897959183673],
[43, 0.647863805, 10856.156551917333, 0.0, 0.01020408163265306, 0.012244897959183673],
[44, 0.662013404, 10856.028983285216, 0.0, 0.01020408163265306, 0.012244897959183673],
[45, 0.675046505, 10856.111114747739, 0.0, 0.01020408163265306, 0.012244897959183673],
[46, 0.688441106, 10855.953352846682, 0.0, 0.01020408163265306, 0.012244897959183673],
[47, 0.703610906, 10856.228538821453, 0.0, 0.01020408163265306, 0.012244897959183673],
[48, 0.7181455059999999, 10856.013755365657, 0.0, 0.01020408163265306, 0.012244897959183673],
[49, 0.733104205, 10856.479429316576, 0.0, 0.01020408163265306, 0.012244897959183673],
[50, 0.7465576049999999, 10856.09484410078, 0.0, 0.01020408163265306, 0.012244897959183673],
[51, 0.7610119049999999, 10856.166438655036, 0.0, 0.01020408163265306, 0.012244897959183673],
[52, 0.7768958049999999, 10855.87540372686, 0.0, 0.01020408163265306, 0.012244897959183673],
[53, 0.7910380049999999, 10856.403613966473, 0.0, 0.01020408163265306, 0.012244897959183673],
[54, 0.8043454049999998, 10856.044377846509, 0.0, 0.01020408163265306, 0.012244897959183673],
[55, 0.8184970049999999, 10856.370254086258, 0.0, 0.01020408163265306, 0.012244897959183673],
[56, 0.8348219059999998, 10856.31178179697, 0.0, 0.01020408163265306, 0.012244897959183673],
[57, 0.8491591059999999, 10856.148052609391, 0.0, 0.01020408163265306, 0.012244897959183673],
[58, 0.8628492059999999, 10856.05152545541, 0.0, 0.01020408163265306, 0.012244897959183673],
[59, 0.8774498059999999, 10855.830060785547, 0.0, 0.01020408163265306, 0.012244897959183673],
[60, 0.8917218059999998, 10856.006462974643, 0.0, 0.01020408163265306, 0.012244897959183673],
[61, 0.9057725059999998, 10856.095585049996, 0.0, 0.01020408163265306, 0.012244897959183673],
[62, 0.9200117059999998, 10855.937804089262, 0.0, 0.01020408163265306, 0.012244897959183673],
[63, 0.9532102059999998, 10856.314143342746, 0.0, 0.01020408163265306, 0.012244897959183673],
[64, 0.9714447059999999, 10855.94015148147, 0.0, 0.01020408163265306, 0.012244897959183673],
[65, 0.9849048059999999, 10856.047479361718, 0.0, 0.01020408163265306, 0.012244897959183673],
[66, 1.000889306, 10856.414416026706, 0.0, 0.01020408163265306, 0.012244897959183673],
[67, 1.0152227059999999, 10856.236421133037, 0.0, 0.01020408163265306, 0.012244897959183673],
[68, 1.0304502059999998, 10856.060199252477, 0.0, 0.01020408163265306, 0.012244897959183673],
[69, 1.0450904069999998, 10856.23248195568, 0.0, 0.01020408163265306, 0.012244897959183673],
[70, 1.0593169069999997, 10856.229079376511, 0.0, 0.01020408163265306, 0.012244897959183673],
[71, 1.0751703069999996, 10856.083360725577, 0.0, 0.01020408163265306, 0.012244897959183673],
[72, 1.0900823069999996, 10856.20794694781, 0.0, 0.01020408163265306, 0.012244897959183673],
[73, 1.1049924069999997, 10856.042763493491, 0.0, 0.01020408163265306, 0.012244897959183673],
[74, 1.1196708069999997, 10856.16801908978, 0.0, 0.01020408163265306, 0.012244897959183673],
[75, 1.1358410069999996, 10856.150243728718, 0.0, 0.01020408163265306, 0.012244897959183673],
[76, 1.1542471069999996, 10856.012961732979, 0.0, 0.01020408163265306, 0.012244897959183673],
[77, 1.1702059069999995, 10856.237228267955, 0.0, 0.01020408163265306, 0.012244897959183673],
[78, 1.1843320069999994, 10855.946232232262, 0.0, 0.01020408163265306, 0.012244897959183673],
[79, 1.1971629069999994, 10856.285550348211, 0.0, 0.01020408163265306, 0.012244897959183673],
[80, 1.2098581059999993, 10856.205821338373, 0.0, 0.01020408163265306, 0.012244897959183673],
[81, 1.2228949059999994, 10856.104063908613, 0.0, 0.01020408163265306, 0.012244897959183673],
[82, 1.2360763069999994, 10856.06813788038, 0.0, 0.01020408163265306, 0.012244897959183673],
[83, 1.2501182069999994, 10856.406853205435, 0.0, 0.01020408163265306, 0.012244897959183673],
[84, 1.2625783069999994, 10856.29025722362, 0.0, 0.01020408163265306, 0.012244897959183673],
[85, 1.2762968079999994, 10856.178522423505, 0.0, 0.01020408163265306, 0.012244897959183673],
[86, 1.2895954079999994, 10856.239997118462, 0.0, 0.01020408163265306, 0.012244897959183673],
[87, 1.3037261069999995, 10856.038889189553, 0.0, 0.01020408163265306, 0.012244897959183673],
[88, 1.3171258069999994, 10855.874837667136, 0.0, 0.01020408163265306, 0.012244897959183673],
[89, 1.3282913079999994, 10856.20071883146, 0.0, 0.01020408163265306, 0.012244897959183673],
[90, 1.3405532079999993, 10856.1840276533, 0.0, 0.01020408163265306, 0.012244897959183673],
[91, 1.3535955079999993, 10856.260441658085, 0.0, 0.01020408163265306, 0.012244897959183673],
[92, 1.3679248079999993, 10856.162403598291, 0.0, 0.01020408163265306, 0.012244897959183673],
[93, 1.3818350069999992, 10856.154260194278, 0.0, 0.01020408163265306, 0.012244897959183673],
[94, 1.3949266069999993, 10856.431280970855, 0.0, 0.01020408163265306, 0.012244897959183673],
[95, 1.4092558079999993, 10855.982531091842, 0.0, 0.01020408163265306, 0.012244897959183673],
[96, 1.4258988079999992, 10856.044288888768, 0.0, 0.01020408163265306, 0.012244897959183673],
[97, 1.4387432089999992, 10856.169410746303, 0.0, 0.01020408163265306, 0.012244897959183673],
[98, 1.4537297099999993, 10856.26649026808, 0.0, 0.01020408163265306, 0.012244897959183673],
[99, 1.4678628099999993, 10856.311751885907, 0.0, 0.01020408163265306, 0.012244897959183673],
[100, 1.4820081099999993, 10855.878548058186, 0.0, 0.01020408163265306, 0.012244897959183673],
[101, 1.4952314099999993, 10856.070434820002, 0.0, 0.01020408163265306, 0.012244897959183673],
[102, 1.5089087099999992, 10856.111294343646, 0.0, 0.01020408163265306, 0.012244897959183673],
[103, 1.5212500109999991, 10855.913449873477, 0.0, 0.01020408163265306, 0.012244897959183673],
[104, 1.615329910999999, 10856.147407989123, 0.0, 0.01020408163265306, 0.012244897959183673],
[105, 1.629350710999999, 10856.172244054358, 0.0, 0.01020408163265306, 0.012244897959183673],
[106, 1.643682810999999, 10856.054449841302, 0.0, 0.01020408163265306, 0.012244897959183673],
[107, 1.656492910999999, 10856.292163514776, 0.0, 0.01020408163265306, 0.012244897959183673],
[108, 1.669665211999999, 10856.298384390999, 0.0, 0.01020408163265306, 0.012244897959183673],
[109, 1.6824070109999991, 10856.353199422681, 0.0, 0.01020408163265306, 0.012244897959183673],
[110, 1.6970562109999991, 10856.586635370968, 0.0, 0.01020408163265306, 0.012244897959183673],
[111, 1.710411110999999, 10855.965692380705, 0.0, 0.01020408163265306, 0.012244897959183673],
[112, 1.725376910999999, 10856.0782287018, 0.0, 0.01020408163265306, 0.012244897959183673],
[113, 1.739610010999999, 10856.09402005951, 0.0, 0.01020408163265306, 0.012244897959183673],
[114, 1.753626610999999, 10856.238488573756, 0.0, 0.01020408163265306, 0.012244897959183673],
[115, 1.767091609999999, 10856.232821477772, 0.0, 0.01020408163265306, 0.012244897959183673],
[116, 1.780785909999999, 10856.056924717088, 0.0, 0.01020408163265306, 0.012244897959183673],
[117, 1.794636310999999, 10856.3868628031, 0.0, 0.01020408163265306, 0.012244897959183673],
[118, 1.807628910999999, 10855.762061118821, 0.0, 0.01020408163265306, 0.012244897959183673],
[119, 1.820925910999999, 10856.010187599639, 0.0, 0.01020408163265306, 0.012244897959183673],
[120, 1.8356879109999988, 10855.986107915858, 0.0, 0.01020408163265306, 0.012244897959183673],
[121, 1.8486013109999988, 10856.210653735108, 0.0, 0.01020408163265306, 0.012244897959183673],
