rank: 30, ratio of 0 vs 1: 3, lambda:4, learning_rate: 0.4
iter time objective_function precision@K = 1, 5, 10
[0,11141.227801410048, 0.0 0.01020408163265306 0.009183673469387756],
[1, 0.013083499, 11031.017916282382, 0.030612244897959183, 0.00816326530612245, 0.01020408163265306],
[2, 0.026897699, 10955.470781423697, 0.01020408163265306, 0.014285714285714285, 0.011224489795918368],
[3, 0.040353399, 10887.666904820555, 0.030612244897959183, 0.01020408163265306, 0.007142857142857143],
[4, 0.053393499, 10829.830311914111, 0.0, 0.004081632653061225, 0.007142857142857143],
[5, 0.06719889899999999, 10824.709821016373, 0.01020408163265306, 0.00816326530612245, 0.007142857142857143],
[6, 0.080867099, 10820.070527397946, 0.0, 0.014285714285714285, 0.011224489795918368],
[7, 0.094611699, 10819.127716046853, 0.0, 0.0, 0.0020408163265306124],
[8, 0.10730819899999999, 10815.911460974454, 0.01020408163265306, 0.006122448979591836, 0.009183673469387756],
[9, 0.12068259899999999, 10815.194783045525, 0.0, 0.00816326530612245, 0.00816326530612245],
[10, 0.134585199, 10812.456142187077, 0.01020408163265306, 0.004081632653061225, 0.00510204081632653],
[11, 0.14842909899999998, 10811.760295004013, 0.0, 0.00816326530612245, 0.007142857142857143],
[12, 0.16533009899999998, 10809.37518108426, 0.01020408163265306, 0.0163265306122449, 0.017346938775510204],
[13, 0.17683179999999998, 10808.983190488738, 0.0, 0.012244897959183673, 0.01326530612244898],
[14, 0.19087640099999997, 10807.39118241622, 0.01020408163265306, 0.012244897959183673, 0.0163265306122449],
[15, 0.20390990099999998, 10806.407190806323, 0.01020408163265306, 0.006122448979591836, 0.009183673469387756],
[16, 0.217587501, 10805.220400197206, 0.0, 0.0020408163265306124, 0.011224489795918368],
[17, 0.23096700199999998, 10804.71246492817, 0.0, 0.01020408163265306, 0.011224489795918368],
[18, 0.24469650199999998, 10803.90466423417, 0.02040816326530612, 0.014285714285714285, 0.01020408163265306],
[19, 0.257721402, 10803.159524659097, 0.030612244897959183, 0.006122448979591836, 0.01020408163265306],
[20, 0.272532801, 10802.354950862255, 0.0, 0.014285714285714285, 0.01326530612244898],
[21, 0.286549901, 10801.992481172883, 0.01020408163265306, 0.014285714285714285, 0.01020408163265306],
[22, 0.300231501, 10801.431704405846, 0.0, 0.00816326530612245, 0.009183673469387756],
[23, 0.415302701, 10801.08360837924, 0.01020408163265306, 0.014285714285714285, 0.01020408163265306],
[24, 0.428384901, 10800.393853206517, 0.02040816326530612, 0.014285714285714285, 0.01020408163265306],
[25, 0.4417508, 10800.248397176982, 0.02040816326530612, 0.006122448979591836, 0.011224489795918368],
[26, 0.4546285, 10799.847501043687, 0.0, 0.01020408163265306, 0.00816326530612245],
[27, 0.4676977, 10799.634611623791, 0.01020408163265306, 0.0163265306122449, 0.009183673469387756],
[28, 0.4811378, 10799.181518348429, 0.0, 0.006122448979591836, 0.007142857142857143],
[29, 0.4932944, 10799.052592616112, 0.01020408163265306, 0.01020408163265306, 0.01326530612244898],
[30, 0.505662499, 10798.830129826398, 0.01020408163265306, 0.01020408163265306, 0.01020408163265306],
[31, 0.5190298990000001, 10798.653509957307, 0.01020408163265306, 0.00816326530612245, 0.01020408163265306],
[32, 0.5327817990000001, 10798.39227337594, 0.030612244897959183, 0.012244897959183673, 0.012244897959183673],
[33, 0.5461387980000001, 10798.266843557944, 0.01020408163265306, 0.012244897959183673, 0.0163265306122449],
[34, 0.5593350980000001, 10798.160623998623, 0.0, 0.014285714285714285, 0.011224489795918368],
[35, 0.5730536980000002, 10798.007496598557, 0.01020408163265306, 0.01020408163265306, 0.012244897959183673],
[36, 0.5862116980000002, 10797.864752843258, 0.01020408163265306, 0.004081632653061225, 0.004081632653061225],
[37, 0.6002345990000002, 10797.77291002303, 0.01020408163265306, 0.01020408163265306, 0.011224489795918368],
[38, 0.6137299990000002, 10797.692052291512, 0.0, 0.0020408163265306124, 0.009183673469387756],
[39, 0.6276095980000003, 10797.60523853019, 0.02040816326530612, 0.0163265306122449, 0.014285714285714285],
[40, 0.6402396980000002, 10797.5084148774, 0.0, 0.01020408163265306, 0.011224489795918368],
[41, 0.6537253980000003, 10797.439415943638, 0.01020408163265306, 0.00816326530612245, 0.011224489795918368],
[42, 0.6678131980000003, 10797.397449371916, 0.030612244897959183, 0.014285714285714285, 0.012244897959183673],
[43, 0.6804490980000003, 10797.336753594878, 0.0, 0.00816326530612245, 0.009183673469387756],
[44, 0.6941696980000003, 10797.269369711166, 0.01020408163265306, 0.014285714285714285, 0.012244897959183673],
[45, 0.7075012980000003, 10797.229804329545, 0.0, 0.01020408163265306, 0.01020408163265306],
[46, 0.7212973980000003, 10797.196351712055, 0.0, 0.004081632653061225, 0.004081632653061225],
[47, 0.7337433980000002, 10797.159674261115, 0.01020408163265306, 0.00816326530612245, 0.006122448979591836],
[48, 0.7490643970000002, 10797.11832200016, 0.02040816326530612, 0.00816326530612245, 0.01326530612244898],
[49, 0.7646643960000001, 10797.086895330025, 0.0, 0.0163265306122449, 0.012244897959183673],
[50, 0.7774284960000002, 10797.069030955123, 0.01020408163265306, 0.01020408163265306, 0.011224489795918368],
[51, 0.7924633960000002, 10797.043664310466, 0.01020408163265306, 0.014285714285714285, 0.012244897959183673],
[52, 0.8057020960000002, 10797.015467404637, 0.01020408163265306, 0.00816326530612245, 0.006122448979591836],
[53, 0.8201813960000002, 10796.99679154679, 0.01020408163265306, 0.0163265306122449, 0.019387755102040816],
[54, 0.8336764960000002, 10796.982458758455, 0.030612244897959183, 0.0163265306122449, 0.011224489795918368],
[55, 0.8467693960000001, 10796.968163926786, 0.01020408163265306, 0.012244897959183673, 0.00816326530612245],
[56, 0.8603715960000001, 10796.949602633305, 0.0, 0.00816326530612245, 0.009183673469387756],
[57, 0.8743524960000001, 10796.935498168315, 0.01020408163265306, 0.004081632653061225, 0.01020408163265306],
[58, 0.8875234960000001, 10796.928418123875, 0.0, 0.006122448979591836, 0.007142857142857143],
[59, 0.9013831960000002, 10796.917556169865, 0.0, 0.014285714285714285, 0.01326530612244898],
[60, 0.9151775960000001, 10796.90517407507, 0.01020408163265306, 0.00816326530612245, 0.009183673469387756],
[61, 0.9286388950000002, 10796.89705573324, 0.01020408163265306, 0.006122448979591836, 0.01326530612244898],
[62, 0.9424166950000001, 10796.891098564343, 0.0, 0.02040816326530612, 0.022448979591836737],
[63, 0.9568997950000001, 10796.884685308725, 0.04081632653061224, 0.02040816326530612, 0.018367346938775512],
[64, 0.9878163950000001, 10796.876925971974, 0.01020408163265306, 0.012244897959183673, 0.011224489795918368],
[65, 1.000906995, 10796.870837510212, 0.02040816326530612, 0.018367346938775512, 0.018367346938775512],
[66, 1.0147254940000001, 10796.86762213748, 0.0, 0.014285714285714285, 0.01326530612244898],
[67, 1.0287948930000002, 10796.863164944723, 0.02040816326530612, 0.014285714285714285, 0.01326530612244898],
[68, 1.0419525930000002, 10796.857803925757, 0.01020408163265306, 0.006122448979591836, 0.01020408163265306],
[69, 1.0549785930000002, 10796.85422706403, 0.01020408163265306, 0.018367346938775512, 0.01326530612244898],
[70, 1.0684061930000002, 10796.851613554962, 0.030612244897959183, 0.014285714285714285, 0.0163265306122449],
[71, 1.0820991930000001, 10796.848952943234, 0.0, 0.006122448979591836, 0.011224489795918368],
[72, 1.0950279930000002, 10796.845607740861, 0.0, 0.0, 0.00816326530612245],
[73, 1.1081353930000002, 10796.8429575454, 0.02040816326530612, 0.0163265306122449, 0.011224489795918368],
[74, 1.120965793, 10796.841615374447, 0.01020408163265306, 0.00816326530612245, 0.01020408163265306],
[75, 1.133558593, 10796.839603314214, 0.0, 0.00816326530612245, 0.00816326530612245],
[76, 1.147086893, 10796.837330902967, 0.0, 0.01020408163265306, 0.012244897959183673],
[77, 1.160465892, 10796.835855469295, 0.0, 0.018367346938775512, 0.014285714285714285],
[78, 1.173276792, 10796.834717714679, 0.01020408163265306, 0.004081632653061225, 0.007142857142857143],
[79, 1.185449693, 10796.833528730163, 0.030612244897959183, 0.014285714285714285, 0.01020408163265306],
[80, 1.198548892, 10796.83208056687, 0.01020408163265306, 0.012244897959183673, 0.01326530612244898],
[81, 1.2118720920000001, 10796.830961469685, 0.01020408163265306, 0.012244897959183673, 0.009183673469387756],
[82, 1.2243531920000001, 10796.830380900768, 0.01020408163265306, 0.00816326530612245, 0.006122448979591836],
[83, 1.241178292, 10796.829527207068, 0.0, 0.004081632653061225, 0.00816326530612245],
[84, 1.253164192, 10796.828539979037, 0.01020408163265306, 0.01020408163265306, 0.011224489795918368],
[85, 1.265864992, 10796.82789583034, 0.01020408163265306, 0.01020408163265306, 0.011224489795918368],
[86, 1.278782992, 10796.82741037304, 0.01020408163265306, 0.01020408163265306, 0.009183673469387756],
[87, 1.292796791, 10796.826904862437, 0.01020408163265306, 0.014285714285714285, 0.01326530612244898],
[88, 1.30627119, 10796.826287138912, 0.01020408163265306, 0.00816326530612245, 0.011224489795918368],
[89, 1.31889529, 10796.825792741742, 0.01020408163265306, 0.01020408163265306, 0.012244897959183673],
[90, 1.3323934899999998, 10796.825549160052, 0.01020408163265306, 0.012244897959183673, 0.011224489795918368],
[91, 1.34617339, 10796.825183922325, 0.01020408163265306, 0.024489795918367346, 0.024489795918367346],
[92, 1.35925309, 10796.824752802939, 0.02040816326530612, 0.018367346938775512, 0.01326530612244898],
[93, 1.37221479, 10796.824475560634, 0.030612244897959183, 0.022448979591836737, 0.014285714285714285],
[94, 1.3856400899999999, 10796.824272566662, 0.01020408163265306, 0.006122448979591836, 0.007142857142857143],
[95, 1.3996009909999998, 10796.824047021382, 0.01020408163265306, 0.014285714285714285, 0.014285714285714285],
[96, 1.4135158919999997, 10796.823785100949, 0.01020408163265306, 0.00816326530612245, 0.01326530612244898],
[97, 1.4265392919999997, 10796.823579403226, 0.02040816326530612, 0.014285714285714285, 0.011224489795918368],
[98, 1.4401517909999997, 10796.823461848931, 0.01020408163265306, 0.00816326530612245, 0.01020408163265306],
[99, 1.4532659909999996, 10796.823309869145, 0.01020408163265306, 0.014285714285714285, 0.01020408163265306],
[100, 1.4662346919999996, 10796.823127098054, 0.030612244897959183, 0.02040816326530612, 0.019387755102040816],
[101, 1.4783008929999997, 10796.823004027137, 0.02040816326530612, 0.014285714285714285, 0.01020408163265306],
[102, 1.4924550939999996, 10796.82291837476, 0.02040816326530612, 0.012244897959183673, 0.01326530612244898],
[103, 1.5057481939999997, 10796.82282432918, 0.01020408163265306, 0.0163265306122449, 0.01326530612244898],
[104, 1.5192593939999997, 10796.822705605486, 0.0, 0.00816326530612245, 0.011224489795918368],
[105, 1.5460879939999996, 10796.822618662982, 0.02040816326530612, 0.014285714285714285, 0.012244897959183673],
[106, 1.5596384929999996, 10796.822571243187, 0.01020408163265306, 0.018367346938775512, 0.0163265306122449],
[107, 1.5722210929999996, 10796.822502829109, 0.030612244897959183, 0.012244897959183673, 0.01020408163265306],
[108, 1.5854996929999996, 10796.822426030747, 0.01020408163265306, 0.012244897959183673, 0.01326530612244898],
[109, 1.5988640929999995, 10796.822371456694, 0.01020408163265306, 0.00816326530612245, 0.007142857142857143],
[110, 1.6103755929999994, 10796.822335686998, 0.01020408163265306, 0.01020408163265306, 0.01020408163265306],
[111, 1.6234936929999995, 10796.822294257448, 0.01020408163265306, 0.01020408163265306, 0.012244897959183673],
[112, 1.6361187929999994, 10796.822243178163, 0.01020408163265306, 0.0163265306122449, 0.012244897959183673],
[113, 1.6489886929999995, 10796.822207015248, 0.0, 0.02040816326530612, 0.017346938775510204],
[114, 1.6614527929999996, 10796.822184936515, 0.0, 0.00816326530612245, 0.009183673469387756],
[115, 1.6745471919999997, 10796.822156970647, 0.02040816326530612, 0.012244897959183673, 0.015306122448979591],
[116, 1.6886284919999996, 10796.822123624392, 0.0, 0.014285714285714285, 0.01020408163265306],
[117, 1.7019049919999996, 10796.82209913943, 0.02040816326530612, 0.012244897959183673, 0.012244897959183673],
[118, 1.7143608919999995, 10796.822084375044, 0.0, 0.006122448979591836, 0.00816326530612245],
[119, 1.7275975929999996, 10796.822066719706, 0.0, 0.012244897959183673, 0.011224489795918368],
[120, 1.7406280929999995, 10796.822044640669, 0.0, 0.00816326530612245, 0.007142857142857143],
[121, 1.7537017929999996, 10796.82202900168, 0.02040816326530612, 0.00816326530612245, 0.01326530612244898],
