rank: 30, ratio of 0 vs 1: 3, lambda:6, learning_rate: 0.4
iter time objective_function precision@K = 1, 5, 10
[0,11312.704385952433, 0.0 0.01020408163265306 0.009183673469387756],
[1, 0.013234999, 11112.456473221007, 0.01020408163265306, 0.012244897959183673, 0.011224489795918368],
[2, 0.026171898, 10920.782247220483, 0.0, 0.006122448979591836, 0.009183673469387756],
[3, 0.039194498, 10845.955766182518, 0.0, 0.012244897959183673, 0.012244897959183673],
[4, 0.052109898, 10889.00643320252, 0.0, 0.004081632653061225, 0.007142857142857143],
[5, 0.065502298, 10832.41996785857, 0.01020408163265306, 0.004081632653061225, 0.004081632653061225],
[6, 0.078182699, 10874.973317092443, 0.04081632653061224, 0.018367346938775512, 0.015306122448979591],
[7, 0.091837199, 10823.712026966288, 0.04081632653061224, 0.01020408163265306, 0.009183673469387756],
[8, 0.1052313, 10861.920254205117, 0.02040816326530612, 0.0163265306122449, 0.012244897959183673],
[9, 0.11887249999999999, 10817.725170426054, 0.01020408163265306, 0.014285714285714285, 0.012244897959183673],
[10, 0.1316784, 10850.524766002107, 0.0, 0.006122448979591836, 0.01326530612244898],
[11, 0.144606199, 10813.543493981555, 0.02040816326530612, 0.012244897959183673, 0.009183673469387756],
[12, 0.15859979899999999, 10840.786756951595, 0.01020408163265306, 0.01020408163265306, 0.015306122448979591],
[13, 0.171393299, 10809.762605805467, 0.02040816326530612, 0.024489795918367346, 0.018367346938775512],
[14, 0.184529699, 10833.225491191988, 0.0, 0.014285714285714285, 0.01326530612244898],
[15, 0.198068798, 10807.31960327439, 0.02040816326530612, 0.00816326530612245, 0.009183673469387756],
[16, 0.210577998, 10826.223559477095, 0.01020408163265306, 0.018367346938775512, 0.012244897959183673],
[17, 0.223073098, 10804.988186193135, 0.01020408163265306, 0.018367346938775512, 0.012244897959183673],
[18, 0.235768697, 10821.034684991995, 0.0, 0.014285714285714285, 0.01020408163265306],
[19, 0.249687897, 10803.630466276118, 0.02040816326530612, 0.00816326530612245, 0.01020408163265306],
[20, 0.262813097, 10816.284978344009, 0.01020408163265306, 0.00816326530612245, 0.011224489795918368],
[21, 0.275744397, 10802.032288325447, 0.02040816326530612, 0.018367346938775512, 0.01326530612244898],
[22, 0.288727497, 10812.92998025626, 0.0, 0.012244897959183673, 0.015306122448979591],
[23, 0.301665797, 10801.262126347265, 0.01020408163265306, 0.00816326530612245, 0.007142857142857143],
[24, 0.31397229600000004, 10809.597664803237, 0.030612244897959183, 0.014285714285714285, 0.011224489795918368],
[25, 0.326824596, 10800.273585484869, 0.0, 0.004081632653061225, 0.011224489795918368],
[26, 0.340795697, 10807.343854044853, 0.01020408163265306, 0.012244897959183673, 0.011224489795918368],
[27, 0.353252397, 10799.789833845845, 0.0, 0.01020408163265306, 0.01326530612244898],
[28, 0.365860797, 10805.171011176684, 0.0, 0.0163265306122449, 0.011224489795918368],
[29, 0.378691196, 10799.076972766123, 0.01020408163265306, 0.00816326530612245, 0.009183673469387756],
[30, 0.391072596, 10803.806383608293, 0.01020408163265306, 0.0163265306122449, 0.017346938775510204],
[31, 0.404699197, 10798.745108861274, 0.01020408163265306, 0.0163265306122449, 0.014285714285714285],
[32, 0.416962697, 10802.30825866013, 0.01020408163265306, 0.012244897959183673, 0.017346938775510204],
[33, 0.430636296, 10798.310867076585, 0.01020408163265306, 0.014285714285714285, 0.011224489795918368],
[34, 0.44422719699999996, 10801.380911764803, 0.030612244897959183, 0.012244897959183673, 0.01020408163265306],
[35, 0.457182198, 10798.104509283463, 0.01020408163265306, 0.014285714285714285, 0.014285714285714285],
[36, 0.470326298, 10800.416653387188, 0.0, 0.00816326530612245, 0.006122448979591836],
[37, 0.483649098, 10797.79762141503, 0.01020408163265306, 0.014285714285714285, 0.01020408163265306],
[38, 0.503243198, 10799.814252270718, 0.01020408163265306, 0.012244897959183673, 0.01020408163265306],
[39, 0.516069798, 10797.660753386266, 0.030612244897959183, 0.014285714285714285, 0.01326530612244898],
[40, 0.531377498, 10799.175258315016, 0.0, 0.012244897959183673, 0.012244897959183673],
[41, 0.543929898, 10797.473890794574, 0.02040816326530612, 0.018367346938775512, 0.011224489795918368],
[42, 0.556655099, 10798.772367996506, 0.02040816326530612, 0.00816326530612245, 0.01020408163265306],
[43, 0.569606399, 10797.387095438407, 0.01020408163265306, 0.00816326530612245, 0.009183673469387756],
[44, 0.582461898, 10798.363746280342, 0.01020408163265306, 0.00816326530612245, 0.01020408163265306],
[45, 0.594838098, 10797.248012770853, 0.01020408163265306, 0.006122448979591836, 0.011224489795918368],
[46, 0.607644199, 10798.109917455784, 0.030612244897959183, 0.012244897959183673, 0.01326530612244898],
[47, 0.621529399, 10797.177895153862, 0.01020408163265306, 0.012244897959183673, 0.01020408163265306],
[48, 0.634414299, 10797.843951185743, 0.02040816326530612, 0.012244897959183673, 0.009183673469387756],
[49, 0.647042299, 10797.096483886407, 0.01020408163265306, 0.01020408163265306, 0.01020408163265306],
[50, 0.660247699, 10797.671319716039, 0.01020408163265306, 0.006122448979591836, 0.007142857142857143],
[51, 0.674992598, 10797.059093952672, 0.0, 0.00816326530612245, 0.009183673469387756],
[52, 0.687106098, 10797.49126709379, 0.02040816326530612, 0.018367346938775512, 0.014285714285714285],
[53, 0.7002504979999999, 10797.001292601293, 0.0, 0.006122448979591836, 0.006122448979591836],
[54, 0.713158297, 10797.380322451669, 0.0, 0.00816326530612245, 0.00816326530612245],
[55, 0.726269597, 10796.975708672304, 0.0, 0.00816326530612245, 0.011224489795918368],
[56, 0.7395787970000001, 10797.261926738076, 0.02040816326530612, 0.00816326530612245, 0.01020408163265306],
[57, 0.752957198, 10796.93972686221, 0.0, 0.004081632653061225, 0.01326530612244898],
[58, 0.7658925980000001, 10797.187021233396, 0.02040816326530612, 0.006122448979591836, 0.007142857142857143],
[59, 0.7781840990000001, 10796.924550275815, 0.0, 0.01020408163265306, 0.01326530612244898],
[60, 0.791372398, 10797.109754533618, 0.0, 0.01020408163265306, 0.01020408163265306],
[61, 0.8043148990000001, 10796.899083380917, 0.01020408163265306, 0.01020408163265306, 0.00816326530612245],
[62, 0.8182907990000001, 10797.06182525311, 0.01020408163265306, 0.0163265306122449, 0.0163265306122449],
[63, 0.8309295000000001, 10796.888550454718, 0.0, 0.012244897959183673, 0.009183673469387756],
[64, 0.8437695010000001, 10797.011524560425, 0.02040816326530612, 0.018367346938775512, 0.0163265306122449],
[65, 0.8569880000000002, 10796.872070429294, 0.01020408163265306, 0.00816326530612245, 0.00816326530612245],
[66, 0.8697958000000002, 10796.97906215396, 0.030612244897959183, 0.014285714285714285, 0.018367346938775512],
[67, 0.8834370000000002, 10796.865924584985, 0.0, 0.004081632653061225, 0.01326530612244898],
[68, 0.8969783000000002, 10796.946243021333, 0.0, 0.01020408163265306, 0.01326530612244898],
[69, 0.9107658990000003, 10796.855021008792, 0.01020408163265306, 0.012244897959183673, 0.01326530612244898],
[70, 0.9231656990000002, 10796.924994433773, 0.02040816326530612, 0.012244897959183673, 0.01326530612244898],
[71, 0.9358631990000003, 10796.850670018135, 0.0, 0.012244897959183673, 0.01326530612244898],
[72, 0.9489259000000002, 10796.9033213045, 0.01020408163265306, 0.014285714285714285, 0.00816326530612245],
[73, 0.9637176000000002, 10796.843504038854, 0.01020408163265306, 0.004081632653061225, 0.003061224489795918],
[74, 0.9765773990000002, 10796.889574142468, 0.01020408163265306, 0.0163265306122449, 0.015306122448979591],
[75, 0.9902297990000002, 10796.840882408327, 0.02040816326530612, 0.022448979591836737, 0.014285714285714285],
[76, 1.0034856990000003, 10796.875319213694, 0.01020408163265306, 0.01020408163265306, 0.012244897959183673],
[77, 1.0167354990000004, 10796.836020703779, 0.0, 0.01020408163265306, 0.01020408163265306],
[78, 1.0293971990000004, 10796.866361219782, 0.01020408163265306, 0.01020408163265306, 0.01326530612244898],
[79, 1.0586767000000004, 10796.834176792605, 0.0, 0.00816326530612245, 0.00816326530612245],
[80, 1.0713446990000004, 10796.856939680474, 0.02040816326530612, 0.018367346938775512, 0.0163265306122449],
[81, 1.0838732990000004, 10796.831271015115, 0.0, 0.006122448979591836, 0.00816326530612245],
[82, 1.0965996000000005, 10796.850928056194, 0.030612244897959183, 0.00816326530612245, 0.01020408163265306],
[83, 1.1106181000000004, 10796.829991441542, 0.01020408163265306, 0.00816326530612245, 0.007142857142857143],
[84, 1.1230728990000003, 10796.844869578692, 0.0, 0.004081632653061225, 0.011224489795918368],
[85, 1.1361319990000003, 10796.827929752155, 0.01020408163265306, 0.018367346938775512, 0.012244897959183673],
[86, 1.1493153990000002, 10796.840987444972, 0.01020408163265306, 0.00816326530612245, 0.011224489795918368],
[87, 1.1618771000000003, 10796.82721148888, 0.0, 0.00816326530612245, 0.01020408163265306],
[88, 1.1745849990000004, 10796.836944103168, 0.01020408163265306, 0.014285714285714285, 0.014285714285714285],
[89, 1.1880588980000004, 10796.825879411977, 0.0, 0.006122448979591836, 0.01020408163265306],
[90, 1.2006210970000004, 10796.834388274563, 0.030612244897959183, 0.018367346938775512, 0.012244897959183673],
[91, 1.2125018970000003, 10796.825320377657, 0.0, 0.0020408163265306124, 0.00510204081632653],
[92, 1.2248967970000004, 10796.83175994293, 0.0, 0.006122448979591836, 0.00816326530612245],
[93, 1.2377172970000003, 10796.824482400545, 0.02040816326530612, 0.0163265306122449, 0.01326530612244898],
[94, 1.2515111970000004, 10796.830057404013, 0.01020408163265306, 0.012244897959183673, 0.01020408163265306],
[95, 1.2658737970000002, 10796.824144899252, 0.0, 0.00816326530612245, 0.01020408163265306],
[96, 1.2791023980000003, 10796.828347621393, 0.0, 0.004081632653061225, 0.01020408163265306],
[97, 1.2916914980000003, 10796.823571385505, 0.0, 0.0020408163265306124, 0.00816326530612245],
[98, 1.3033456980000002, 10796.827248193908, 0.0, 0.012244897959183673, 0.01020408163265306],
[99, 1.3160209980000002, 10796.82334738601, 0.0, 0.004081632653061225, 0.009183673469387756],
[100, 1.3302061980000002, 10796.826104522503, 0.01020408163265306, 0.01020408163265306, 0.01326530612244898],
[101, 1.3428658980000001, 10796.82297035212, 0.01020408163265306, 0.006122448979591836, 0.00816326530612245],
[102, 1.355479898, 10796.82537893206, 0.0, 0.01020408163265306, 0.01326530612244898],
[103, 1.368364798, 10796.822836448899, 0.0, 0.006122448979591836, 0.009183673469387756],
[104, 1.382300198, 10796.824637604659, 0.01020408163265306, 0.01020408163265306, 0.015306122448979591],
[105, 1.394435997, 10796.82258772578, 0.01020408163265306, 0.01020408163265306, 0.007142857142857143],
[106, 1.407238397, 10796.824164898975, 0.0, 0.00816326530612245, 0.011224489795918368],
[107, 1.419492896, 10796.822483198339, 0.0, 0.006122448979591836, 0.006122448979591836],
[108, 1.431846996, 10796.823677984983, 0.01020408163265306, 0.012244897959183673, 0.012244897959183673],
[109, 1.444006696, 10796.8223252089, 0.0, 0.00816326530612245, 0.006122448979591836],
[110, 1.456416695, 10796.823364425009, 0.01020408163265306, 0.0163265306122449, 0.01326530612244898],
[111, 1.469393096, 10796.822269173279, 0.0, 0.004081632653061225, 0.007142857142857143],
[112, 1.4819521949999999, 10796.8230410756, 0.030612244897959183, 0.01020408163265306, 0.01020408163265306],
[113, 1.4949705949999998, 10796.822161858867, 0.01020408163265306, 0.004081632653061225, 0.00510204081632653],
[114, 1.5089706939999998, 10796.82283971966, 0.0, 0.0163265306122449, 0.0163265306122449],
[115, 1.5227788939999998, 10796.822115688297, 0.0, 0.00816326530612245, 0.01020408163265306],
[116, 1.5356910939999997, 10796.822632385585, 0.0, 0.014285714285714285, 0.0163265306122449],
[117, 1.5485029939999997, 10796.822047217653, 0.01020408163265306, 0.00816326530612245, 0.00510204081632653],
[118, 1.5618328949999998, 10796.822495594988, 0.05102040816326531, 0.02040816326530612, 0.02040816326530612],
[119, 1.5744922939999997, 10796.822024981999, 0.01020408163265306, 0.01020408163265306, 0.009183673469387756],
[120, 1.6788960939999997, 10796.822355831178, 0.0, 0.006122448979591836, 0.006122448979591836],
[121, 1.6914214949999997, 10796.821977643152, 0.0, 0.01020408163265306, 0.011224489795918368],
