rank: 30, ratio of 0 vs 1: 3, lambda:8, learning_rate: 0.4
iter time objective_function precision@K = 1, 5, 10
[0,11484.180970494817, 0.0 0.01020408163265306 0.009183673469387756],
[1, 0.01308, 11223.56628370033, 0.02040816326530612, 0.006122448979591836, 0.009183673469387756],
[2, 0.0269141, 10996.144365029406, 0.01020408163265306, 0.012244897959183673, 0.015306122448979591],
[3, 0.0409583, 11025.709734891569, 0.030612244897959183, 0.00816326530612245, 0.012244897959183673],
[4, 0.055043199, 10870.485832986433, 0.0, 0.012244897959183673, 0.009183673469387756],
[5, 0.067884398, 10956.48718632006, 0.0, 0.012244897959183673, 0.01020408163265306],
[6, 0.081395099, 10839.094538923764, 0.0, 0.012244897959183673, 0.01326530612244898],
[7, 0.09511739899999999, 10937.15345503455, 0.01020408163265306, 0.01020408163265306, 0.01020408163265306],
[8, 0.10939149899999999, 10822.569118776075, 0.02040816326530612, 0.0163265306122449, 0.01326530612244898],
[9, 0.12292929899999999, 10918.577380285555, 0.01020408163265306, 0.00816326530612245, 0.01020408163265306],
[10, 0.136145899, 10813.652947401804, 0.02040816326530612, 0.014285714285714285, 0.01020408163265306],
[11, 0.149376499, 10899.273101947765, 0.0, 0.006122448979591836, 0.00816326530612245],
[12, 0.163837899, 10807.317929922076, 0.01020408163265306, 0.0163265306122449, 0.015306122448979591],
[13, 0.1776642, 10882.849971854976, 0.02040816326530612, 0.018367346938775512, 0.0163265306122449],
[14, 0.1919438, 10804.436971556668, 0.01020408163265306, 0.01020408163265306, 0.01020408163265306],
[15, 0.2056692, 10867.351797179075, 0.01020408163265306, 0.01020408163265306, 0.009183673469387756],
[16, 0.2210702, 10801.821642604882, 0.02040816326530612, 0.014285714285714285, 0.01020408163265306],
[17, 0.2346017, 10855.100476335432, 0.01020408163265306, 0.012244897959183673, 0.007142857142857143],
[18, 0.2481851, 10800.813235339856, 0.0, 0.0020408163265306124, 0.009183673469387756],
[19, 0.262185, 10844.076646768317, 0.01020408163265306, 0.012244897959183673, 0.015306122448979591],
[20, 0.2763138, 10799.778262256463, 0.01020408163265306, 0.01020408163265306, 0.01020408163265306],
[21, 0.289578601, 10835.371161865218, 0.01020408163265306, 0.01020408163265306, 0.009183673469387756],
[22, 0.3027915, 10799.256418669775, 0.04081632653061224, 0.0163265306122449, 0.01020408163265306],
[23, 0.3167398, 10828.004831915121, 0.01020408163265306, 0.00816326530612245, 0.015306122448979591],
[24, 0.33060500000000004, 10798.535262584972, 0.030612244897959183, 0.014285714285714285, 0.014285714285714285],
[25, 0.34458760000000005, 10822.337709772473, 0.0, 0.018367346938775512, 0.01326530612244898],
[26, 0.35847640000000003, 10798.31505179496, 0.01020408163265306, 0.014285714285714285, 0.01020408163265306],
[27, 0.38474810000000004, 10817.383862429895, 0.02040816326530612, 0.01020408163265306, 0.012244897959183673],
[28, 0.39843680100000006, 10797.84106927739, 0.02040816326530612, 0.018367346938775512, 0.014285714285714285],
[29, 0.4103646020000001, 10813.667253830945, 0.0, 0.004081632653061225, 0.00816326530612245],
[30, 0.42369770200000006, 10797.720401905293, 0.01020408163265306, 0.006122448979591836, 0.009183673469387756],
[31, 0.4371025030000001, 10810.39338468955, 0.01020408163265306, 0.006122448979591836, 0.011224489795918368],
[32, 0.4509738040000001, 10797.510551187039, 0.0, 0.01020408163265306, 0.011224489795918368],
[33, 0.4633841040000001, 10807.853874545155, 0.02040816326530612, 0.012244897959183673, 0.01020408163265306],
[34, 0.4765884040000001, 10797.416008063403, 0.01020408163265306, 0.006122448979591836, 0.009183673469387756],
[35, 0.48977680400000007, 10805.721400027174, 0.04081632653061224, 0.014285714285714285, 0.012244897959183673],
[36, 0.5024194040000001, 10797.261781192467, 0.030612244897959183, 0.0163265306122449, 0.015306122448979591],
[37, 0.515691105, 10804.071794273934, 0.02040816326530612, 0.01020408163265306, 0.01020408163265306],
[38, 0.528878405, 10797.209747524825, 0.02040816326530612, 0.012244897959183673, 0.015306122448979591],
[39, 0.5423882040000001, 10802.662749148005, 0.01020408163265306, 0.004081632653061225, 0.01020408163265306],
[40, 0.5559210030000001, 10797.108677698101, 0.02040816326530612, 0.00816326530612245, 0.012244897959183673],
[41, 0.5700794030000002, 10801.580331016097, 0.0, 0.014285714285714285, 0.01020408163265306],
[42, 0.5837850030000001, 10797.084635023506, 0.01020408163265306, 0.006122448979591836, 0.01020408163265306],
[43, 0.5969767020000001, 10800.645775963347, 0.02040816326530612, 0.01020408163265306, 0.01326530612244898],
[44, 0.6111760010000001, 10797.00762441594, 0.01020408163265306, 0.01020408163265306, 0.007142857142857143],
[45, 0.6248652010000001, 10799.946287366985, 0.01020408163265306, 0.018367346938775512, 0.01326530612244898],
[46, 0.638239301, 10796.991047550411, 0.0, 0.014285714285714285, 0.015306122448979591],
[47, 0.6519427, 10799.333916286765, 0.0, 0.014285714285714285, 0.01020408163265306],
[48, 0.6656113, 10796.948700202745, 0.01020408163265306, 0.01020408163265306, 0.012244897959183673],
[49, 0.6792944, 10798.866821998763, 0.0, 0.00816326530612245, 0.01326530612244898],
[50, 0.6923704989999999, 10796.933364217282, 0.0, 0.004081632653061225, 0.01020408163265306],
[51, 0.7066044989999999, 10798.469505001915, 0.030612244897959183, 0.014285714285714285, 0.01326530612244898],
[52, 0.7206506989999999, 10796.902108557828, 0.0, 0.012244897959183673, 0.01326530612244898],
[53, 0.7344292979999999, 10798.166509684796, 0.01020408163265306, 0.01020408163265306, 0.007142857142857143],
[54, 0.7478452979999999, 10796.895091861568, 0.02040816326530612, 0.01020408163265306, 0.011224489795918368],
[55, 0.7617020979999999, 10797.902789168236, 0.02040816326530612, 0.012244897959183673, 0.015306122448979591],
[56, 0.7756783969999999, 10796.87496121088, 0.0, 0.006122448979591836, 0.007142857142857143],
[57, 0.7888008969999999, 10797.703616363138, 0.0, 0.006122448979591836, 0.01326530612244898],
[58, 0.8025045969999999, 10796.869846231048, 0.02040816326530612, 0.006122448979591836, 0.006122448979591836],
[59, 0.8157360969999998, 10797.53109929548, 0.0, 0.00816326530612245, 0.009183673469387756],
[60, 0.8289393969999999, 10796.856805075571, 0.0, 0.00816326530612245, 0.01020408163265306],
[61, 0.8424699969999998, 10797.400260441616, 0.01020408163265306, 0.01020408163265306, 0.012244897959183673],
[62, 0.8548975979999998, 10796.853732910211, 0.02040816326530612, 0.012244897959183673, 0.01020408163265306],
[63, 0.8688174979999997, 10797.2867876108, 0.0, 0.004081632653061225, 0.004081632653061225],
[64, 0.8822133979999998, 10796.844889730623, 0.0, 0.012244897959183673, 0.01326530612244898],
[65, 0.8960454979999998, 10797.201228927503, 0.01020408163265306, 0.006122448979591836, 0.01020408163265306],
[66, 0.9098479989999998, 10796.84217632626, 0.0, 0.00816326530612245, 0.01020408163265306],
[67, 0.9240016979999998, 10797.127476339725, 0.030612244897959183, 0.02653061224489796, 0.0163265306122449],
[68, 1.0690680979999998, 10796.836931861808, 0.0, 0.018367346938775512, 0.0163265306122449],
[69, 1.0824531979999998, 10797.070785722877, 0.01020408163265306, 0.018367346938775512, 0.015306122448979591],
[70, 1.096200299, 10796.835425384308, 0.030612244897959183, 0.012244897959183673, 0.012244897959183673],
[71, 1.109132799, 10797.022122148217, 0.01020408163265306, 0.02040816326530612, 0.014285714285714285],
[72, 1.122706298, 10796.83161497284, 0.04081632653061224, 0.024489795918367346, 0.018367346938775512],
[73, 1.136142697, 10796.985296489442, 0.0, 0.0, 0.00816326530612245],
[74, 1.1497138969999998, 10796.83094444998, 0.01020408163265306, 0.006122448979591836, 0.007142857142857143],
[75, 1.1625671969999998, 10796.953051629975, 0.030612244897959183, 0.022448979591836737, 0.019387755102040816],
[76, 1.1755181959999998, 10796.828539351567, 0.030612244897959183, 0.018367346938775512, 0.0163265306122449],
[77, 1.189659597, 10796.92879484108, 0.02040816326530612, 0.012244897959183673, 0.011224489795918368],
[78, 1.202388597, 10796.827519885535, 0.01020408163265306, 0.01020408163265306, 0.01020408163265306],
[79, 1.2161653979999998, 10796.908218435365, 0.01020408163265306, 0.006122448979591836, 0.007142857142857143],
[80, 1.2310521979999998, 10796.825908917695, 0.0, 0.012244897959183673, 0.007142857142857143],
[81, 1.2446058979999997, 10796.892336566158, 0.030612244897959183, 0.02040816326530612, 0.012244897959183673],
[82, 1.2560196979999996, 10796.82569715156, 0.02040816326530612, 0.01020408163265306, 0.00816326530612245],
[83, 1.2684819989999996, 10796.878379302481, 0.05102040816326531, 0.022448979591836737, 0.02040816326530612],
[84, 1.2811936989999997, 10796.82473920778, 0.05102040816326531, 0.024489795918367346, 0.015306122448979591],
[85, 1.2935910989999997, 10796.86786024173, 0.0, 0.0020408163265306124, 0.004081632653061225],
[86, 1.3065232989999997, 10796.824322022507, 0.0, 0.004081632653061225, 0.007142857142857143],
[87, 1.3198848989999998, 10796.858981180701, 0.02040816326530612, 0.0163265306122449, 0.015306122448979591],
[88, 1.3335538989999998, 10796.823542496779, 0.02040816326530612, 0.018367346938775512, 0.01326530612244898],
[89, 1.3465810989999998, 10796.852230637212, 0.04081632653061224, 0.012244897959183673, 0.012244897959183673],
[90, 1.3604645989999997, 10796.823525177419, 0.01020408163265306, 0.01020408163265306, 0.017346938775510204],
[91, 1.3735018989999996, 10796.846148716473, 0.01020408163265306, 0.014285714285714285, 0.01326530612244898],
[92, 1.3871188989999996, 10796.823133844671, 0.04081632653061224, 0.012244897959183673, 0.011224489795918368],
[93, 1.4003133989999996, 10796.841599470466, 0.0, 0.00816326530612245, 0.006122448979591836],
[94, 1.4137111989999995, 10796.822888197465, 0.0, 0.006122448979591836, 0.01020408163265306],
[95, 1.4273000989999995, 10796.83784333037, 0.02040816326530612, 0.0163265306122449, 0.014285714285714285],
[96, 1.4403677979999996, 10796.822590763535, 0.01020408163265306, 0.006122448979591836, 0.00816326530612245],
[97, 1.4541471979999996, 10796.834899373736, 0.01020408163265306, 0.012244897959183673, 0.011224489795918368],
[98, 1.4674985979999995, 10796.822555675535, 0.01020408163265306, 0.01020408163265306, 0.011224489795918368],
[99, 1.4800728979999995, 10796.832308841855, 0.01020408163265306, 0.012244897959183673, 0.011224489795918368],
[100, 1.4928313979999994, 10796.8223579322, 0.0, 0.00816326530612245, 0.01020408163265306],
[101, 1.5058800989999994, 10796.830379894393, 0.02040816326530612, 0.0163265306122449, 0.011224489795918368],
[102, 1.5182726979999994, 10796.822300920943, 0.030612244897959183, 0.0163265306122449, 0.011224489795918368],
[103, 1.5309623979999993, 10796.82871429661, 0.0, 0.00816326530612245, 0.011224489795918368],
[104, 1.5443025979999994, 10796.822174503188, 0.030612244897959183, 0.0163265306122449, 0.015306122448979591],
[105, 1.5572398969999994, 10796.827445395014, 0.0, 0.006122448979591836, 0.011224489795918368],
[106, 1.5713308969999995, 10796.822138535486, 0.01020408163265306, 0.006122448979591836, 0.00816326530612245],
[107, 1.5854608979999996, 10796.826351151252, 0.01020408163265306, 0.006122448979591836, 0.01020408163265306],
[108, 1.5994533979999996, 10796.82206099193, 0.0, 0.004081632653061225, 0.006122448979591836],
[109, 1.6293586979999997, 10796.82551321566, 0.0, 0.014285714285714285, 0.01326530612244898],
[110, 1.6427065979999997, 10796.822038781373, 0.02040816326530612, 0.01020408163265306, 0.007142857142857143],
[111, 1.6565044979999997, 10796.824793882259, 0.02040816326530612, 0.018367346938775512, 0.01326530612244898],
[112, 1.6734936969999996, 10796.821978603506, 0.0, 0.006122448979591836, 0.0163265306122449],
[113, 1.6872913969999996, 10796.824253415538, 0.01020408163265306, 0.00816326530612245, 0.011224489795918368],
[114, 1.7005108969999996, 10796.821965438812, 0.01020408163265306, 0.006122448979591836, 0.009183673469387756],
[115, 1.7135533969999996, 10796.823780056442, 0.0, 0.006122448979591836, 0.011224489795918368],
[116, 1.7255231979999996, 10796.821933013505, 0.0, 0.012244897959183673, 0.012244897959183673],
[117, 1.7390810969999997, 10796.823418398337, 0.0, 0.006122448979591836, 0.009183673469387756],
[118, 1.7528170969999997, 10796.821922092924, 0.01020408163265306, 0.012244897959183673, 0.01020408163265306],
[119, 1.7663680979999996, 10796.82311011354, 0.0, 0.014285714285714285, 0.0163265306122449],
[120, 1.7798530989999997, 10796.821898490954, 0.0, 0.004081632653061225, 0.007142857142857143],
[121, 1.7934856989999997, 10796.82287515427, 0.01020408163265306, 0.00816326530612245, 0.00510204081632653],
