rank: 30, ratio of 0 vs 1: 3, lambda:4, learning_rate: 0.4
iter time objective_function precision@K = 1, 5, 10
[0,11141.227801410048, 0.0 0.01020408163265306 0.009183673469387756],
[1, 0.0131589, 11031.017916282382, 0.030612244897959183, 0.00816326530612245, 0.01020408163265306],
[2, 0.0261237, 10965.60366028661, 0.0, 0.014285714285714285, 0.011224489795918368],
[3, 0.0392973, 10917.921463414681, 0.0, 0.01020408163265306, 0.014285714285714285],
[4, 0.0537366, 10882.450073698124, 0.0, 0.0020408163265306124, 0.007142857142857143],
[5, 0.067385799, 10855.986143363365, 0.0, 0.006122448979591836, 0.007142857142857143],
[6, 0.081138699, 10836.619241508171, 0.0, 0.0020408163265306124, 0.007142857142857143],
[7, 0.094644099, 10824.833231188535, 0.0, 0.0020408163265306124, 0.006122448979591836],
[8, 0.1088058, 10816.48202679091, 0.0, 0.004081632653061225, 0.00510204081632653],
[9, 0.12300790099999999, 10811.286928541595, 0.0, 0.004081632653061225, 0.00510204081632653],
[10, 0.13684560199999998, 10808.052776217404, 0.0, 0.004081632653061225, 0.006122448979591836],
[11, 0.150322202, 10805.575211252484, 0.0, 0.0020408163265306124, 0.004081632653061225],
[12, 0.163684802, 10804.299407545655, 0.01020408163265306, 0.004081632653061225, 0.009183673469387756],
[13, 0.177269202, 10802.838986788496, 0.01020408163265306, 0.0020408163265306124, 0.006122448979591836],
[14, 0.190445702, 10802.236337526596, 0.01020408163265306, 0.004081632653061225, 0.007142857142857143],
[15, 0.203838002, 10801.516520365583, 0.01020408163265306, 0.006122448979591836, 0.006122448979591836],
[16, 0.224777002, 10801.148769377902, 0.01020408163265306, 0.006122448979591836, 0.00510204081632653],
[17, 0.340871802, 10800.75779628579, 0.01020408163265306, 0.006122448979591836, 0.00816326530612245],
[18, 0.354180502, 10800.620267121532, 0.01020408163265306, 0.006122448979591836, 0.006122448979591836],
[19, 0.367824302, 10800.389411747106, 0.01020408163265306, 0.006122448979591836, 0.006122448979591836],
[20, 0.380396802, 10800.284521521438, 0.01020408163265306, 0.00816326530612245, 0.007142857142857143],
[21, 0.393420002, 10800.173208072487, 0.01020408163265306, 0.00816326530612245, 0.006122448979591836],
[22, 0.405656902, 10800.119102221053, 0.01020408163265306, 0.00816326530612245, 0.00816326530612245],
[23, 0.41858630199999997, 10800.04832076758, 0.01020408163265306, 0.00816326530612245, 0.00816326530612245],
[24, 0.431509102, 10800.022291440655, 0.01020408163265306, 0.00816326530612245, 0.00816326530612245],
[25, 0.446531902, 10799.97986755685, 0.01020408163265306, 0.00816326530612245, 0.007142857142857143],
[26, 0.45919090199999996, 10799.962915256925, 0.01020408163265306, 0.00816326530612245, 0.007142857142857143],
[27, 0.472614002, 10799.946147454693, 0.01020408163265306, 0.00816326530612245, 0.00816326530612245],
[28, 0.485988602, 10799.933693167726, 0.01020408163265306, 0.00816326530612245, 0.00816326530612245],
[29, 0.499852103, 10799.924219817358, 0.01020408163265306, 0.00816326530612245, 0.00816326530612245],
[30, 0.513437202, 10799.922305488783, 0.01020408163265306, 0.00816326530612245, 0.00816326530612245],
[31, 0.526765703, 10799.910299174862, 0.01020408163265306, 0.00816326530612245, 0.00816326530612245],
[32, 0.540790003, 10799.90887160787, 0.01020408163265306, 0.00816326530612245, 0.00816326530612245],
[33, 0.553645902, 10799.908814152986, 0.01020408163265306, 0.00816326530612245, 0.00816326530612245],
[34, 0.567881901, 10799.904129173547, 0.01020408163265306, 0.00816326530612245, 0.00816326530612245],
[35, 0.581549301, 10799.902602225688, 0.01020408163265306, 0.00816326530612245, 0.00816326530612245],
[36, 0.594801302, 10799.89838073231, 0.01020408163265306, 0.00816326530612245, 0.00816326530612245],
[37, 0.6076450010000001, 10799.895520672086, 0.01020408163265306, 0.00816326530612245, 0.00816326530612245],
[38, 0.6213184, 10799.900324859385, 0.01020408163265306, 0.00816326530612245, 0.00816326530612245],
[39, 0.6344369000000001, 10799.900093833507, 0.01020408163265306, 0.00816326530612245, 0.00816326530612245],
[40, 0.6476930000000001, 10799.898099886768, 0.01020408163265306, 0.00816326530612245, 0.00816326530612245],
[41, 0.6602034000000001, 10799.896503074158, 0.01020408163265306, 0.00816326530612245, 0.00816326530612245],
[42, 0.6726747990000002, 10799.895665831937, 0.01020408163265306, 0.00816326530612245, 0.00816326530612245],
[43, 0.6861820980000002, 10799.899937602768, 0.01020408163265306, 0.00816326530612245, 0.00816326530612245],
[44, 0.6996390980000002, 10799.894019048468, 0.01020408163265306, 0.00816326530612245, 0.00816326530612245],
[45, 0.7128574980000002, 10799.896009181206, 0.01020408163265306, 0.00816326530612245, 0.00816326530612245],
[46, 0.7265160980000002, 10799.896906262653, 0.01020408163265306, 0.00816326530612245, 0.00816326530612245],
[47, 0.7398892980000001, 10799.89667607636, 0.01020408163265306, 0.00816326530612245, 0.00816326530612245],
[48, 0.7537223970000001, 10799.901014623321, 0.01020408163265306, 0.00816326530612245, 0.00816326530612245],
[49, 0.7669976970000001, 10799.898371706755, 0.01020408163265306, 0.00816326530612245, 0.00816326530612245],
[50, 0.7811157980000001, 10799.896482457798, 0.01020408163265306, 0.00816326530612245, 0.00816326530612245],
[51, 0.795008098, 10799.897793215821, 0.01020408163265306, 0.00816326530612245, 0.00816326530612245],
[52, 0.8135294980000001, 10799.897419589197, 0.01020408163265306, 0.00816326530612245, 0.00816326530612245],
[53, 0.8281217980000001, 10799.90189033995, 0.01020408163265306, 0.00816326530612245, 0.00816326530612245],
[54, 0.841906499, 10799.895249572653, 0.01020408163265306, 0.00816326530612245, 0.00816326530612245],
[55, 0.855728999, 10799.897211675645, 0.01020408163265306, 0.00816326530612245, 0.00816326530612245],
[56, 0.869642099, 10799.899964684764, 0.01020408163265306, 0.00816326530612245, 0.00816326530612245],
[57, 0.882661598, 10799.896146335494, 0.01020408163265306, 0.00816326530612245, 0.00816326530612245],
[58, 0.911408399, 10799.896542336617, 0.01020408163265306, 0.00816326530612245, 0.00816326530612245],
[59, 0.924433499, 10799.891610034427, 0.01020408163265306, 0.00816326530612245, 0.00816326530612245],
[60, 0.9375859000000001, 10799.89663755548, 0.01020408163265306, 0.00816326530612245, 0.00816326530612245],
[61, 0.9527743000000001, 10799.899148098357, 0.01020408163265306, 0.00816326530612245, 0.00816326530612245],
[62, 0.9669257010000001, 10799.89821427475, 0.01020408163265306, 0.00816326530612245, 0.00816326530612245],
[63, 0.9798577010000001, 10799.899423668943, 0.01020408163265306, 0.00816326530612245, 0.00816326530612245],
[64, 0.9932100010000001, 10799.896021307457, 0.01020408163265306, 0.00816326530612245, 0.00816326530612245],
[65, 1.0066146020000002, 10799.893230963457, 0.01020408163265306, 0.00816326530612245, 0.00816326530612245],
[66, 1.0200557020000003, 10799.90057285559, 0.01020408163265306, 0.00816326530612245, 0.00816326530612245],
[67, 1.0335901020000002, 10799.897997327733, 0.01020408163265306, 0.00816326530612245, 0.00816326530612245],
[68, 1.0471840020000003, 10799.895876795073, 0.01020408163265306, 0.00816326530612245, 0.00816326530612245],
[69, 1.0620582020000002, 10799.895926043788, 0.01020408163265306, 0.00816326530612245, 0.00816326530612245],
[70, 1.0761098020000002, 10799.902688572402, 0.01020408163265306, 0.00816326530612245, 0.00816326530612245],
[71, 1.0879577020000002, 10799.895315498412, 0.01020408163265306, 0.00816326530612245, 0.00816326530612245],
[72, 1.1008425020000001, 10799.895407469205, 0.01020408163265306, 0.00816326530612245, 0.00816326530612245],
[73, 1.1134675010000001, 10799.899209879839, 0.01020408163265306, 0.00816326530612245, 0.00816326530612245],
[74, 1.1272009010000001, 10799.899735857938, 0.01020408163265306, 0.00816326530612245, 0.00816326530612245],
[75, 1.1403126010000002, 10799.898103109923, 0.01020408163265306, 0.00816326530612245, 0.00816326530612245],
[76, 1.1540745020000003, 10799.894874410984, 0.01020408163265306, 0.00816326530612245, 0.00816326530612245],
[77, 1.1686930020000004, 10799.898048237817, 0.01020408163265306, 0.00816326530612245, 0.00816326530612245],
[78, 1.1823761020000003, 10799.89790524, 0.01020408163265306, 0.00816326530612245, 0.00816326530612245],
[79, 1.1959397020000002, 10799.898520285573, 0.01020408163265306, 0.00816326530612245, 0.00816326530612245],
[80, 1.208573703, 10799.89949661092, 0.01020408163265306, 0.00816326530612245, 0.00816326530612245],
[81, 1.220948804, 10799.899266931025, 0.01020408163265306, 0.00816326530612245, 0.00816326530612245],
[82, 1.234020104, 10799.900631740078, 0.01020408163265306, 0.00816326530612245, 0.00816326530612245],
[83, 1.2470763040000001, 10799.900894842005, 0.01020408163265306, 0.00816326530612245, 0.00816326530612245],
[84, 1.2599453040000002, 10799.899631885843, 0.01020408163265306, 0.00816326530612245, 0.00816326530612245],
[85, 1.2739656040000003, 10799.900494153173, 0.01020408163265306, 0.00816326530612245, 0.00816326530612245],
[86, 1.2882436040000003, 10799.896791688529, 0.01020408163265306, 0.00816326530612245, 0.00816326530612245],
[87, 1.3006292040000003, 10799.898544137313, 0.01020408163265306, 0.00816326530612245, 0.00816326530612245],
[88, 1.3162636050000003, 10799.893399053733, 0.01020408163265306, 0.00816326530612245, 0.00816326530612245],
[89, 1.3304240050000002, 10799.899863575443, 0.01020408163265306, 0.00816326530612245, 0.00816326530612245],
[90, 1.3443336050000003, 10799.896742335999, 0.01020408163265306, 0.00816326530612245, 0.00816326530612245],
[91, 1.3578425050000003, 10799.900511109883, 0.01020408163265306, 0.00816326530612245, 0.00816326530612245],
[92, 1.3715127050000002, 10799.896860254783, 0.01020408163265306, 0.00816326530612245, 0.00816326530612245],
[93, 1.3863435050000001, 10799.900179559683, 0.01020408163265306, 0.00816326530612245, 0.00816326530612245],
[94, 1.399961006, 10799.897327637267, 0.01020408163265306, 0.00816326530612245, 0.00816326530612245],
[95, 1.411530807, 10799.897687900171, 0.01020408163265306, 0.00816326530612245, 0.00816326530612245],
[96, 1.4248662070000002, 10799.899766979335, 0.01020408163265306, 0.00816326530612245, 0.00816326530612245],
[97, 1.4388097070000003, 10799.901617655285, 0.01020408163265306, 0.00816326530612245, 0.00816326530612245],
[98, 1.4528071080000002, 10799.896871353525, 0.01020408163265306, 0.00816326530612245, 0.00816326530612245],
[99, 1.5602780080000003, 10799.899619709491, 0.01020408163265306, 0.00816326530612245, 0.00816326530612245],
[100, 1.5739672070000004, 10799.8973998692, 0.01020408163265306, 0.00816326530612245, 0.00816326530612245],
[101, 1.5883813070000004, 10799.895228785765, 0.01020408163265306, 0.00816326530612245, 0.00816326530612245],
[102, 1.6015617080000004, 10799.896205719213, 0.01020408163265306, 0.00816326530612245, 0.00816326530612245],
[103, 1.6152486080000004, 10799.893668045997, 0.01020408163265306, 0.00816326530612245, 0.00816326530612245],
[104, 1.6287056070000003, 10799.898889498172, 0.01020408163265306, 0.00816326530612245, 0.00816326530612245],
[105, 1.6412450060000003, 10799.898248441705, 0.01020408163265306, 0.00816326530612245, 0.00816326530612245],
[106, 1.6588199060000004, 10799.897889879681, 0.01020408163265306, 0.00816326530612245, 0.00816326530612245],
[107, 1.6719419060000005, 10799.89664758734, 0.01020408163265306, 0.00816326530612245, 0.00816326530612245],
[108, 1.6853417060000004, 10799.900418412499, 0.01020408163265306, 0.00816326530612245, 0.00816326530612245],
[109, 1.6983815060000005, 10799.896248555677, 0.01020408163265306, 0.00816326530612245, 0.00816326530612245],
[110, 1.7100331060000005, 10799.897911004158, 0.01020408163265306, 0.00816326530612245, 0.00816326530612245],
[111, 1.7235121060000005, 10799.898400464153, 0.01020408163265306, 0.00816326530612245, 0.00816326530612245],
[112, 1.7359863060000005, 10799.895523905909, 0.01020408163265306, 0.00816326530612245, 0.00816326530612245],
[113, 1.7491460060000006, 10799.894437689383, 0.01020408163265306, 0.00816326530612245, 0.00816326530612245],
[114, 1.7626620060000007, 10799.89921452688, 0.01020408163265306, 0.00816326530612245, 0.00816326530612245],
[115, 1.7760524060000007, 10799.895850800951, 0.01020408163265306, 0.00816326530612245, 0.00816326530612245],
[116, 1.7891738060000006, 10799.893710955123, 0.01020408163265306, 0.00816326530612245, 0.00816326530612245],
[117, 1.8017486060000008, 10799.89736116648, 0.01020408163265306, 0.00816326530612245, 0.00816326530612245],
[118, 1.8147576050000007, 10799.893595748472, 0.01020408163265306, 0.00816326530612245, 0.00816326530612245],
[119, 1.8270182050000008, 10799.89782261468, 0.01020408163265306, 0.00816326530612245, 0.00816326530612245],
[120, 1.8400579050000008, 10799.896434102864, 0.01020408163265306, 0.00816326530612245, 0.00816326530612245],
[121, 1.8531813050000008, 10799.897773838977, 0.01020408163265306, 0.00816326530612245, 0.00816326530612245],
