rank: 30, ratio of 0 vs 1: 3, lambda:1, learning_rate: 0.4
iter time objective_function precision@K = 1, 5, 10
[0,10884.01292459647, 0.0 0.01020408163265306 0.009183673469387756],
[1, 0.0155122, 10869.741470528814, 0.01020408163265306, 0.01020408163265306, 0.01020408163265306],
[2, 0.029239, 10861.474716696028, 0.030612244897959183, 0.012244897959183673, 0.01020408163265306],
[3, 0.0436736, 10854.466166114196, 0.0, 0.006122448979591836, 0.00816326530612245],
[4, 0.057791099, 10848.463476134288, 0.01020408163265306, 0.00816326530612245, 0.011224489795918368],
[5, 0.072464899, 10843.42278454514, 0.01020408163265306, 0.01020408163265306, 0.00816326530612245],
[6, 0.086774699, 10837.664466586895, 0.0, 0.01020408163265306, 0.012244897959183673],
[7, 0.100482399, 10833.91879492941, 0.02040816326530612, 0.01020408163265306, 0.011224489795918368],
[8, 0.114682599, 10828.985648220149, 0.0, 0.012244897959183673, 0.012244897959183673],
[9, 0.129193699, 10823.745812451984, 0.01020408163265306, 0.0163265306122449, 0.012244897959183673],
[10, 0.143273098, 10820.215228284462, 0.01020408163265306, 0.0163265306122449, 0.015306122448979591],
[11, 0.15695099799999998, 10817.497700827516, 0.01020408163265306, 0.018367346938775512, 0.015306122448979591],
[12, 0.17114519899999997, 10813.289264052497, 0.02040816326530612, 0.0163265306122449, 0.014285714285714285],
[13, 0.18550539899999996, 10809.921354860891, 0.02040816326530612, 0.014285714285714285, 0.011224489795918368],
[14, 0.19948719899999995, 10806.757974406766, 0.02040816326530612, 0.014285714285714285, 0.01326530612244898],
[15, 0.21394979899999994, 10807.444380425948, 0.02040816326530612, 0.0163265306122449, 0.012244897959183673],
[16, 0.22710359899999993, 10800.160518747298, 0.02040816326530612, 0.018367346938775512, 0.011224489795918368],
[17, 0.30802109999999994, 10800.964396392976, 0.02040816326530612, 0.0163265306122449, 0.01326530612244898],
[18, 0.3220739999999999, 10800.06336736394, 0.02040816326530612, 0.018367346938775512, 0.012244897959183673],
[19, 0.3359745009999999, 10794.53057036007, 0.02040816326530612, 0.0163265306122449, 0.015306122448979591],
[20, 0.34825379999999995, 10792.804100979954, 0.02040816326530612, 0.022448979591836737, 0.015306122448979591],
[21, 0.3623701, 10792.928015678239, 0.02040816326530612, 0.02040816326530612, 0.015306122448979591],
[22, 0.3769787, 10790.76133181121, 0.02040816326530612, 0.022448979591836737, 0.015306122448979591],
[23, 0.391073, 10786.384877758615, 0.02040816326530612, 0.02040816326530612, 0.014285714285714285],
[24, 0.4045344, 10790.271861862237, 0.02040816326530612, 0.018367346938775512, 0.0163265306122449],
[25, 0.4186038, 10784.859190306292, 0.02040816326530612, 0.018367346938775512, 0.015306122448979591],
[26, 0.432499901, 10787.233891369957, 0.02040816326530612, 0.02040816326530612, 0.0163265306122449],
[27, 0.44570060100000003, 10786.202306125486, 0.02040816326530612, 0.02040816326530612, 0.0163265306122449],
[28, 0.459675502, 10783.335541980301, 0.02040816326530612, 0.018367346938775512, 0.0163265306122449],
[29, 0.47369310200000003, 10784.484563644992, 0.02040816326530612, 0.02040816326530612, 0.017346938775510204],
[30, 0.48745180200000005, 10788.286322276488, 0.02040816326530612, 0.018367346938775512, 0.017346938775510204],
[31, 0.5012499020000001, 10784.909426620978, 0.02040816326530612, 0.018367346938775512, 0.017346938775510204],
[32, 0.5151113020000001, 10782.805711269435, 0.02040816326530612, 0.018367346938775512, 0.017346938775510204],
[33, 0.529207602, 10783.566733765994, 0.02040816326530612, 0.018367346938775512, 0.017346938775510204],
[34, 0.542843403, 10784.881395324164, 0.02040816326530612, 0.018367346938775512, 0.018367346938775512],
[35, 0.556920503, 10780.553939870491, 0.02040816326530612, 0.02040816326530612, 0.018367346938775512],
[36, 0.5717033029999999, 10778.720275042726, 0.02040816326530612, 0.018367346938775512, 0.018367346938775512],
[37, 0.5862862029999999, 10778.301073258519, 0.02040816326530612, 0.018367346938775512, 0.018367346938775512],
[38, 0.6004247019999999, 10780.794552659403, 0.02040816326530612, 0.02040816326530612, 0.018367346938775512],
[39, 0.6145740019999999, 10779.241682117505, 0.02040816326530612, 0.02040816326530612, 0.018367346938775512],
[40, 0.630310902, 10778.413381982718, 0.02040816326530612, 0.018367346938775512, 0.018367346938775512],
[41, 0.6440572019999999, 10778.844043256446, 0.02040816326530612, 0.018367346938775512, 0.018367346938775512],
[42, 0.6581901019999999, 10778.139412407347, 0.02040816326530612, 0.02040816326530612, 0.018367346938775512],
[43, 0.6730311019999999, 10779.24941871944, 0.02040816326530612, 0.02040816326530612, 0.018367346938775512],
[44, 0.6880508009999999, 10779.446886759684, 0.02040816326530612, 0.02040816326530612, 0.018367346938775512],
[45, 0.702636901, 10780.082111818143, 0.02040816326530612, 0.02040816326530612, 0.018367346938775512],
[46, 0.716030201, 10778.174152556192, 0.02040816326530612, 0.02040816326530612, 0.018367346938775512],
[47, 0.730000702, 10781.07786701836, 0.02040816326530612, 0.02040816326530612, 0.018367346938775512],
[48, 0.744550502, 10777.213989748776, 0.02040816326530612, 0.02040816326530612, 0.018367346938775512],
[49, 0.758260403, 10782.435465160708, 0.02040816326530612, 0.02040816326530612, 0.018367346938775512],
[50, 0.7724617039999999, 10778.326226656885, 0.02040816326530612, 0.02040816326530612, 0.018367346938775512],
[51, 0.7872365039999999, 10780.524181487723, 0.02040816326530612, 0.02040816326530612, 0.018367346938775512],
[52, 0.8015738029999999, 10777.25779484878, 0.02040816326530612, 0.02040816326530612, 0.018367346938775512],
[53, 0.8150449029999999, 10779.458408890385, 0.02040816326530612, 0.02040816326530612, 0.018367346938775512],
[54, 0.8291359029999998, 10779.801109614316, 0.02040816326530612, 0.02040816326530612, 0.018367346938775512],
[55, 0.8431083019999999, 10778.848736350968, 0.02040816326530612, 0.02040816326530612, 0.018367346938775512],
[56, 0.8569875019999998, 10779.451855182935, 0.02040816326530612, 0.02040816326530612, 0.018367346938775512],
[57, 0.8713867019999998, 10779.186714023099, 0.02040816326530612, 0.02040816326530612, 0.017346938775510204],
[58, 0.9006297029999998, 10778.86318046509, 0.02040816326530612, 0.02040816326530612, 0.017346938775510204],
[59, 0.9143803039999998, 10777.711983245521, 0.02040816326530612, 0.02040816326530612, 0.017346938775510204],
[60, 0.9279639039999998, 10777.169986839484, 0.02040816326530612, 0.02040816326530612, 0.017346938775510204],
[61, 0.9422965039999999, 10779.732755414107, 0.02040816326530612, 0.02040816326530612, 0.017346938775510204],
[62, 0.9564855039999999, 10776.472798345909, 0.02040816326530612, 0.02040816326530612, 0.017346938775510204],
[63, 0.9707285039999999, 10780.603725346911, 0.02040816326530612, 0.02040816326530612, 0.017346938775510204],
[64, 0.9845055039999999, 10776.853790924572, 0.02040816326530612, 0.02040816326530612, 0.017346938775510204],
[65, 0.998632204, 10777.80607657627, 0.02040816326530612, 0.02040816326530612, 0.017346938775510204],
[66, 1.012310903, 10780.459718957125, 0.02040816326530612, 0.02040816326530612, 0.017346938775510204],
[67, 1.0259287019999999, 10780.012686815282, 0.02040816326530612, 0.02040816326530612, 0.017346938775510204],
[68, 1.040602503, 10779.314759107085, 0.02040816326530612, 0.02040816326530612, 0.017346938775510204],
[69, 1.0549964029999999, 10780.826726092004, 0.02040816326530612, 0.02040816326530612, 0.017346938775510204],
[70, 1.0691440039999998, 10777.855353354793, 0.02040816326530612, 0.02040816326530612, 0.017346938775510204],
[71, 1.0843118049999998, 10777.060334724874, 0.02040816326530612, 0.02040816326530612, 0.017346938775510204],
[72, 1.0980346049999998, 10779.551235253117, 0.02040816326530612, 0.02040816326530612, 0.017346938775510204],
[73, 1.1121692049999998, 10778.843234243814, 0.02040816326530612, 0.02040816326530612, 0.017346938775510204],
[74, 1.1257859059999997, 10778.404916499747, 0.02040816326530612, 0.02040816326530612, 0.017346938775510204],
[75, 1.1403843059999996, 10778.886684895118, 0.02040816326530612, 0.02040816326530612, 0.017346938775510204],
[76, 1.1543625059999996, 10779.375193117121, 0.02040816326530612, 0.02040816326530612, 0.017346938775510204],
[77, 1.1688425059999996, 10780.019493624426, 0.02040816326530612, 0.02040816326530612, 0.017346938775510204],
[78, 1.1828336059999995, 10776.130087586225, 0.02040816326530612, 0.02040816326530612, 0.017346938775510204],
[79, 1.1975774049999994, 10778.696794292975, 0.02040816326530612, 0.02040816326530612, 0.017346938775510204],
[80, 1.2121153059999994, 10778.138014904483, 0.02040816326530612, 0.02040816326530612, 0.017346938775510204],
[81, 1.2261043059999994, 10778.816890854658, 0.02040816326530612, 0.02040816326530612, 0.017346938775510204],
[82, 1.2408443059999994, 10778.632199383916, 0.02040816326530612, 0.02040816326530612, 0.017346938775510204],
[83, 1.2547367069999995, 10779.293412924904, 0.02040816326530612, 0.02040816326530612, 0.017346938775510204],
[84, 1.2689433069999996, 10779.758571230777, 0.02040816326530612, 0.02040816326530612, 0.017346938775510204],
[85, 1.2826129079999995, 10778.159801081894, 0.02040816326530612, 0.02040816326530612, 0.017346938775510204],
[86, 1.2965344079999994, 10780.873648630348, 0.02040816326530612, 0.02040816326530612, 0.017346938775510204],
[87, 1.3104850079999995, 10778.333495666539, 0.02040816326530612, 0.02040816326530612, 0.017346938775510204],
[88, 1.3243653079999995, 10776.010167464025, 0.02040816326530612, 0.02040816326530612, 0.017346938775510204],
[89, 1.3383597089999995, 10779.227302907037, 0.02040816326530612, 0.02040816326530612, 0.017346938775510204],
[90, 1.3531995089999995, 10777.544538239486, 0.02040816326530612, 0.02040816326530612, 0.017346938775510204],
[91, 1.3682991089999996, 10779.396931162, 0.02040816326530612, 0.02040816326530612, 0.017346938775510204],
[92, 1.3838444089999997, 10777.454668877876, 0.02040816326530612, 0.02040816326530612, 0.017346938775510204],
[93, 1.3980159079999996, 10778.949866775241, 0.02040816326530612, 0.02040816326530612, 0.017346938775510204],
[94, 1.4121343079999997, 10782.91439466155, 0.02040816326530612, 0.02040816326530612, 0.017346938775510204],
[95, 1.4263202079999997, 10777.950835018668, 0.02040816326530612, 0.02040816326530612, 0.017346938775510204],
[96, 1.4406881079999998, 10776.733892149226, 0.02040816326530612, 0.02040816326530612, 0.017346938775510204],
[97, 1.4552342079999998, 10777.443502518736, 0.02040816326530612, 0.02040816326530612, 0.017346938775510204],
[98, 1.4695410079999998, 10779.286255046862, 0.02040816326530612, 0.02040816326530612, 0.017346938775510204],
[99, 1.5380591079999997, 10778.450070760728, 0.02040816326530612, 0.02040816326530612, 0.017346938775510204],
[100, 1.5515318089999997, 10779.35835875474, 0.02040816326530612, 0.02040816326530612, 0.017346938775510204],
[101, 1.5645256089999997, 10777.957284324768, 0.02040816326530612, 0.02040816326530612, 0.017346938775510204],
[102, 1.5788979089999997, 10777.848293456213, 0.02040816326530612, 0.02040816326530612, 0.017346938775510204],
[103, 1.5927393089999997, 10777.198934013242, 0.02040816326530612, 0.02040816326530612, 0.017346938775510204],
[104, 1.6069801089999998, 10779.257297649683, 0.02040816326530612, 0.02040816326530612, 0.017346938775510204],
[105, 1.6206742079999998, 10779.461055863541, 0.02040816326530612, 0.02040816326530612, 0.017346938775510204],
[106, 1.6342502089999997, 10776.309609990887, 0.02040816326530612, 0.02040816326530612, 0.017346938775510204],
[107, 1.6480339089999998, 10778.914130518253, 0.02040816326530612, 0.02040816326530612, 0.017346938775510204],
[108, 1.6617312089999998, 10780.66727994552, 0.02040816326530612, 0.02040816326530612, 0.017346938775510204],
[109, 1.6762536089999998, 10780.391826866806, 0.02040816326530612, 0.02040816326530612, 0.017346938775510204],
[110, 1.6898779089999998, 10782.947672462216, 0.02040816326530612, 0.02040816326530612, 0.017346938775510204],
[111, 1.7033073079999999, 10775.44154930864, 0.02040816326530612, 0.02040816326530612, 0.017346938775510204],
[112, 1.7158872069999997, 10777.878356061447, 0.02040816326530612, 0.02040816326530612, 0.017346938775510204],
[113, 1.7293000069999998, 10777.114425246695, 0.02040816326530612, 0.02040816326530612, 0.017346938775510204],
[114, 1.7431767059999999, 10777.733397523005, 0.02040816326530612, 0.02040816326530612, 0.017346938775510204],
[115, 1.755945006, 10779.835269343634, 0.02040816326530612, 0.02040816326530612, 0.017346938775510204],
[116, 1.769620606, 10777.033966053243, 0.02040816326530612, 0.02040816326530612, 0.017346938775510204],
[117, 1.783387206, 10779.055026279717, 0.02040816326530612, 0.02040816326530612, 0.017346938775510204],
[118, 1.797608505, 10774.302546633537, 0.02040816326530612, 0.02040816326530612, 0.017346938775510204],
[119, 1.8110863039999998, 10775.990833270605, 0.02040816326530612, 0.02040816326530612, 0.017346938775510204],
[120, 1.824872304, 10776.243677476294, 0.02040816326530612, 0.02040816326530612, 0.017346938775510204],
[121, 1.839210303, 10779.266339110969, 0.02040816326530612, 0.02040816326530612, 0.017346938775510204],
