rank: 30, ratio of 0 vs 1: 3, lambda:6, learning_rate: 0.4
iter time objective_function precision@K = 1, 5, 10
[0,11312.704385952433, 0.0 0.01020408163265306 0.009183673469387756],
[1, 0.0144184, 11112.456473221007, 0.01020408163265306, 0.012244897959183673, 0.011224489795918368],
[2, 0.0280353, 10926.478836327049, 0.0, 0.006122448979591836, 0.00816326530612245],
[3, 0.041342399, 10832.264230717758, 0.01020408163265306, 0.018367346938775512, 0.012244897959183673],
[4, 0.0542786, 10880.037303578523, 0.01020408163265306, 0.01020408163265306, 0.012244897959183673],
[5, 0.066817101, 10817.72296428459, 0.0, 0.006122448979591836, 0.00816326530612245],
[6, 0.079788101, 10861.310251464733, 0.0, 0.00816326530612245, 0.01020408163265306],
[7, 0.093281502, 10809.994235999844, 0.01020408163265306, 0.012244897959183673, 0.00816326530612245],
[8, 0.10673590300000001, 10845.26644667992, 0.0, 0.014285714285714285, 0.01326530612244898],
[9, 0.119469403, 10806.079698995014, 0.0, 0.00816326530612245, 0.011224489795918368],
[10, 0.132955802, 10832.132798834728, 0.030612244897959183, 0.014285714285714285, 0.012244897959183673],
[11, 0.146068303, 10803.19644272225, 0.01020408163265306, 0.006122448979591836, 0.006122448979591836],
[12, 0.16011850300000002, 10822.888346339349, 0.0, 0.00816326530612245, 0.009183673469387756],
[13, 0.17447940300000003, 10801.70370478819, 0.0, 0.012244897959183673, 0.0163265306122449],
[14, 0.18796760300000004, 10815.382125843807, 0.030612244897959183, 0.01020408163265306, 0.015306122448979591],
[15, 0.20135820300000004, 10800.12307942115, 0.02040816326530612, 0.01020408163265306, 0.014285714285714285],
[16, 0.21440220300000004, 10810.654640167517, 0.01020408163265306, 0.00816326530612245, 0.01020408163265306],
[17, 0.22781180200000004, 10799.316886084353, 0.0, 0.012244897959183673, 0.009183673469387756],
[18, 0.24172160100000004, 10806.563902859642, 0.01020408163265306, 0.006122448979591836, 0.00816326530612245],
[19, 0.25471940200000004, 10798.451626106315, 0.02040816326530612, 0.012244897959183673, 0.012244897959183673],
[20, 0.26878230300000006, 10804.08134444114, 0.0, 0.00816326530612245, 0.00510204081632653],
[21, 0.28235660200000007, 10798.129112404238, 0.02040816326530612, 0.0163265306122449, 0.015306122448979591],
[22, 0.29580750200000006, 10801.918951418558, 0.0, 0.012244897959183673, 0.012244897959183673],
[23, 0.30878990300000003, 10797.63594442724, 0.0, 0.0, 0.004081632653061225],
[24, 0.32211830300000005, 10800.669426004873, 0.01020408163265306, 0.012244897959183673, 0.014285714285714285],
[25, 0.33536340400000003, 10797.511290572598, 0.01020408163265306, 0.014285714285714285, 0.011224489795918368],
[26, 0.34904450400000003, 10799.468562257074, 0.01020408163265306, 0.006122448979591836, 0.007142857142857143],
[27, 0.36263740400000005, 10797.248897276051, 0.030612244897959183, 0.0163265306122449, 0.014285714285714285],
[28, 0.377307904, 10798.82159384794, 0.0, 0.014285714285714285, 0.011224489795918368],
[29, 0.392958004, 10797.174444977843, 0.01020408163265306, 0.00816326530612245, 0.011224489795918368],
[30, 0.40614500400000003, 10798.216595633454, 0.0, 0.014285714285714285, 0.011224489795918368],
[31, 0.41891730400000005, 10797.039989591327, 0.0, 0.014285714285714285, 0.011224489795918368],
[32, 0.43196370400000006, 10797.866677665448, 0.01020408163265306, 0.012244897959183673, 0.01020408163265306],
[33, 0.44609840300000003, 10797.013527295527, 0.01020408163265306, 0.01020408163265306, 0.009183673469387756],
[34, 0.45905710200000005, 10797.543227668353, 0.01020408163265306, 0.00816326530612245, 0.011224489795918368],
[35, 0.47199080200000004, 10796.940982331878, 0.02040816326530612, 0.00816326530612245, 0.00816326530612245],
[36, 0.48525970100000004, 10797.364542448295, 0.0, 0.01020408163265306, 0.01326530612244898],
[37, 0.505136801, 10796.917683785448, 0.0, 0.006122448979591836, 0.009183673469387756],
[38, 0.5181475010000001, 10797.201018248626, 0.04081632653061224, 0.0163265306122449, 0.014285714285714285],
[39, 0.5307381010000001, 10796.88562406209, 0.0, 0.0020408163265306124, 0.006122448979591836],
[40, 0.5438720010000001, 10797.105852331802, 0.0, 0.0163265306122449, 0.015306122448979591],
[41, 0.5581708020000001, 10796.870502982485, 0.030612244897959183, 0.01020408163265306, 0.009183673469387756],
[42, 0.5706053020000001, 10797.021101498925, 0.01020408163265306, 0.00816326530612245, 0.007142857142857143],
[43, 0.5839631020000001, 10796.853277743146, 0.0, 0.0163265306122449, 0.012244897959183673],
[44, 0.5962491020000001, 10796.970250106375, 0.02040816326530612, 0.014285714285714285, 0.014285714285714285],
[45, 0.6094299020000001, 10796.849468842185, 0.01020408163265306, 0.012244897959183673, 0.01020408163265306],
[46, 0.6218178020000001, 10796.925105445735, 0.030612244897959183, 0.022448979591836737, 0.01326530612244898],
[47, 0.6343785020000001, 10796.838382581123, 0.02040816326530612, 0.006122448979591836, 0.007142857142857143],
[48, 0.6487057020000001, 10796.899642589722, 0.01020408163265306, 0.01020408163265306, 0.00816326530612245],
[49, 0.6623508020000001, 10796.836233035656, 0.0, 0.004081632653061225, 0.00510204081632653],
[50, 0.6755315020000001, 10796.875555834014, 0.0, 0.012244897959183673, 0.014285714285714285],
[51, 0.6878764020000001, 10796.830895397823, 0.01020408163265306, 0.012244897959183673, 0.00816326530612245],
[52, 0.7006884020000002, 10796.862624583218, 0.01020408163265306, 0.00816326530612245, 0.011224489795918368],
[53, 0.7129040020000001, 10796.829267025285, 0.0, 0.014285714285714285, 0.011224489795918368],
[54, 0.7259939020000001, 10796.850150677888, 0.04081632653061224, 0.0163265306122449, 0.012244897959183673],
[55, 0.7384485010000001, 10796.82682045376, 0.0, 0.004081632653061225, 0.007142857142857143],
[56, 0.7508720010000002, 10796.843200315057, 0.01020408163265306, 0.012244897959183673, 0.011224489795918368],
[57, 0.7644531010000002, 10796.825803899837, 0.01020408163265306, 0.006122448979591836, 0.01020408163265306],
[58, 0.7766596010000002, 10796.836858644869, 0.02040816326530612, 0.018367346938775512, 0.015306122448979591],
[59, 0.7904919010000002, 10796.824517883915, 0.0, 0.0, 0.009183673469387756],
[60, 0.8034526000000002, 10796.833084974738, 0.01020408163265306, 0.014285714285714285, 0.011224489795918368],
[61, 0.8162350000000002, 10796.82406466951, 0.01020408163265306, 0.014285714285714285, 0.009183673469387756],
[62, 0.8283286000000002, 10796.829797657378, 0.0, 0.004081632653061225, 0.009183673469387756],
[63, 0.8431507000000001, 10796.823401261605, 0.01020408163265306, 0.00816326530612245, 0.014285714285714285],
[64, 0.8555493000000002, 10796.827865009076, 0.01020408163265306, 0.006122448979591836, 0.009183673469387756],
[65, 0.8683644990000001, 10796.823135618735, 0.01020408163265306, 0.00816326530612245, 0.007142857142857143],
[66, 0.8808557990000001, 10796.826138364651, 0.01020408163265306, 0.012244897959183673, 0.012244897959183673],
[67, 0.8940718980000001, 10796.82279031568, 0.01020408163265306, 0.006122448979591836, 0.01020408163265306],
[68, 0.9067919980000001, 10796.825105755903, 0.01020408163265306, 0.012244897959183673, 0.0163265306122449],
[69, 0.9204306980000001, 10796.822670303556, 0.01020408163265306, 0.01020408163265306, 0.01020408163265306],
[70, 0.9339668980000001, 10796.824214331762, 0.02040816326530612, 0.01020408163265306, 0.01020408163265306],
[71, 0.9472405990000001, 10796.82246271098, 0.01020408163265306, 0.00816326530612245, 0.014285714285714285],
[72, 0.9599738990000001, 10796.823698282462, 0.01020408163265306, 0.014285714285714285, 0.01326530612244898],
[73, 0.9731802, 10796.822404419543, 0.01020408163265306, 0.014285714285714285, 0.01020408163265306],
[74, 0.9866085, 10796.823219921085, 0.01020408163265306, 0.00816326530612245, 0.009183673469387756],
[75, 0.9998716, 10796.822305581192, 0.030612244897959183, 0.014285714285714285, 0.01020408163265306],
[76, 1.013153499, 10796.82294599583, 0.01020408163265306, 0.012244897959183673, 0.00816326530612245],
[77, 1.025588299, 10796.822272696663, 0.01020408163265306, 0.006122448979591836, 0.012244897959183673],
[78, 1.052583098, 10796.82269931087, 0.0, 0.00816326530612245, 0.006122448979591836],
[79, 1.066471698, 10796.822226145796, 0.02040816326530612, 0.006122448979591836, 0.009183673469387756],
[80, 1.079592697, 10796.822553436808, 0.0, 0.006122448979591836, 0.00510204081632653],
[81, 1.0921141970000001, 10796.822202797284, 0.02040816326530612, 0.0163265306122449, 0.011224489795918368],
[82, 1.105133396, 10796.822426384766, 0.0, 0.006122448979591836, 0.009183673469387756],
[83, 1.117347696, 10796.822175706046, 0.02040816326530612, 0.01020408163265306, 0.00816326530612245],
[84, 1.129751596, 10796.822352445459, 0.01020408163265306, 0.012244897959183673, 0.009183673469387756],
[85, 1.142202196, 10796.822169781824, 0.030612244897959183, 0.012244897959183673, 0.009183673469387756],
[86, 1.1566678959999999, 10796.822283656255, 0.01020408163265306, 0.014285714285714285, 0.01020408163265306],
[87, 1.1694301959999998, 10796.822154433235, 0.01020408163265306, 0.012244897959183673, 0.009183673469387756],
[88, 1.1823338959999998, 10796.822244733175, 0.0, 0.00816326530612245, 0.012244897959183673],
[89, 1.1950381959999998, 10796.822149667016, 0.01020408163265306, 0.00816326530612245, 0.009183673469387756],
[90, 1.2081242959999998, 10796.822210257402, 0.0, 0.004081632653061225, 0.00816326530612245],
[91, 1.2223664959999998, 10796.822142219597, 0.0, 0.00816326530612245, 0.011224489795918368],
[92, 1.2372593959999998, 10796.82218987493, 0.01020408163265306, 0.00816326530612245, 0.00816326530612245],
[93, 1.2486633959999998, 10796.822139819393, 0.04081632653061224, 0.0163265306122449, 0.01020408163265306],
[94, 1.2611928959999998, 10796.822171177162, 0.01020408163265306, 0.0163265306122449, 0.017346938775510204],
[95, 1.2738047959999999, 10796.822135804767, 0.02040816326530612, 0.01020408163265306, 0.007142857142857143],
[96, 1.2864978959999998, 10796.822161006266, 0.01020408163265306, 0.01020408163265306, 0.009183673469387756],
[97, 1.2991722959999998, 10796.822134694312, 0.030612244897959183, 0.018367346938775512, 0.015306122448979591],
[98, 1.3123413959999999, 10796.822151135815, 0.0, 0.01020408163265306, 0.01326530612244898],
[99, 1.3249608959999999, 10796.822132811198, 0.01020408163265306, 0.0163265306122449, 0.009183673469387756],
[100, 1.3377013969999998, 10796.822145499727, 0.0, 0.004081632653061225, 0.004081632653061225],
[101, 1.3498948969999998, 10796.822132062527, 0.0, 0.012244897959183673, 0.007142857142857143],
[102, 1.3624132959999997, 10796.822140523605, 0.01020408163265306, 0.0020408163265306124, 0.006122448979591836],
[103, 1.3750874959999997, 10796.822130883224, 0.030612244897959183, 0.01020408163265306, 0.01020408163265306],
[104, 1.3872319949999996, 10796.822137816105, 0.01020408163265306, 0.01020408163265306, 0.00816326530612245],
[105, 1.3997979939999996, 10796.822130645352, 0.0, 0.0163265306122449, 0.01326530612244898],
[106, 1.4125586949999995, 10796.822135075905, 0.0, 0.014285714285714285, 0.014285714285714285],
[107, 1.4258358949999996, 10796.82213006485, 0.02040816326530612, 0.01020408163265306, 0.011224489795918368],
[108, 1.4380156949999996, 10796.822133606693, 0.01020408163265306, 0.01020408163265306, 0.009183673469387756],
[109, 1.4512171949999997, 10796.82212988488, 0.02040816326530612, 0.012244897959183673, 0.009183673469387756],
[110, 1.4643104939999996, 10796.822132226325, 0.0, 0.00816326530612245, 0.01020408163265306],
[111, 1.4763884939999996, 10796.822129625958, 0.0, 0.00816326530612245, 0.011224489795918368],
[112, 1.4890559939999997, 10796.822131426923, 0.01020408163265306, 0.012244897959183673, 0.01020408163265306],
[113, 1.5075614929999996, 10796.822129498472, 0.01020408163265306, 0.012244897959183673, 0.011224489795918368],
[114, 1.5211292929999995, 10796.822130740476, 0.0, 0.0020408163265306124, 0.007142857142857143],
[115, 1.5394748929999995, 10796.822129357586, 0.0, 0.0163265306122449, 0.015306122448979591],
[116, 1.5511214929999995, 10796.822130321178, 0.0, 0.00816326530612245, 0.011224489795918368],
[117, 1.5642230929999994, 10796.822129306654, 0.0, 0.012244897959183673, 0.007142857142857143],
[118, 1.5775109939999994, 10796.822129950551, 0.01020408163265306, 0.01020408163265306, 0.009183673469387756],
[119, 1.6865036939999993, 10796.822129227807, 0.01020408163265306, 0.004081632653061225, 0.009183673469387756],
[120, 1.6989526929999994, 10796.822129735256, 0.01020408163265306, 0.012244897959183673, 0.01020408163265306],
[121, 1.7134574929999995, 10796.822129211216, 0.02040816326530612, 0.02040816326530612, 0.017346938775510204],
